//t, S_Recieving Water, t, S_Main Pond, t, S_Embayment, t, Q_Main-Embayment, t, Q_Embayment - Pond (2), t, H_Recieving Water, t, H_Main Pond, t, H_Embayment, t, E_Recieving Water, t, E_Main Pond, t, E_Embayment, t, A_Main-Embayment, t, A_Embayment - Pond (2), t, Qv_Main-Embayment, t, Qv_Embayment - Pond (2), 
0.000000, 0.000000e+000,0.000000, 2.000000e+003,0.000000, 1.000000e+003,0.000000, 0.000000e+000,0.000000, 8.000000e+000,0.000000, 0.000000e+000,0.000000, 2.000000e+000,0.000000, 2.000000e+000,0.000000, 0.000000e+000,0.000000, 0.000000e+000,0.000000, 0.000000e+000,0.000000, 6.000000e+001,0.000000, 0.000000e+000,0.000000, 0.000000e+000,0.000000, 0.000000e+000,
0.010000, 6.410615e-002,0.010000, 1.999975e+003,0.010000, 9.999852e+002,0.010000, 6.331587e+000,0.010000, 7.997637e+000,0.010000, 6.410634e-006,0.010000, 1.999975e+000,0.010000, 1.999970e+000,0.010000, 0.000000e+000,0.010000, 0.000000e+000,0.010000, 0.000000e+000,0.010000, 5.999918e+001,0.010000, 0.000000e+000,0.010000, 0.000000e+000,0.010000, 0.000000e+000,
0.020000, 1.280787e-001,0.020000, 1.999948e+003,0.020000, 9.999719e+002,0.020000, 6.331330e+000,0.020000, 7.995505e+000,0.020000, 1.280789e-005,0.020000, 1.999948e+000,0.020000, 1.999944e+000,0.020000, 0.000000e+000,0.020000, 0.000000e+000,0.020000, 0.000000e+000,0.020000, 5.999838e+001,0.020000, 0.000000e+000,0.020000, 0.000000e+000,0.020000, 0.000000e+000,
0.030000, 1.920336e-001,0.030000, 1.999921e+003,0.030000, 9.999586e+002,0.030000, 6.329085e+000,0.030000, 7.993375e+000,0.030000, 1.920338e-005,0.030000, 1.999921e+000,0.030000, 1.999917e+000,0.030000, 0.000000e+000,0.030000, 0.000000e+000,0.030000, 0.000000e+000,0.030000, 5.999758e+001,0.030000, 0.000000e+000,0.030000, 0.000000e+000,0.030000, 0.000000e+000,
0.040000, 2.632868e-001,0.040000, 1.999892e+003,0.040000, 9.999438e+002,0.040000, 6.327450e+000,0.040000, 7.991003e+000,0.040000, 2.632869e-005,0.040000, 1.999892e+000,0.040000, 1.999888e+000,0.040000, 0.000000e+000,0.040000, 0.000000e+000,0.040000, 0.000000e+000,0.040000, 5.999669e+001,0.040000, 0.000000e+000,0.040000, 0.000000e+000,0.040000, 0.000000e+000,
0.050000, 3.359212e-001,0.050000, 1.999862e+003,0.050000, 9.999286e+002,0.050000, 6.326046e+000,0.050000, 7.988585e+000,0.050000, 3.359216e-005,0.050000, 1.999862e+000,0.050000, 1.999857e+000,0.050000, 0.000000e+000,0.050000, 0.000000e+000,0.050000, 0.000000e+000,0.050000, 5.999578e+001,0.050000, 0.000000e+000,0.050000, 0.000000e+000,0.050000, 0.000000e+000,
0.060000, 4.085337e-001,0.060000, 1.999831e+003,0.060000, 9.999135e+002,0.060000, 6.323972e+000,0.060000, 7.986169e+000,0.060000, 4.085339e-005,0.060000, 1.999831e+000,0.060000, 1.999827e+000,0.060000, 0.000000e+000,0.060000, 0.000000e+000,0.060000, 0.000000e+000,0.060000, 5.999487e+001,0.060000, 0.000000e+000,0.060000, 0.000000e+000,0.060000, 0.000000e+000,
0.070000, 4.811242e-001,0.070000, 1.999801e+003,0.070000, 9.998984e+002,0.070000, 6.322978e+000,0.070000, 7.983755e+000,0.070000, 4.811243e-005,0.070000, 1.999801e+000,0.070000, 1.999797e+000,0.070000, 0.000000e+000,0.070000, 0.000000e+000,0.070000, 0.000000e+000,0.070000, 5.999397e+001,0.070000, 0.000000e+000,0.070000, 0.000000e+000,0.070000, 0.000000e+000,
0.080000, 5.536929e-001,0.080000, 1.999771e+003,0.080000, 9.998833e+002,0.080000, 6.321497e+000,0.080000, 7.981342e+000,0.080000, 5.536934e-005,0.080000, 1.999771e+000,0.080000, 1.999767e+000,0.080000, 0.000000e+000,0.080000, 0.000000e+000,0.080000, 0.000000e+000,0.080000, 5.999306e+001,0.080000, 0.000000e+000,0.080000, 0.000000e+000,0.080000, 0.000000e+000,
0.090000, 6.262389e-001,0.090000, 1.999741e+003,0.090000, 9.998682e+002,0.090000, 6.319298e+000,0.090000, 7.978931e+000,0.090000, 6.262400e-005,0.090000, 1.999741e+000,0.090000, 1.999736e+000,0.090000, 0.000000e+000,0.090000, 0.000000e+000,0.090000, 0.000000e+000,0.090000, 5.999216e+001,0.090000, 0.000000e+000,0.090000, 0.000000e+000,0.090000, 0.000000e+000,
0.100000, 6.987636e-001,0.100000, 1.999711e+003,0.100000, 9.998532e+002,0.100000, 6.318595e+000,0.100000, 7.976521e+000,0.100000, 6.987636e-005,0.100000, 1.999711e+000,0.100000, 1.999706e+000,0.100000, 0.000000e+000,0.100000, 0.000000e+000,0.100000, 0.000000e+000,0.100000, 5.999125e+001,0.100000, 0.000000e+000,0.100000, 0.000000e+000,0.100000, 0.000000e+000,
0.110000, 7.712656e-001,0.110000, 1.999680e+003,0.110000, 9.998381e+002,0.110000, 6.316633e+000,0.110000, 7.974113e+000,0.110000, 7.712656e-005,0.110000, 1.999680e+000,0.110000, 1.999676e+000,0.110000, 0.000000e+000,0.110000, 0.000000e+000,0.110000, 0.000000e+000,0.110000, 5.999035e+001,0.110000, 0.000000e+000,0.110000, 0.000000e+000,0.110000, 0.000000e+000,
0.120000, 8.437465e-001,0.120000, 1.999650e+003,0.120000, 9.998230e+002,0.120000, 6.313471e+000,0.120000, 7.971706e+000,0.120000, 8.437470e-005,0.120000, 1.999650e+000,0.120000, 1.999646e+000,0.120000, 0.000000e+000,0.120000, 0.000000e+000,0.120000, 0.000000e+000,0.120000, 5.998944e+001,0.120000, 0.000000e+000,0.120000, 0.000000e+000,0.120000, 0.000000e+000,
0.130000, 9.162054e-001,0.130000, 1.999620e+003,0.130000, 9.998079e+002,0.130000, 6.314722e+000,0.130000, 7.969302e+000,0.130000, 9.162070e-005,0.130000, 1.999620e+000,0.130000, 1.999616e+000,0.130000, 0.000000e+000,0.130000, 0.000000e+000,0.130000, 0.000000e+000,0.130000, 5.998854e+001,0.130000, 0.000000e+000,0.130000, 0.000000e+000,0.130000, 0.000000e+000,
0.140000, 9.926725e-001,0.140000, 1.999588e+003,0.140000, 9.997921e+002,0.140000, 6.310634e+000,0.140000, 7.966765e+000,0.140000, 9.926730e-005,0.140000, 1.999588e+000,0.140000, 1.999584e+000,0.140000, 0.000000e+000,0.140000, 0.000000e+000,0.140000, 0.000000e+000,0.140000, 5.998759e+001,0.140000, 0.000000e+000,0.140000, 0.000000e+000,0.140000, 0.000000e+000,
0.150000, 1.071864e+000,0.150000, 1.999555e+003,0.150000, 9.997756e+002,0.150000, 6.312780e+000,0.150000, 7.964139e+000,0.150000, 1.071864e-004,0.150000, 1.999555e+000,0.150000, 1.999551e+000,0.150000, 0.000000e+000,0.150000, 0.000000e+000,0.150000, 0.000000e+000,0.150000, 5.998660e+001,0.150000, 0.000000e+000,0.150000, 0.000000e+000,0.150000, 0.000000e+000,
0.160000, 1.154973e+000,0.160000, 1.999521e+003,0.160000, 9.997584e+002,0.160000, 6.306017e+000,0.160000, 7.961385e+000,0.160000, 1.154973e-004,0.160000, 1.999521e+000,0.160000, 1.999517e+000,0.160000, 0.000000e+000,0.160000, 0.000000e+000,0.160000, 0.000000e+000,0.160000, 5.998557e+001,0.160000, 0.000000e+000,0.160000, 0.000000e+000,0.160000, 0.000000e+000,
0.170000, 1.232082e+000,0.170000, 1.999489e+003,0.170000, 9.997424e+002,0.170000, 6.309106e+000,0.170000, 7.958830e+000,0.170000, 1.232082e-004,0.170000, 1.999489e+000,0.170000, 1.999485e+000,0.170000, 0.000000e+000,0.170000, 0.000000e+000,0.170000, 0.000000e+000,0.170000, 5.998460e+001,0.170000, 0.000000e+000,0.170000, 0.000000e+000,0.170000, 0.000000e+000,
0.180000, 1.310670e+000,0.180000, 1.999456e+003,0.180000, 9.997260e+002,0.180000, 6.303587e+000,0.180000, 7.956227e+000,0.180000, 1.310673e-004,0.180000, 1.999456e+000,0.180000, 1.999452e+000,0.180000, 0.000000e+000,0.180000, 0.000000e+000,0.180000, 0.000000e+000,0.180000, 5.998363e+001,0.180000, 0.000000e+000,0.180000, 0.000000e+000,0.180000, 0.000000e+000,
0.190000, 1.390219e+000,0.190000, 1.999423e+003,0.190000, 9.997095e+002,0.190000, 6.305613e+000,0.190000, 7.953594e+000,0.190000, 1.390220e-004,0.190000, 1.999423e+000,0.190000, 1.999419e+000,0.190000, 0.000000e+000,0.190000, 0.000000e+000,0.190000, 0.000000e+000,0.190000, 5.998264e+001,0.190000, 0.000000e+000,0.190000, 0.000000e+000,0.190000, 0.000000e+000,
0.200000, 1.469742e+000,0.200000, 1.999390e+003,0.200000, 9.996931e+002,0.200000, 6.300236e+000,0.200000, 7.950963e+000,0.200000, 1.469742e-004,0.200000, 1.999390e+000,0.200000, 1.999386e+000,0.200000, 0.000000e+000,0.200000, 0.000000e+000,0.200000, 0.000000e+000,0.200000, 5.998165e+001,0.200000, 0.000000e+000,0.200000, 0.000000e+000,0.200000, 0.000000e+000,
0.210000, 1.549238e+000,0.210000, 1.999357e+003,0.210000, 9.996766e+002,0.210000, 6.302445e+000,0.210000, 7.948334e+000,0.210000, 1.549238e-004,0.210000, 1.999357e+000,0.210000, 1.999353e+000,0.210000, 0.000000e+000,0.210000, 0.000000e+000,0.210000, 0.000000e+000,0.210000, 5.998066e+001,0.210000, 0.000000e+000,0.210000, 0.000000e+000,0.210000, 0.000000e+000,
0.220000, 1.628708e+000,0.220000, 1.999324e+003,0.220000, 9.996601e+002,0.220000, 6.296296e+000,0.220000, 7.945708e+000,0.220000, 1.628708e-004,0.220000, 1.999324e+000,0.220000, 1.999320e+000,0.220000, 0.000000e+000,0.220000, 0.000000e+000,0.220000, 0.000000e+000,0.220000, 5.997967e+001,0.220000, 0.000000e+000,0.220000, 0.000000e+000,0.220000, 0.000000e+000,
0.230000, 1.702509e+000,0.230000, 1.999294e+003,0.230000, 9.996448e+002,0.230000, 6.297079e+000,0.230000, 7.943270e+000,0.230000, 1.702509e-004,0.230000, 1.999294e+000,0.230000, 1.999290e+000,0.230000, 0.000000e+000,0.230000, 0.000000e+000,0.230000, 0.000000e+000,0.230000, 5.997875e+001,0.230000, 0.000000e+000,0.230000, 0.000000e+000,0.230000, 0.000000e+000,
0.240000, 1.774710e+000,0.240000, 1.999264e+003,0.240000, 9.996299e+002,0.240000, 6.296330e+000,0.240000, 7.940887e+000,0.240000, 1.774710e-004,0.240000, 1.999264e+000,0.240000, 1.999260e+000,0.240000, 0.000000e+000,0.240000, 0.000000e+000,0.240000, 0.000000e+000,0.240000, 5.997785e+001,0.240000, 0.000000e+000,0.240000, 0.000000e+000,0.240000, 0.000000e+000,
0.250000, 1.846889e+000,0.250000, 1.999234e+003,0.250000, 9.996149e+002,0.250000, 6.296111e+000,0.250000, 7.938505e+000,0.250000, 1.846889e-004,0.250000, 1.999234e+000,0.250000, 1.999230e+000,0.250000, 0.000000e+000,0.250000, 0.000000e+000,0.250000, 0.000000e+000,0.250000, 5.997696e+001,0.250000, 0.000000e+000,0.250000, 0.000000e+000,0.250000, 0.000000e+000,
0.260000, 1.919046e+000,0.260000, 1.999204e+003,0.260000, 9.996000e+002,0.260000, 6.294096e+000,0.260000, 7.936126e+000,0.260000, 1.919046e-004,0.260000, 1.999204e+000,0.260000, 1.999200e+000,0.260000, 0.000000e+000,0.260000, 0.000000e+000,0.260000, 0.000000e+000,0.260000, 5.997606e+001,0.260000, 0.000000e+000,0.260000, 0.000000e+000,0.260000, 0.000000e+000,
0.270000, 1.991181e+000,0.270000, 1.999174e+003,0.270000, 9.995851e+002,0.270000, 6.293145e+000,0.270000, 7.933749e+000,0.270000, 1.991182e-004,0.270000, 1.999174e+000,0.270000, 1.999170e+000,0.270000, 0.000000e+000,0.270000, 0.000000e+000,0.270000, 0.000000e+000,0.270000, 5.997517e+001,0.270000, 0.000000e+000,0.270000, 0.000000e+000,0.270000, 0.000000e+000,
0.280000, 2.063296e+000,0.280000, 1.999145e+003,0.280000, 9.995702e+002,0.280000, 6.292217e+000,0.280000, 7.931373e+000,0.280000, 2.063296e-004,0.280000, 1.999145e+000,0.280000, 1.999140e+000,0.280000, 0.000000e+000,0.280000, 0.000000e+000,0.280000, 0.000000e+000,0.280000, 5.997427e+001,0.280000, 0.000000e+000,0.280000, 0.000000e+000,0.280000, 0.000000e+000,
0.290000, 2.135388e+000,0.290000, 1.999115e+003,0.290000, 9.995553e+002,0.290000, 6.291097e+000,0.290000, 7.929000e+000,0.290000, 2.135389e-004,0.290000, 1.999115e+000,0.290000, 1.999111e+000,0.290000, 0.000000e+000,0.290000, 0.000000e+000,0.290000, 0.000000e+000,0.290000, 5.997338e+001,0.290000, 0.000000e+000,0.290000, 0.000000e+000,0.290000, 0.000000e+000,
0.300000, 2.207460e+000,0.300000, 1.999085e+003,0.300000, 9.995404e+002,0.300000, 6.288611e+000,0.300000, 7.926629e+000,0.300000, 2.207460e-004,0.300000, 1.999085e+000,0.300000, 1.999081e+000,0.300000, 0.000000e+000,0.300000, 0.000000e+000,0.300000, 0.000000e+000,0.300000, 5.997249e+001,0.300000, 0.000000e+000,0.300000, 0.000000e+000,0.300000, 0.000000e+000,
0.310000, 2.279509e+000,0.310000, 1.999055e+003,0.310000, 9.995255e+002,0.310000, 6.289447e+000,0.310000, 7.924259e+000,0.310000, 2.279510e-004,0.310000, 1.999055e+000,0.310000, 1.999051e+000,0.310000, 0.000000e+000,0.310000, 0.000000e+000,0.310000, 0.000000e+000,0.310000, 5.997159e+001,0.310000, 0.000000e+000,0.310000, 0.000000e+000,0.310000, 0.000000e+000,
0.320000, 2.351820e+000,0.320000, 1.999025e+003,0.320000, 9.995106e+002,0.320000, 6.286884e+000,0.320000, 7.921883e+000,0.320000, 2.351822e-004,0.320000, 1.999025e+000,0.320000, 1.999021e+000,0.320000, 0.000000e+000,0.320000, 0.000000e+000,0.320000, 0.000000e+000,0.320000, 5.997070e+001,0.320000, 0.000000e+000,0.320000, 0.000000e+000,0.320000, 0.000000e+000,
0.330000, 2.429892e+000,0.330000, 1.998993e+003,0.330000, 9.994945e+002,0.330000, 6.285629e+000,0.330000, 7.919320e+000,0.330000, 2.429892e-004,0.330000, 1.998993e+000,0.330000, 1.998989e+000,0.330000, 0.000000e+000,0.330000, 0.000000e+000,0.330000, 0.000000e+000,0.330000, 5.996973e+001,0.330000, 0.000000e+000,0.330000, 0.000000e+000,0.330000, 0.000000e+000,
0.340000, 2.509072e+000,0.340000, 1.998961e+003,0.340000, 9.994781e+002,0.340000, 6.286691e+000,0.340000, 7.916722e+000,0.340000, 2.509072e-004,0.340000, 1.998961e+000,0.340000, 1.998956e+000,0.340000, 0.000000e+000,0.340000, 0.000000e+000,0.340000, 0.000000e+000,0.340000, 5.996875e+001,0.340000, 0.000000e+000,0.340000, 0.000000e+000,0.340000, 0.000000e+000,
0.350000, 2.588226e+000,0.350000, 1.998928e+003,0.350000, 9.994618e+002,0.350000, 6.283564e+000,0.350000, 7.914127e+000,0.350000, 2.588226e-004,0.350000, 1.998928e+000,0.350000, 1.998924e+000,0.350000, 0.000000e+000,0.350000, 0.000000e+000,0.350000, 0.000000e+000,0.350000, 5.996777e+001,0.350000, 0.000000e+000,0.350000, 0.000000e+000,0.350000, 0.000000e+000,
0.360000, 2.667355e+000,0.360000, 1.998895e+003,0.360000, 9.994456e+002,0.360000, 6.284600e+000,0.360000, 7.911535e+000,0.360000, 2.667355e-004,0.360000, 1.998895e+000,0.360000, 1.998891e+000,0.360000, 0.000000e+000,0.360000, 0.000000e+000,0.360000, 0.000000e+000,0.360000, 5.996680e+001,0.360000, 0.000000e+000,0.360000, 0.000000e+000,0.360000, 0.000000e+000,
0.370000, 2.746457e+000,0.370000, 1.998863e+003,0.370000, 9.994293e+002,0.370000, 6.281573e+000,0.370000, 7.908947e+000,0.370000, 2.746457e-004,0.370000, 1.998863e+000,0.370000, 1.998859e+000,0.370000, 0.000000e+000,0.370000, 0.000000e+000,0.370000, 0.000000e+000,0.370000, 5.996582e+001,0.370000, 0.000000e+000,0.370000, 0.000000e+000,0.370000, 0.000000e+000,
0.380000, 2.825534e+000,0.380000, 1.998830e+003,0.380000, 9.994130e+002,0.380000, 6.283541e+000,0.380000, 7.906360e+000,0.380000, 2.825534e-004,0.380000, 1.998830e+000,0.380000, 1.998826e+000,0.380000, 0.000000e+000,0.380000, 0.000000e+000,0.380000, 0.000000e+000,0.380000, 5.996485e+001,0.380000, 0.000000e+000,0.380000, 0.000000e+000,0.380000, 0.000000e+000,
0.390000, 2.904584e+000,0.390000, 1.998798e+003,0.390000, 9.993968e+002,0.390000, 6.278286e+000,0.390000, 7.903778e+000,0.390000, 2.904584e-004,0.390000, 1.998798e+000,0.390000, 1.998794e+000,0.390000, 0.000000e+000,0.390000, 0.000000e+000,0.390000, 0.000000e+000,0.390000, 5.996387e+001,0.390000, 0.000000e+000,0.390000, 0.000000e+000,0.390000, 0.000000e+000,
0.400000, 2.983609e+000,0.400000, 1.998765e+003,0.400000, 9.993806e+002,0.400000, 6.281429e+000,0.400000, 7.901197e+000,0.400000, 2.983609e-004,0.400000, 1.998765e+000,0.400000, 1.998761e+000,0.400000, 0.000000e+000,0.400000, 0.000000e+000,0.400000, 0.000000e+000,0.400000, 5.996290e+001,0.400000, 0.000000e+000,0.400000, 0.000000e+000,0.400000, 0.000000e+000,
0.410000, 3.062608e+000,0.410000, 1.998733e+003,0.410000, 9.993643e+002,0.410000, 6.274979e+000,0.410000, 7.898620e+000,0.410000, 3.062608e-004,0.410000, 1.998733e+000,0.410000, 1.998729e+000,0.410000, 0.000000e+000,0.410000, 0.000000e+000,0.410000, 0.000000e+000,0.410000, 5.996192e+001,0.410000, 0.000000e+000,0.410000, 0.000000e+000,0.410000, 0.000000e+000,
0.420000, 3.141582e+000,0.420000, 1.998701e+003,0.420000, 9.993482e+002,0.420000, 6.281969e+000,0.420000, 7.896046e+000,0.420000, 3.141582e-004,0.420000, 1.998701e+000,0.420000, 1.998696e+000,0.420000, 0.000000e+000,0.420000, 0.000000e+000,0.420000, 0.000000e+000,0.420000, 5.996095e+001,0.420000, 0.000000e+000,0.420000, 0.000000e+000,0.420000, 0.000000e+000,
0.430000, 3.220529e+000,0.430000, 1.998668e+003,0.430000, 9.993320e+002,0.430000, 6.273949e+000,0.430000, 7.893476e+000,0.430000, 3.220529e-004,0.430000, 1.998668e+000,0.430000, 1.998664e+000,0.430000, 0.000000e+000,0.430000, 0.000000e+000,0.430000, 0.000000e+000,0.430000, 5.995998e+001,0.430000, 0.000000e+000,0.430000, 0.000000e+000,0.430000, 0.000000e+000,
0.440000, 3.299451e+000,0.440000, 1.998636e+003,0.440000, 9.993158e+002,0.440000, 6.281725e+000,0.440000, 7.890910e+000,0.440000, 3.299451e-004,0.440000, 1.998636e+000,0.440000, 1.998632e+000,0.440000, 0.000000e+000,0.440000, 0.000000e+000,0.440000, 0.000000e+000,0.440000, 5.995901e+001,0.440000, 0.000000e+000,0.440000, 0.000000e+000,0.440000, 0.000000e+000,
0.450000, 3.378347e+000,0.450000, 1.998604e+003,0.450000, 9.992997e+002,0.450000, 6.270323e+000,0.450000, 7.888347e+000,0.450000, 3.378347e-004,0.450000, 1.998604e+000,0.450000, 1.998599e+000,0.450000, 0.000000e+000,0.450000, 0.000000e+000,0.450000, 0.000000e+000,0.450000, 5.995805e+001,0.450000, 0.000000e+000,0.450000, 0.000000e+000,0.450000, 0.000000e+000,
0.460000, 3.457218e+000,0.460000, 1.998571e+003,0.460000, 9.992836e+002,0.460000, 6.283597e+000,0.460000, 7.885788e+000,0.460000, 3.457218e-004,0.460000, 1.998571e+000,0.460000, 1.998567e+000,0.460000, 0.000000e+000,0.460000, 0.000000e+000,0.460000, 0.000000e+000,0.460000, 5.995708e+001,0.460000, 0.000000e+000,0.460000, 0.000000e+000,0.460000, 0.000000e+000,
0.470000, 3.536063e+000,0.470000, 1.998539e+003,0.470000, 9.992675e+002,0.470000, 6.266059e+000,0.470000, 7.883233e+000,0.470000, 3.536063e-004,0.470000, 1.998539e+000,0.470000, 1.998535e+000,0.470000, 0.000000e+000,0.470000, 0.000000e+000,0.470000, 0.000000e+000,0.470000, 5.995611e+001,0.470000, 0.000000e+000,0.470000, 0.000000e+000,0.470000, 0.000000e+000,
0.480000, 3.614883e+000,0.480000, 1.998507e+003,0.480000, 9.992515e+002,0.480000, 6.285183e+000,0.480000, 7.880680e+000,0.480000, 3.614883e-004,0.480000, 1.998507e+000,0.480000, 1.998503e+000,0.480000, 0.000000e+000,0.480000, 0.000000e+000,0.480000, 0.000000e+000,0.480000, 5.995515e+001,0.480000, 0.000000e+000,0.480000, 0.000000e+000,0.480000, 0.000000e+000,
0.490000, 3.693677e+000,0.490000, 1.998475e+003,0.490000, 9.992354e+002,0.490000, 6.263143e+000,0.490000, 7.878132e+000,0.490000, 3.693680e-004,0.490000, 1.998475e+000,0.490000, 1.998471e+000,0.490000, 0.000000e+000,0.490000, 0.000000e+000,0.490000, 0.000000e+000,0.490000, 5.995419e+001,0.490000, 0.000000e+000,0.490000, 0.000000e+000,0.490000, 0.000000e+000,
0.500000, 3.772445e+000,0.500000, 1.998443e+003,0.500000, 9.992194e+002,0.500000, 6.285547e+000,0.500000, 7.875587e+000,0.500000, 3.772448e-004,0.500000, 1.998443e+000,0.500000, 1.998439e+000,0.500000, 0.000000e+000,0.500000, 0.000000e+000,0.500000, 0.000000e+000,0.500000, 5.995323e+001,0.500000, 0.000000e+000,0.500000, 0.000000e+000,0.500000, 0.000000e+000,
0.510000, 3.851188e+000,0.510000, 1.998411e+003,0.510000, 9.992034e+002,0.510000, 6.262547e+000,0.510000, 7.873047e+000,0.510000, 3.851188e-004,0.510000, 1.998411e+000,0.510000, 1.998407e+000,0.510000, 0.000000e+000,0.510000, 0.000000e+000,0.510000, 0.000000e+000,0.510000, 5.995227e+001,0.510000, 0.000000e+000,0.510000, 0.000000e+000,0.510000, 0.000000e+000,
0.520000, 3.929906e+000,0.520000, 1.998379e+003,0.520000, 9.991874e+002,0.520000, 6.282085e+000,0.520000, 7.870509e+000,0.520000, 3.929906e-004,0.520000, 1.998379e+000,0.520000, 1.998375e+000,0.520000, 0.000000e+000,0.520000, 0.000000e+000,0.520000, 0.000000e+000,0.520000, 5.995131e+001,0.520000, 0.000000e+000,0.520000, 0.000000e+000,0.520000, 0.000000e+000,
0.530000, 4.008599e+000,0.530000, 1.998347e+003,0.530000, 9.991714e+002,0.530000, 6.265210e+000,0.530000, 7.867977e+000,0.530000, 4.008599e-004,0.530000, 1.998347e+000,0.530000, 1.998343e+000,0.530000, 0.000000e+000,0.530000, 0.000000e+000,0.530000, 0.000000e+000,0.530000, 5.995035e+001,0.530000, 0.000000e+000,0.530000, 0.000000e+000,0.530000, 0.000000e+000,
0.540000, 4.087266e+000,0.540000, 1.998315e+003,0.540000, 9.991555e+002,0.540000, 6.282441e+000,0.540000, 7.865449e+000,0.540000, 4.087266e-004,0.540000, 1.998315e+000,0.540000, 1.998311e+000,0.540000, 0.000000e+000,0.540000, 0.000000e+000,0.540000, 0.000000e+000,0.540000, 5.994939e+001,0.540000, 0.000000e+000,0.540000, 0.000000e+000,0.540000, 0.000000e+000,
0.550000, 4.165908e+000,0.550000, 1.998283e+003,0.550000, 9.991396e+002,0.550000, 6.265807e+000,0.550000, 7.862926e+000,0.550000, 4.165908e-004,0.550000, 1.998283e+000,0.550000, 1.998279e+000,0.550000, 0.000000e+000,0.550000, 0.000000e+000,0.550000, 0.000000e+000,0.550000, 5.994844e+001,0.550000, 0.000000e+000,0.550000, 0.000000e+000,0.550000, 0.000000e+000,
0.560000, 4.244524e+000,0.560000, 1.998252e+003,0.560000, 9.991237e+002,0.560000, 6.279288e+000,0.560000, 7.860407e+000,0.560000, 4.244524e-004,0.560000, 1.998252e+000,0.560000, 1.998247e+000,0.560000, 0.000000e+000,0.560000, 0.000000e+000,0.560000, 0.000000e+000,0.560000, 5.994749e+001,0.560000, 0.000000e+000,0.560000, 0.000000e+000,0.560000, 0.000000e+000,
0.570000, 4.323116e+000,0.570000, 1.998220e+003,0.570000, 9.991078e+002,0.570000, 6.268051e+000,0.570000, 7.857893e+000,0.570000, 4.323116e-004,0.570000, 1.998220e+000,0.570000, 1.998216e+000,0.570000, 0.000000e+000,0.570000, 0.000000e+000,0.570000, 0.000000e+000,0.570000, 5.994653e+001,0.570000, 0.000000e+000,0.570000, 0.000000e+000,0.570000, 0.000000e+000,
0.580000, 4.401682e+000,0.580000, 1.998188e+003,0.580000, 9.990920e+002,0.580000, 6.278329e+000,0.580000, 7.855382e+000,0.580000, 4.401685e-004,0.580000, 1.998188e+000,0.580000, 1.998184e+000,0.580000, 0.000000e+000,0.580000, 0.000000e+000,0.580000, 0.000000e+000,0.580000, 5.994558e+001,0.580000, 0.000000e+000,0.580000, 0.000000e+000,0.580000, 0.000000e+000,
0.590000, 4.480224e+000,0.590000, 1.998157e+003,0.590000, 9.990762e+002,0.590000, 6.269287e+000,0.590000, 7.852877e+000,0.590000, 4.480224e-004,0.590000, 1.998157e+000,0.590000, 1.998152e+000,0.590000, 0.000000e+000,0.590000, 0.000000e+000,0.590000, 0.000000e+000,0.590000, 5.994464e+001,0.590000, 0.000000e+000,0.590000, 0.000000e+000,0.590000, 0.000000e+000,
0.600000, 4.558740e+000,0.600000, 1.998125e+003,0.600000, 9.990604e+002,0.600000, 6.278258e+000,0.600000, 7.850375e+000,0.600000, 4.558740e-004,0.600000, 1.998125e+000,0.600000, 1.998121e+000,0.600000, 0.000000e+000,0.600000, 0.000000e+000,0.600000, 0.000000e+000,0.600000, 5.994369e+001,0.600000, 0.000000e+000,0.600000, 0.000000e+000,0.600000, 0.000000e+000,
0.610000, 4.637231e+000,0.610000, 1.998094e+003,0.610000, 9.990447e+002,0.610000, 6.269485e+000,0.610000, 7.847879e+000,0.610000, 4.637231e-004,0.610000, 1.998094e+000,0.610000, 1.998089e+000,0.610000, 0.000000e+000,0.610000, 0.000000e+000,0.610000, 0.000000e+000,0.610000, 5.994274e+001,0.610000, 0.000000e+000,0.610000, 0.000000e+000,0.610000, 0.000000e+000,
0.620000, 4.715697e+000,0.620000, 1.998062e+003,0.620000, 9.990290e+002,0.620000, 6.280009e+000,0.620000, 7.845387e+000,0.620000, 4.715698e-004,0.620000, 1.998062e+000,0.620000, 1.998058e+000,0.620000, 0.000000e+000,0.620000, 0.000000e+000,0.620000, 0.000000e+000,0.620000, 5.994180e+001,0.620000, 0.000000e+000,0.620000, 0.000000e+000,0.620000, 0.000000e+000,
0.630000, 4.794139e+000,0.630000, 1.998031e+003,0.630000, 9.990133e+002,0.630000, 6.270658e+000,0.630000, 7.842901e+000,0.630000, 4.794142e-004,0.630000, 1.998031e+000,0.630000, 1.998027e+000,0.630000, 0.000000e+000,0.630000, 0.000000e+000,0.630000, 0.000000e+000,0.630000, 5.994086e+001,0.630000, 0.000000e+000,0.630000, 0.000000e+000,0.630000, 0.000000e+000,
0.640000, 4.872555e+000,0.640000, 1.997999e+003,0.640000, 9.989976e+002,0.640000, 6.280633e+000,0.640000, 7.840421e+000,0.640000, 4.872555e-004,0.640000, 1.997999e+000,0.640000, 1.997995e+000,0.640000, 0.000000e+000,0.640000, 0.000000e+000,0.640000, 0.000000e+000,0.640000, 5.993992e+001,0.640000, 0.000000e+000,0.640000, 0.000000e+000,0.640000, 0.000000e+000,
0.650000, 4.950947e+000,0.650000, 1.997968e+003,0.650000, 9.989820e+002,0.650000, 6.272118e+000,0.650000, 7.837946e+000,0.650000, 4.950947e-004,0.650000, 1.997968e+000,0.650000, 1.997964e+000,0.650000, 0.000000e+000,0.650000, 0.000000e+000,0.650000, 0.000000e+000,0.650000, 5.993898e+001,0.650000, 0.000000e+000,0.650000, 0.000000e+000,0.650000, 0.000000e+000,
0.660000, 5.029314e+000,0.660000, 1.997937e+003,0.660000, 9.989664e+002,0.660000, 6.281849e+000,0.660000, 7.835476e+000,0.660000, 5.029314e-004,0.660000, 1.997937e+000,0.660000, 1.997933e+000,0.660000, 0.000000e+000,0.660000, 0.000000e+000,0.660000, 0.000000e+000,0.660000, 5.993805e+001,0.660000, 0.000000e+000,0.660000, 0.000000e+000,0.660000, 0.000000e+000,
0.670000, 5.107657e+000,0.670000, 1.997906e+003,0.670000, 9.989508e+002,0.670000, 6.272220e+000,0.670000, 7.833012e+000,0.670000, 5.107657e-004,0.670000, 1.997906e+000,0.670000, 1.997902e+000,0.670000, 0.000000e+000,0.670000, 0.000000e+000,0.670000, 0.000000e+000,0.670000, 5.993711e+001,0.670000, 0.000000e+000,0.670000, 0.000000e+000,0.670000, 0.000000e+000,
0.680000, 5.185975e+000,0.680000, 1.997875e+003,0.680000, 9.989353e+002,0.680000, 6.286554e+000,0.680000, 7.830552e+000,0.680000, 5.185975e-004,0.680000, 1.997875e+000,0.680000, 1.997871e+000,0.680000, 0.000000e+000,0.680000, 0.000000e+000,0.680000, 0.000000e+000,0.680000, 5.993618e+001,0.680000, 0.000000e+000,0.680000, 0.000000e+000,0.680000, 0.000000e+000,
0.690000, 5.264268e+000,0.690000, 1.997844e+003,0.690000, 9.989198e+002,0.690000, 6.271629e+000,0.690000, 7.828099e+000,0.690000, 5.264268e-004,0.690000, 1.997844e+000,0.690000, 1.997840e+000,0.690000, 0.000000e+000,0.690000, 0.000000e+000,0.690000, 0.000000e+000,0.690000, 5.993525e+001,0.690000, 0.000000e+000,0.690000, 0.000000e+000,0.690000, 0.000000e+000,
0.700000, 5.342537e+000,0.700000, 1.997813e+003,0.700000, 9.989043e+002,0.700000, 6.286823e+000,0.700000, 7.825650e+000,0.700000, 5.342537e-004,0.700000, 1.997813e+000,0.700000, 1.997809e+000,0.700000, 0.000000e+000,0.700000, 0.000000e+000,0.700000, 0.000000e+000,0.700000, 5.993432e+001,0.700000, 0.000000e+000,0.700000, 0.000000e+000,0.700000, 0.000000e+000,
0.710000, 5.420781e+000,0.710000, 1.997782e+003,0.710000, 9.988889e+002,0.710000, 6.274879e+000,0.710000, 7.823208e+000,0.710000, 5.420781e-004,0.710000, 1.997782e+000,0.710000, 1.997778e+000,0.710000, 0.000000e+000,0.710000, 0.000000e+000,0.710000, 0.000000e+000,0.710000, 5.993340e+001,0.710000, 0.000000e+000,0.710000, 0.000000e+000,0.710000, 0.000000e+000,
0.720000, 5.499001e+000,0.720000, 1.997751e+003,0.720000, 9.988735e+002,0.720000, 6.288410e+000,0.720000, 7.820771e+000,0.720000, 5.499001e-004,0.720000, 1.997751e+000,0.720000, 1.997747e+000,0.720000, 0.000000e+000,0.720000, 0.000000e+000,0.720000, 0.000000e+000,0.720000, 5.993247e+001,0.720000, 0.000000e+000,0.720000, 0.000000e+000,0.720000, 0.000000e+000,
0.730000, 5.577196e+000,0.730000, 1.997720e+003,0.730000, 9.988581e+002,0.730000, 6.278723e+000,0.730000, 7.818341e+000,0.730000, 5.577196e-004,0.730000, 1.997720e+000,0.730000, 1.997716e+000,0.730000, 0.000000e+000,0.730000, 0.000000e+000,0.730000, 0.000000e+000,0.730000, 5.993155e+001,0.730000, 0.000000e+000,0.730000, 0.000000e+000,0.730000, 0.000000e+000,
0.740000, 5.655368e+000,0.740000, 1.997690e+003,0.740000, 9.988428e+002,0.740000, 6.290264e+000,0.740000, 7.815917e+000,0.740000, 5.655368e-004,0.740000, 1.997690e+000,0.740000, 1.997686e+000,0.740000, 0.000000e+000,0.740000, 0.000000e+000,0.740000, 0.000000e+000,0.740000, 5.993063e+001,0.740000, 0.000000e+000,0.740000, 0.000000e+000,0.740000, 0.000000e+000,
0.750000, 5.733515e+000,0.750000, 1.997659e+003,0.750000, 9.988275e+002,0.750000, 6.282414e+000,0.750000, 7.813500e+000,0.750000, 5.733515e-004,0.750000, 1.997659e+000,0.750000, 1.997655e+000,0.750000, 0.000000e+000,0.750000, 0.000000e+000,0.750000, 0.000000e+000,0.750000, 5.992971e+001,0.750000, 0.000000e+000,0.750000, 0.000000e+000,0.750000, 0.000000e+000,
0.760000, 5.811638e+000,0.760000, 1.997629e+003,0.760000, 9.988123e+002,0.760000, 6.292291e+000,0.760000, 7.811089e+000,0.760000, 5.811638e-004,0.760000, 1.997629e+000,0.760000, 1.997625e+000,0.760000, 0.000000e+000,0.760000, 0.000000e+000,0.760000, 0.000000e+000,0.760000, 5.992880e+001,0.760000, 0.000000e+000,0.760000, 0.000000e+000,0.760000, 0.000000e+000,
0.770000, 5.889737e+000,0.770000, 1.997598e+003,0.770000, 9.987970e+002,0.770000, 6.285979e+000,0.770000, 7.808685e+000,0.770000, 5.889737e-004,0.770000, 1.997598e+000,0.770000, 1.997594e+000,0.770000, 0.000000e+000,0.770000, 0.000000e+000,0.770000, 0.000000e+000,0.770000, 5.992789e+001,0.770000, 0.000000e+000,0.770000, 0.000000e+000,0.770000, 0.000000e+000,
0.780000, 5.967811e+000,0.780000, 1.997568e+003,0.780000, 9.987819e+002,0.780000, 6.294466e+000,0.780000, 7.806286e+000,0.780000, 5.967811e-004,0.780000, 1.997568e+000,0.780000, 1.997564e+000,0.780000, 0.000000e+000,0.780000, 0.000000e+000,0.780000, 0.000000e+000,0.780000, 5.992698e+001,0.780000, 0.000000e+000,0.780000, 0.000000e+000,0.780000, 0.000000e+000,
0.790000, 6.045862e+000,0.790000, 1.997538e+003,0.790000, 9.987667e+002,0.790000, 6.289442e+000,0.790000, 7.803895e+000,0.790000, 6.045862e-004,0.790000, 1.997538e+000,0.790000, 1.997533e+000,0.790000, 0.000000e+000,0.790000, 0.000000e+000,0.790000, 0.000000e+000,0.790000, 5.992607e+001,0.790000, 0.000000e+000,0.790000, 0.000000e+000,0.790000, 0.000000e+000,
0.800000, 6.123889e+000,0.800000, 1.997508e+003,0.800000, 9.987516e+002,0.800000, 6.296767e+000,0.800000, 7.801510e+000,0.800000, 6.123889e-004,0.800000, 1.997508e+000,0.800000, 1.997503e+000,0.800000, 0.000000e+000,0.800000, 0.000000e+000,0.800000, 0.000000e+000,0.800000, 5.992516e+001,0.800000, 0.000000e+000,0.800000, 0.000000e+000,0.800000, 0.000000e+000,
0.810000, 6.201893e+000,0.810000, 1.997477e+003,0.810000, 9.987366e+002,0.810000, 6.292886e+000,0.810000, 7.799131e+000,0.810000, 6.201893e-004,0.810000, 1.997477e+000,0.810000, 1.997473e+000,0.810000, 0.000000e+000,0.810000, 0.000000e+000,0.810000, 0.000000e+000,0.810000, 5.992426e+001,0.810000, 0.000000e+000,0.810000, 0.000000e+000,0.810000, 0.000000e+000,
0.820000, 6.279872e+000,0.820000, 1.997447e+003,0.820000, 9.987216e+002,0.820000, 6.300528e+000,0.820000, 7.796760e+000,0.820000, 6.279872e-004,0.820000, 1.997447e+000,0.820000, 1.997443e+000,0.820000, 0.000000e+000,0.820000, 0.000000e+000,0.820000, 0.000000e+000,0.820000, 5.992336e+001,0.820000, 0.000000e+000,0.820000, 0.000000e+000,0.820000, 0.000000e+000,
0.830000, 6.357828e+000,0.830000, 1.997417e+003,0.830000, 9.987066e+002,0.830000, 6.297721e+000,0.830000, 7.794396e+000,0.830000, 6.357828e-004,0.830000, 1.997417e+000,0.830000, 1.997413e+000,0.830000, 0.000000e+000,0.830000, 0.000000e+000,0.830000, 0.000000e+000,0.830000, 5.992246e+001,0.830000, 0.000000e+000,0.830000, 0.000000e+000,0.830000, 0.000000e+000,
0.840000, 6.435760e+000,0.840000, 1.997388e+003,0.840000, 9.986917e+002,0.840000, 6.304464e+000,0.840000, 7.792040e+000,0.840000, 6.435760e-004,0.840000, 1.997388e+000,0.840000, 1.997383e+000,0.840000, 0.000000e+000,0.840000, 0.000000e+000,0.840000, 0.000000e+000,0.840000, 5.992157e+001,0.840000, 0.000000e+000,0.840000, 0.000000e+000,0.840000, 0.000000e+000,
0.850000, 6.513669e+000,0.850000, 1.997358e+003,0.850000, 9.986768e+002,0.850000, 6.302498e+000,0.850000, 7.789691e+000,0.850000, 6.513669e-004,0.850000, 1.997358e+000,0.850000, 1.997354e+000,0.850000, 0.000000e+000,0.850000, 0.000000e+000,0.850000, 0.000000e+000,0.850000, 5.992067e+001,0.850000, 0.000000e+000,0.850000, 0.000000e+000,0.850000, 0.000000e+000,
0.860000, 6.591554e+000,0.860000, 1.997328e+003,0.860000, 9.986620e+002,0.860000, 6.308491e+000,0.860000, 7.787350e+000,0.860000, 6.591554e-004,0.860000, 1.997328e+000,0.860000, 1.997324e+000,0.860000, 0.000000e+000,0.860000, 0.000000e+000,0.860000, 0.000000e+000,0.860000, 5.991978e+001,0.860000, 0.000000e+000,0.860000, 0.000000e+000,0.860000, 0.000000e+000,
0.870000, 6.669416e+000,0.870000, 1.997299e+003,0.870000, 9.986472e+002,0.870000, 6.307230e+000,0.870000, 7.785017e+000,0.870000, 6.669416e-004,0.870000, 1.997299e+000,0.870000, 1.997294e+000,0.870000, 0.000000e+000,0.870000, 0.000000e+000,0.870000, 0.000000e+000,0.870000, 5.991890e+001,0.870000, 0.000000e+000,0.870000, 0.000000e+000,0.870000, 0.000000e+000,
0.880000, 6.747254e+000,0.880000, 1.997269e+003,0.880000, 9.986325e+002,0.880000, 6.312599e+000,0.880000, 7.782690e+000,0.880000, 6.747254e-004,0.880000, 1.997269e+000,0.880000, 1.997265e+000,0.880000, 0.000000e+000,0.880000, 0.000000e+000,0.880000, 0.000000e+000,0.880000, 5.991801e+001,0.880000, 0.000000e+000,0.880000, 0.000000e+000,0.880000, 0.000000e+000,
0.890000, 6.825070e+000,0.890000, 1.997240e+003,0.890000, 9.986178e+002,0.890000, 6.311928e+000,0.890000, 7.780372e+000,0.890000, 6.825069e-004,0.890000, 1.997240e+000,0.890000, 1.997236e+000,0.890000, 0.000000e+000,0.890000, 0.000000e+000,0.890000, 0.000000e+000,0.890000, 5.991713e+001,0.890000, 0.000000e+000,0.890000, 0.000000e+000,0.890000, 0.000000e+000,
0.900000, 6.902862e+000,0.900000, 1.997210e+003,0.900000, 9.986031e+002,0.900000, 6.316776e+000,0.900000, 7.778061e+000,0.900000, 6.902862e-004,0.900000, 1.997210e+000,0.900000, 1.997206e+000,0.900000, 0.000000e+000,0.900000, 0.000000e+000,0.900000, 0.000000e+000,0.900000, 5.991625e+001,0.900000, 0.000000e+000,0.900000, 0.000000e+000,0.900000, 0.000000e+000,
0.910000, 6.980631e+000,0.910000, 1.997181e+003,0.910000, 9.985885e+002,0.910000, 6.316664e+000,0.910000, 7.775757e+000,0.910000, 6.980631e-004,0.910000, 1.997181e+000,0.910000, 1.997177e+000,0.910000, 0.000000e+000,0.910000, 0.000000e+000,0.910000, 0.000000e+000,0.910000, 5.991537e+001,0.910000, 0.000000e+000,0.910000, 0.000000e+000,0.910000, 0.000000e+000,
0.920000, 7.058377e+000,0.920000, 1.997152e+003,0.920000, 9.985740e+002,0.920000, 6.322414e+000,0.920000, 7.773462e+000,0.920000, 7.058377e-004,0.920000, 1.997152e+000,0.920000, 1.997148e+000,0.920000, 0.000000e+000,0.920000, 0.000000e+000,0.920000, 0.000000e+000,0.920000, 5.991450e+001,0.920000, 0.000000e+000,0.920000, 0.000000e+000,0.920000, 0.000000e+000,
0.930000, 7.136100e+000,0.930000, 1.997123e+003,0.930000, 9.985595e+002,0.930000, 6.322892e+000,0.930000, 7.771176e+000,0.930000, 7.136100e-004,0.930000, 1.997123e+000,0.930000, 1.997119e+000,0.930000, 0.000000e+000,0.930000, 0.000000e+000,0.930000, 0.000000e+000,0.930000, 5.991363e+001,0.930000, 0.000000e+000,0.930000, 0.000000e+000,0.930000, 0.000000e+000,
0.940000, 7.213800e+000,0.940000, 1.997094e+003,0.940000, 9.985450e+002,0.940000, 6.328189e+000,0.940000, 7.768898e+000,0.940000, 7.213800e-004,0.940000, 1.997094e+000,0.940000, 1.997090e+000,0.940000, 0.000000e+000,0.940000, 0.000000e+000,0.940000, 0.000000e+000,0.940000, 5.991277e+001,0.940000, 0.000000e+000,0.940000, 0.000000e+000,0.940000, 0.000000e+000,
0.950000, 7.291478e+000,0.950000, 1.997066e+003,0.950000, 9.985306e+002,0.950000, 6.329103e+000,0.950000, 7.766629e+000,0.950000, 7.291478e-004,0.950000, 1.997066e+000,0.950000, 1.997061e+000,0.950000, 0.000000e+000,0.950000, 0.000000e+000,0.950000, 0.000000e+000,0.950000, 5.991190e+001,0.950000, 0.000000e+000,0.950000, 0.000000e+000,0.950000, 0.000000e+000,
0.960000, 7.369133e+000,0.960000, 1.997037e+003,0.960000, 9.985163e+002,0.960000, 6.334025e+000,0.960000, 7.764369e+000,0.960000, 7.369133e-004,0.960000, 1.997037e+000,0.960000, 1.997033e+000,0.960000, 0.000000e+000,0.960000, 0.000000e+000,0.960000, 0.000000e+000,0.960000, 5.991104e+001,0.960000, 0.000000e+000,0.960000, 0.000000e+000,0.960000, 0.000000e+000,
0.970000, 7.446765e+000,0.970000, 1.997008e+003,0.970000, 9.985020e+002,0.970000, 6.335304e+000,0.970000, 7.762117e+000,0.970000, 7.446765e-004,0.970000, 1.997008e+000,0.970000, 1.997004e+000,0.970000, 0.000000e+000,0.970000, 0.000000e+000,0.970000, 0.000000e+000,0.970000, 5.991018e+001,0.970000, 0.000000e+000,0.970000, 0.000000e+000,0.970000, 0.000000e+000,
0.980000, 7.524375e+000,0.980000, 1.996980e+003,0.980000, 9.984878e+002,0.980000, 6.339914e+000,0.980000, 7.759874e+000,0.980000, 7.524375e-004,0.980000, 1.996980e+000,0.980000, 1.996976e+000,0.980000, 0.000000e+000,0.980000, 0.000000e+000,0.980000, 0.000000e+000,0.980000, 5.990933e+001,0.980000, 0.000000e+000,0.980000, 0.000000e+000,0.980000, 0.000000e+000,
0.990000, 7.601963e+000,0.990000, 1.996951e+003,0.990000, 9.984736e+002,0.990000, 6.341499e+000,0.990000, 7.757640e+000,0.990000, 7.601963e-004,0.990000, 1.996951e+000,0.990000, 1.996947e+000,0.990000, 0.000000e+000,0.990000, 0.000000e+000,0.990000, 0.000000e+000,0.990000, 5.990848e+001,0.990000, 0.000000e+000,0.990000, 0.000000e+000,0.990000, 0.000000e+000,
1.000000, 7.679528e+000,1.000000, 1.996923e+003,1.000000, 9.984595e+002,1.000000, 6.345852e+000,1.000000, 7.755414e+000,1.000000, 7.679528e-004,1.000000, 1.996923e+000,1.000000, 1.996919e+000,1.000000, 0.000000e+000,1.000000, 0.000000e+000,1.000000, 0.000000e+000,1.000000, 5.990763e+001,1.000000, 0.000000e+000,1.000000, 0.000000e+000,1.000000, 0.000000e+000,
