//t, PCB_Recieving Water_aq, t, PCB_Main Pond_aq, t, PCB_Embayment_aq, t, PCB_Recieving Water_sorbed, t, PCB_Main Pond_sorbed, t, PCB_Embayment_sorbed, 
0.000000, 0.000000e+000,0.000000, 0.000000e+000,0.000000, 0.000000e+000,0.000000, 0.000000e+000,0.000000, 0.000000e+000,0.000000, 0.000000e+000,
0.010000, 6.958403e-010,0.010000, 3.018679e-005,0.010000, 7.506517e-010,0.010000, 0.000000e+000,0.010000, 0.000000e+000,0.010000, 0.000000e+000,
0.020000, 2.731630e-009,0.020000, 6.029779e-005,0.020000, 2.796813e-009,0.020000, 0.000000e+000,0.020000, 0.000000e+000,0.020000, 0.000000e+000,
0.030000, 1.214069e-008,0.030000, 9.038712e-005,0.030000, 6.239245e-009,0.030000, 0.000000e+000,0.030000, 0.000000e+000,0.030000, 0.000000e+000,
0.040000, 1.397930e-008,0.040000, 1.238901e-004,0.040000, 1.210844e-008,0.040000, 0.000000e+000,0.040000, 0.000000e+000,0.040000, 0.000000e+000,
0.050000, 1.450464e-008,0.050000, 1.580248e-004,0.050000, 2.010287e-008,0.050000, 0.000000e+000,0.050000, 0.000000e+000,0.050000, 0.000000e+000,
0.060000, 1.744516e-008,0.060000, 1.921333e-004,0.060000, 2.995825e-008,0.060000, 0.000000e+000,0.060000, 0.000000e+000,0.060000, 0.000000e+000,
0.070000, 2.159511e-008,0.070000, 2.262156e-004,0.070000, 4.179412e-008,0.070000, 0.000000e+000,0.070000, 0.000000e+000,0.070000, 0.000000e+000,
0.080000, 2.541744e-008,0.080000, 2.602723e-004,0.080000, 5.569560e-008,0.080000, 0.000000e+000,0.080000, 0.000000e+000,0.080000, 0.000000e+000,
0.090000, 3.079573e-008,0.090000, 2.943017e-004,0.090000, 7.152201e-008,0.090000, 0.000000e+000,0.090000, 0.000000e+000,0.090000, 0.000000e+000,
0.100000, 3.767206e-008,0.100000, 3.283055e-004,0.100000, 8.914572e-008,0.100000, 0.000000e+000,0.100000, 0.000000e+000,0.100000, 0.000000e+000,
0.110000, 4.619502e-008,0.110000, 3.622830e-004,0.110000, 1.086913e-007,0.110000, 0.000000e+000,0.110000, 0.000000e+000,0.110000, 0.000000e+000,
0.120000, 5.628077e-008,0.120000, 3.962384e-004,0.120000, 1.300229e-007,0.120000, 0.000000e+000,0.120000, 0.000000e+000,0.120000, 0.000000e+000,
0.130000, 6.801762e-008,0.130000, 4.301711e-004,0.130000, 1.532048e-007,0.130000, 0.000000e+000,0.130000, 0.000000e+000,0.130000, 0.000000e+000,
0.140000, 8.223735e-008,0.140000, 4.659674e-004,0.140000, 1.796958e-007,0.140000, 0.000000e+000,0.140000, 0.000000e+000,0.140000, 0.000000e+000,
0.150000, 9.899273e-008,0.150000, 5.030250e-004,0.150000, 2.093416e-007,0.150000, 0.000000e+000,0.150000, 0.000000e+000,0.150000, 0.000000e+000,
0.160000, 1.188605e-007,0.160000, 5.419008e-004,0.160000, 2.429042e-007,0.160000, 0.000000e+000,0.160000, 0.000000e+000,0.160000, 0.000000e+000,
0.170000, 1.394847e-007,0.170000, 5.779562e-004,0.170000, 2.763676e-007,0.170000, 0.000000e+000,0.170000, 0.000000e+000,0.170000, 0.000000e+000,
0.180000, 1.626698e-007,0.180000, 6.146882e-004,0.180000, 3.127527e-007,0.180000, 0.000000e+000,0.180000, 0.000000e+000,0.180000, 0.000000e+000,
0.190000, 1.883304e-007,0.190000, 6.518555e-004,0.190000, 3.518693e-007,0.190000, 0.000000e+000,0.190000, 0.000000e+000,0.190000, 0.000000e+000,
0.200000, 1.722568e-007,0.200000, 6.889999e-004,0.200000, 3.938798e-007,0.200000, 0.000000e+000,0.200000, 0.000000e+000,0.200000, 0.000000e+000,
0.210000, 1.297963e-007,0.210000, 7.261206e-004,0.210000, 4.383701e-007,0.210000, 0.000000e+000,0.210000, 0.000000e+000,0.210000, 0.000000e+000,
0.220000, 6.197985e-008,0.220000, 7.632222e-004,0.220000, 4.851729e-007,0.220000, 0.000000e+000,0.220000, 0.000000e+000,0.220000, 0.000000e+000,
0.230000, 6.158155e-008,0.230000, 7.976692e-004,0.230000, 5.305165e-007,0.230000, 0.000000e+000,0.230000, 0.000000e+000,0.230000, 0.000000e+000,
0.240000, 8.257552e-008,0.240000, 8.313629e-004,0.240000, 5.769199e-007,0.240000, 0.000000e+000,0.240000, 0.000000e+000,0.240000, 0.000000e+000,
0.250000, 1.046401e-007,0.250000, 8.650413e-004,0.250000, 6.251563e-007,0.250000, 0.000000e+000,0.250000, 0.000000e+000,0.250000, 0.000000e+000,
0.260000, 1.277983e-007,0.260000, 8.987044e-004,0.260000, 6.752161e-007,0.260000, 0.000000e+000,0.260000, 0.000000e+000,0.260000, 0.000000e+000,
0.270000, 1.520744e-007,0.270000, 9.323523e-004,0.270000, 7.270863e-007,0.270000, 0.000000e+000,0.270000, 0.000000e+000,0.270000, 0.000000e+000,
0.280000, 1.774812e-007,0.280000, 9.659852e-004,0.280000, 7.807511e-007,0.280000, 0.000000e+000,0.280000, 0.000000e+000,0.280000, 0.000000e+000,
0.290000, 2.040790e-007,0.290000, 9.996026e-004,0.290000, 8.362621e-007,0.290000, 0.000000e+000,0.290000, 0.000000e+000,0.290000, 0.000000e+000,
0.300000, 2.270592e-007,0.300000, 1.033207e-003,0.300000, 8.939780e-007,0.300000, 0.000000e+000,0.300000, 0.000000e+000,0.300000, 0.000000e+000,
0.310000, 2.495745e-007,0.310000, 1.066797e-003,0.310000, 9.537189e-007,0.310000, 0.000000e+000,0.310000, 0.000000e+000,0.310000, 0.000000e+000,
0.320000, 2.733784e-007,0.320000, 1.100513e-003,0.320000, 1.015554e-006,0.320000, 0.000000e+000,0.320000, 0.000000e+000,0.320000, 0.000000e+000,
0.330000, 3.004178e-007,0.330000, 1.136923e-003,0.330000, 1.084355e-006,0.330000, 0.000000e+000,0.330000, 0.000000e+000,0.330000, 0.000000e+000,
0.340000, 3.293568e-007,0.340000, 1.173856e-003,0.340000, 1.156424e-006,0.340000, 0.000000e+000,0.340000, 0.000000e+000,0.340000, 0.000000e+000,
0.350000, 3.598509e-007,0.350000, 1.210783e-003,0.350000, 1.230784e-006,0.350000, 0.000000e+000,0.350000, 0.000000e+000,0.350000, 0.000000e+000,
0.360000, 3.919246e-007,0.360000, 1.247704e-003,0.360000, 1.307434e-006,0.360000, 0.000000e+000,0.360000, 0.000000e+000,0.360000, 0.000000e+000,
0.370000, 4.256016e-007,0.370000, 1.284620e-003,0.370000, 1.386372e-006,0.370000, 0.000000e+000,0.370000, 0.000000e+000,0.370000, 0.000000e+000,
0.380000, 4.609043e-007,0.380000, 1.321530e-003,0.380000, 1.467602e-006,0.380000, 0.000000e+000,0.380000, 0.000000e+000,0.380000, 0.000000e+000,
0.390000, 4.978545e-007,0.390000, 1.358433e-003,0.390000, 1.551109e-006,0.390000, 0.000000e+000,0.390000, 0.000000e+000,0.390000, 0.000000e+000,
0.400000, 5.357676e-007,0.400000, 1.395332e-003,0.400000, 1.636913e-006,0.400000, 0.000000e+000,0.400000, 0.000000e+000,0.400000, 0.000000e+000,
0.410000, 5.610111e-007,0.410000, 1.432230e-003,0.410000, 1.725287e-006,0.410000, 0.000000e+000,0.410000, 0.000000e+000,0.410000, 0.000000e+000,
0.420000, 5.861359e-007,0.420000, 1.469138e-003,0.420000, 1.815961e-006,0.420000, 0.000000e+000,0.420000, 0.000000e+000,0.420000, 0.000000e+000,
0.430000, 6.110272e-007,0.430000, 1.506057e-003,0.430000, 1.908923e-006,0.430000, 0.000000e+000,0.430000, 0.000000e+000,0.430000, 0.000000e+000,
0.440000, 6.355632e-007,0.440000, 1.542988e-003,0.440000, 2.004182e-006,0.440000, 0.000000e+000,0.440000, 0.000000e+000,0.440000, 0.000000e+000,
0.450000, 6.596144e-007,0.450000, 1.579929e-003,0.450000, 2.101706e-006,0.450000, 0.000000e+000,0.450000, 0.000000e+000,0.450000, 0.000000e+000,
0.460000, 6.830440e-007,0.460000, 1.616881e-003,0.460000, 2.201544e-006,0.460000, 0.000000e+000,0.460000, 0.000000e+000,0.460000, 0.000000e+000,
0.470000, 7.057063e-007,0.470000, 1.653844e-003,0.470000, 2.303641e-006,0.470000, 0.000000e+000,0.470000, 0.000000e+000,0.470000, 0.000000e+000,
0.480000, 7.274473e-007,0.480000, 1.690818e-003,0.480000, 2.408050e-006,0.480000, 0.000000e+000,0.480000, 0.000000e+000,0.480000, 0.000000e+000,
0.490000, 7.481031e-007,0.490000, 1.727802e-003,0.490000, 2.514728e-006,0.490000, 0.000000e+000,0.490000, 0.000000e+000,0.490000, 0.000000e+000,
0.500000, 7.674996e-007,0.500000, 1.764797e-003,0.500000, 2.623708e-006,0.500000, 0.000000e+000,0.500000, 0.000000e+000,0.500000, 0.000000e+000,
0.510000, 7.854521e-007,0.510000, 1.801804e-003,0.510000, 2.734975e-006,0.510000, 0.000000e+000,0.510000, 0.000000e+000,0.510000, 0.000000e+000,
0.520000, 8.017636e-007,0.520000, 1.838840e-003,0.520000, 2.848511e-006,0.520000, 0.000000e+000,0.520000, 0.000000e+000,0.520000, 0.000000e+000,
0.530000, 8.162253e-007,0.530000, 1.875906e-003,0.530000, 2.964366e-006,0.530000, 0.000000e+000,0.530000, 0.000000e+000,0.530000, 0.000000e+000,
0.540000, 8.286146e-007,0.540000, 1.913002e-003,0.540000, 3.082527e-006,0.540000, 0.000000e+000,0.540000, 0.000000e+000,0.540000, 0.000000e+000,
0.550000, 8.386943e-007,0.550000, 1.950129e-003,0.550000, 3.202992e-006,0.550000, 0.000000e+000,0.550000, 0.000000e+000,0.550000, 0.000000e+000,
0.560000, 8.462115e-007,0.560000, 1.987285e-003,0.560000, 3.325730e-006,0.560000, 0.000000e+000,0.560000, 0.000000e+000,0.560000, 0.000000e+000,
0.570000, 8.508971e-007,0.570000, 2.024472e-003,0.570000, 3.450792e-006,0.570000, 0.000000e+000,0.570000, 0.000000e+000,0.570000, 0.000000e+000,
0.580000, 8.524635e-007,0.580000, 2.061688e-003,0.580000, 3.578151e-006,0.580000, 0.000000e+000,0.580000, 0.000000e+000,0.580000, 0.000000e+000,
0.590000, 8.506040e-007,0.590000, 2.098934e-003,0.590000, 3.707827e-006,0.590000, 0.000000e+000,0.590000, 0.000000e+000,0.590000, 0.000000e+000,
0.600000, 8.449909e-007,0.600000, 2.136210e-003,0.600000, 3.839811e-006,0.600000, 0.000000e+000,0.600000, 0.000000e+000,0.600000, 0.000000e+000,
0.610000, 8.352741e-007,0.610000, 2.173516e-003,0.610000, 3.974105e-006,0.610000, 0.000000e+000,0.610000, 0.000000e+000,0.610000, 0.000000e+000,
0.620000, 8.210793e-007,0.620000, 2.210874e-003,0.620000, 4.110731e-006,0.620000, 0.000000e+000,0.620000, 0.000000e+000,0.620000, 0.000000e+000,
0.630000, 8.020058e-007,0.630000, 2.248284e-003,0.630000, 4.249682e-006,0.630000, 0.000000e+000,0.630000, 0.000000e+000,0.630000, 0.000000e+000,
0.640000, 7.776248e-007,0.640000, 2.285745e-003,0.640000, 4.390958e-006,0.640000, 0.000000e+000,0.640000, 0.000000e+000,0.640000, 0.000000e+000,
0.650000, 7.474770e-007,0.650000, 2.323259e-003,0.650000, 4.534570e-006,0.650000, 0.000000e+000,0.650000, 0.000000e+000,0.650000, 0.000000e+000,
0.660000, 7.110701e-007,0.660000, 2.360824e-003,0.660000, 4.680520e-006,0.660000, 0.000000e+000,0.660000, 0.000000e+000,0.660000, 0.000000e+000,
0.670000, 6.678759e-007,0.670000, 2.398440e-003,0.670000, 4.828795e-006,0.670000, 0.000000e+000,0.670000, 0.000000e+000,0.670000, 0.000000e+000,
0.680000, 6.173283e-007,0.680000, 2.436108e-003,0.680000, 4.979457e-006,0.680000, 0.000000e+000,0.680000, 0.000000e+000,0.680000, 0.000000e+000,
0.690000, 5.651552e-007,0.690000, 2.473828e-003,0.690000, 5.132441e-006,0.690000, 0.000000e+000,0.690000, 0.000000e+000,0.690000, 0.000000e+000,
0.700000, 6.331320e-007,0.700000, 2.511598e-003,0.700000, 5.287767e-006,0.700000, 0.000000e+000,0.700000, 0.000000e+000,0.700000, 0.000000e+000,
0.710000, 7.023699e-007,0.710000, 2.549420e-003,0.710000, 5.445468e-006,0.710000, 0.000000e+000,0.710000, 0.000000e+000,0.710000, 0.000000e+000,
0.720000, 7.728837e-007,0.720000, 2.587317e-003,0.720000, 5.605528e-006,0.720000, 0.000000e+000,0.720000, 0.000000e+000,0.720000, 0.000000e+000,
0.730000, 8.446882e-007,0.730000, 2.625288e-003,0.730000, 5.767981e-006,0.730000, 0.000000e+000,0.730000, 0.000000e+000,0.730000, 0.000000e+000,
0.740000, 9.177979e-007,0.740000, 2.663334e-003,0.740000, 5.932806e-006,0.740000, 0.000000e+000,0.740000, 0.000000e+000,0.740000, 0.000000e+000,
0.750000, 9.922271e-007,0.750000, 2.701455e-003,0.750000, 6.100032e-006,0.750000, 0.000000e+000,0.750000, 0.000000e+000,0.750000, 0.000000e+000,
0.760000, 1.067990e-006,0.760000, 2.739651e-003,0.760000, 6.269643e-006,0.760000, 0.000000e+000,0.760000, 0.000000e+000,0.760000, 0.000000e+000,
0.770000, 1.145101e-006,0.770000, 2.777921e-003,0.770000, 6.441664e-006,0.770000, 0.000000e+000,0.770000, 0.000000e+000,0.770000, 0.000000e+000,
0.780000, 1.223079e-006,0.780000, 2.816265e-003,0.780000, 6.616083e-006,0.780000, 0.000000e+000,0.780000, 0.000000e+000,0.780000, 0.000000e+000,
0.790000, 1.292355e-006,0.790000, 2.854689e-003,0.790000, 6.792945e-006,0.790000, 0.000000e+000,0.790000, 0.000000e+000,0.790000, 0.000000e+000,
0.800000, 1.361782e-006,0.800000, 2.893187e-003,0.800000, 6.972220e-006,0.800000, 0.000000e+000,0.800000, 0.000000e+000,0.800000, 0.000000e+000,
0.810000, 1.431343e-006,0.810000, 2.931761e-003,0.810000, 7.153928e-006,0.810000, 0.000000e+000,0.810000, 0.000000e+000,0.810000, 0.000000e+000,
0.820000, 1.501018e-006,0.820000, 2.970434e-003,0.820000, 7.338081e-006,0.820000, 0.000000e+000,0.820000, 0.000000e+000,0.820000, 0.000000e+000,
0.830000, 1.570787e-006,0.830000, 3.009207e-003,0.830000, 7.524701e-006,0.830000, 0.000000e+000,0.830000, 0.000000e+000,0.830000, 0.000000e+000,
0.840000, 1.640629e-006,0.840000, 3.048081e-003,0.840000, 7.713783e-006,0.840000, 0.000000e+000,0.840000, 0.000000e+000,0.840000, 0.000000e+000,
0.850000, 1.710521e-006,0.850000, 3.087054e-003,0.850000, 7.905346e-006,0.850000, 0.000000e+000,0.850000, 0.000000e+000,0.850000, 0.000000e+000,
0.860000, 1.780441e-006,0.860000, 3.126127e-003,0.860000, 8.099388e-006,0.860000, 0.000000e+000,0.860000, 0.000000e+000,0.860000, 0.000000e+000,
0.870000, 1.850363e-006,0.870000, 3.165300e-003,0.870000, 8.295925e-006,0.870000, 0.000000e+000,0.870000, 0.000000e+000,0.870000, 0.000000e+000,
0.880000, 1.920262e-006,0.880000, 3.204571e-003,0.880000, 8.494957e-006,0.880000, 0.000000e+000,0.880000, 0.000000e+000,0.880000, 0.000000e+000,
0.890000, 1.990111e-006,0.890000, 3.243942e-003,0.890000, 8.696498e-006,0.890000, 0.000000e+000,0.890000, 0.000000e+000,0.890000, 0.000000e+000,
0.900000, 2.059881e-006,0.900000, 3.283412e-003,0.900000, 8.900549e-006,0.900000, 0.000000e+000,0.900000, 0.000000e+000,0.900000, 0.000000e+000,
0.910000, 2.129544e-006,0.910000, 3.322982e-003,0.910000, 9.107126e-006,0.910000, 0.000000e+000,0.910000, 0.000000e+000,0.910000, 0.000000e+000,
0.920000, 2.199068e-006,0.920000, 3.362675e-003,0.920000, 9.316253e-006,0.920000, 0.000000e+000,0.920000, 0.000000e+000,0.920000, 0.000000e+000,
0.930000, 2.268424e-006,0.930000, 3.402495e-003,0.930000, 9.527948e-006,0.930000, 0.000000e+000,0.930000, 0.000000e+000,0.930000, 0.000000e+000,
0.940000, 2.337576e-006,0.940000, 3.442439e-003,0.940000, 9.742215e-006,0.940000, 0.000000e+000,0.940000, 0.000000e+000,0.940000, 0.000000e+000,
0.950000, 2.406493e-006,0.950000, 3.482508e-003,0.950000, 9.959069e-006,0.950000, 0.000000e+000,0.950000, 0.000000e+000,0.950000, 0.000000e+000,
0.960000, 2.475138e-006,0.960000, 3.522701e-003,0.960000, 1.017851e-005,0.960000, 0.000000e+000,0.960000, 0.000000e+000,0.960000, 0.000000e+000,
0.970000, 2.543475e-006,0.970000, 3.563019e-003,0.970000, 1.040057e-005,0.970000, 0.000000e+000,0.970000, 0.000000e+000,0.970000, 0.000000e+000,
0.980000, 2.611465e-006,0.980000, 3.603461e-003,0.980000, 1.062523e-005,0.980000, 0.000000e+000,0.980000, 0.000000e+000,0.980000, 0.000000e+000,
0.990000, 2.679070e-006,0.990000, 3.644026e-003,0.990000, 1.085252e-005,0.990000, 0.000000e+000,0.990000, 0.000000e+000,0.990000, 0.000000e+000,
1.000000, 2.746249e-006,1.000000, 3.684715e-003,1.000000, 1.108245e-005,1.000000, 0.000000e+000,1.000000, 0.000000e+000,1.000000, 0.000000e+000,
