t, DO_no_spike, t, DO_NH3_spike, t, DO_NO2_spike, t, DO_both, 
0.000000, 7.780000e+00,0.000000, 7.760000e+00,0.000000, 8.020000e+00,0.000000, 7.800000e+00,
0.001000, 7.717206e+00,0.001000, 7.135125e+00,0.001000, 7.797236e+00,0.001000, 7.040493e+00,
0.002000, 7.654470e+00,0.002000, 6.496104e+00,0.002000, 7.574927e+00,0.002000, 6.287021e+00,
0.003000, 7.591788e+00,0.003000, 5.850285e+00,0.003000, 7.353068e+00,0.003000, 5.541080e+00,
0.004000, 7.529168e+00,0.004000, 5.202397e+00,0.004000, 7.131742e+00,0.004000, 4.804645e+00,
0.005000, 7.466601e+00,0.005000, 4.556055e+00,0.005000, 6.910904e+00,0.005000, 4.080215e+00,
0.006000, 7.404098e+00,0.006000, 3.914063e+00,0.006000, 6.690659e+00,0.006000, 3.370322e+00,
0.007000, 7.341656e+00,0.007000, 3.282415e+00,0.007000, 6.471019e+00,0.007000, 2.685355e+00,
0.008000, 7.279274e+00,0.008000, 2.670646e+00,0.008000, 6.252000e+00,0.008000, 2.042624e+00,
0.009000, 7.216954e+00,0.009000, 2.082335e+00,0.009000, 6.033647e+00,0.009000, 1.449366e+00,
0.010000, 7.154697e+00,0.010000, 1.526398e+00,0.010000, 5.816010e+00,0.010000, 9.242406e-01,
0.011000, 7.092504e+00,0.011000, 1.059347e+00,0.011000, 5.599137e+00,0.011000, 5.627668e-01,
0.012000, 7.030376e+00,0.012000, 6.548100e-01,0.012000, 5.383074e+00,0.012000, 2.820433e-01,
0.013000, 6.968311e+00,0.013000, 3.802190e-01,0.013000, 5.167858e+00,0.013000, 1.460535e-01,
0.014000, 6.906310e+00,0.014000, 2.044795e-01,0.014000, 4.953518e+00,0.014000, 6.795123e-02,
0.015000, 6.844385e+00,0.015000, 9.564964e-02,0.015000, 4.740308e+00,0.015000, 2.903133e-02,
0.016000, 6.782533e+00,0.016000, 5.174540e-02,0.016000, 4.528274e+00,0.016000, 1.483759e-02,
0.017000, 6.720746e+00,0.017000, 2.036823e-02,0.017000, 4.317326e+00,0.017000, 5.414628e-03,
0.018000, 6.659017e+00,0.018000, 1.228400e-02,0.018000, 4.107420e+00,0.018000, 3.209671e-03,
0.019000, 6.597380e+00,0.019000, 4.728489e-03,0.019000, 3.899282e+00,0.019000, 1.160898e-03,
0.020000, 6.535815e+00,0.020000, 2.924586e-03,0.020000, 3.692650e+00,0.020000, 7.089016e-04,
0.021000, 6.474301e+00,0.021000, 1.120684e-03,0.021000, 3.487140e+00,0.021000, 2.569050e-04,
0.022000, 6.412895e+00,0.022000, 7.080617e-04,0.022000, 3.284240e+00,0.022000, 1.596852e-04,
0.023000, 6.351551e+00,0.023000, 3.108017e-04,0.023000, 3.082989e+00,0.023000, 6.638281e-05,
0.024000, 6.290275e+00,0.024000, 1.735389e-04,0.024000, 2.883637e+00,0.024000, 3.611361e-05,
0.025000, 6.229105e+00,0.025000, 8.929863e-05,0.025000, 2.687647e+00,0.025000, 1.869910e-05,
0.026000, 6.167970e+00,0.026000, 4.224555e-05,0.026000, 2.492765e+00,0.026000, 8.717848e-06,
0.027000, 6.106979e+00,0.027000, 2.458497e-05,0.027000, 2.303344e+00,0.027000, 4.611792e-06,
0.028000, 6.046004e+00,0.028000, 9.277562e-06,0.028000, 2.114609e+00,0.028000, 1.190956e-06,
0.029000, 5.985186e+00,0.029000, 5.717905e-06,0.029000, 1.933064e+00,0.029000, 1.190956e-06,
0.030000, 5.924378e+00,0.030000, 2.158248e-06,0.030000, 1.752084e+00,0.030000, 1.190956e-06,
0.031000, 5.863740e+00,0.031000, 9.100468e-07,0.031000, 1.580805e+00,0.031000, 1.190956e-06,
0.032000, 5.803102e+00,0.032000, 9.100468e-07,0.032000, 1.409527e+00,0.032000, 1.190956e-06,
0.033000, 5.742651e+00,0.033000, 9.100468e-07,0.033000, 1.251781e+00,0.033000, 1.190956e-06,
0.034000, 5.682208e+00,0.034000, 9.100468e-07,0.034000, 1.094708e+00,0.034000, 1.190956e-06,
0.035000, 5.621925e+00,0.035000, 9.100468e-07,0.035000, 9.522766e-01,0.035000, 1.190956e-06,
0.036000, 5.561697e+00,0.036000, 9.100468e-07,0.036000, 8.149998e-01,0.036000, 1.190956e-06,
0.037000, 5.501566e+00,0.037000, 9.100468e-07,0.037000, 6.886469e-01,0.037000, 1.190956e-06,
0.038000, 5.441574e+00,0.038000, 9.100468e-07,0.038000, 5.780078e-01,0.038000, 1.190956e-06,
0.039000, 5.381581e+00,0.039000, 9.100468e-07,0.039000, 4.673687e-01,0.039000, 1.190956e-06,
0.040000, 5.321837e+00,0.040000, 9.100468e-07,0.040000, 3.873557e-01,0.040000, 1.190956e-06,
0.041000, 5.262103e+00,0.041000, 9.100468e-07,0.041000, 3.086856e-01,0.041000, 1.190956e-06,
0.042000, 5.202476e+00,0.042000, 9.100468e-07,0.042000, 2.417015e-01,0.042000, 1.190956e-06,
0.043000, 5.143028e+00,0.043000, 9.100468e-07,0.043000, 1.940427e-01,0.043000, 1.190956e-06,
0.044000, 5.083579e+00,0.044000, 9.100468e-07,0.044000, 1.463839e-01,0.044000, 1.190956e-06,
0.045000, 5.024338e+00,0.045000, 9.100468e-07,0.045000, 1.138976e-01,0.045000, 1.190956e-06,
0.046000, 4.965205e+00,0.046000, 9.100468e-07,0.046000, 8.923369e-02,0.046000, 1.190956e-06,
0.047000, 4.906072e+00,0.047000, 9.100468e-07,0.047000, 6.456973e-02,0.047000, 1.190956e-06,
0.048000, 4.847220e+00,0.048000, 9.100468e-07,0.048000, 5.059284e-02,0.048000, 1.190956e-06,
0.049000, 4.788437e+00,0.049000, 9.100468e-07,0.049000, 3.929077e-02,0.049000, 1.190956e-06,
0.050000, 4.729655e+00,0.050000, 9.100468e-07,0.050000, 2.798870e-02,0.050000, 1.190956e-06,
0.051000, 4.671181e+00,0.051000, 9.100468e-07,0.051000, 2.184141e-02,0.051000, 1.190956e-06,
0.052000, 4.612789e+00,0.052000, 9.100468e-07,0.052000, 1.707032e-02,0.052000, 1.190956e-06,
0.053000, 4.554398e+00,0.053000, 9.100468e-07,0.053000, 1.229923e-02,0.053000, 1.190956e-06,
0.054000, 4.496276e+00,0.054000, 9.100468e-07,0.054000, 9.306080e-03,0.054000, 1.190956e-06,
0.055000, 4.438319e+00,0.055000, 9.100468e-07,0.055000, 7.401268e-03,0.055000, 1.190956e-06,
0.056000, 4.380362e+00,0.056000, 9.100468e-07,0.056000, 5.496456e-03,0.056000, 1.190956e-06,
0.057000, 4.322546e+00,0.057000, 9.100468e-07,0.057000, 3.926350e-03,0.057000, 1.190956e-06,
0.058000, 4.265081e+00,0.058000, 9.100468e-07,0.058000, 3.197920e-03,0.058000, 1.190956e-06,
0.059000, 4.207617e+00,0.059000, 9.100468e-07,0.059000, 2.469489e-03,0.059000, 1.190956e-06,
0.060000, 4.150152e+00,0.060000, 9.100468e-07,0.060000, 1.741059e-03,0.060000, 1.190956e-06,
0.061000, 4.093117e+00,0.061000, 9.100468e-07,0.061000, 1.366989e-03,0.061000, 1.190956e-06,
0.062000, 4.036209e+00,0.062000, 9.100468e-07,0.062000, 1.096874e-03,0.062000, 1.190956e-06,
0.063000, 3.979301e+00,0.063000, 9.100468e-07,0.063000, 8.267595e-04,0.063000, 1.190956e-06,
0.064000, 3.922442e+00,0.064000, 9.100468e-07,0.064000, 5.701364e-04,0.064000, 1.190956e-06,
0.065000, 3.866166e+00,0.065000, 9.100468e-07,0.065000, 4.751644e-04,0.065000, 1.190956e-06,
0.066000, 3.809891e+00,0.066000, 9.100468e-07,0.066000, 3.801923e-04,0.066000, 1.190956e-06,
0.067000, 3.753616e+00,0.067000, 9.100468e-07,0.067000, 2.852203e-04,0.067000, 1.190956e-06,
0.068000, 3.697357e+00,0.068000, 9.100468e-07,0.068000, 1.987151e-04,0.068000, 1.190956e-06,
0.069000, 3.641245e+00,0.069000, 9.100468e-07,0.069000, 1.491782e-04,0.069000, 1.190956e-06,
0.070000, 3.585310e+00,0.070000, 9.100468e-07,0.070000, 1.029903e-04,0.070000, 1.190956e-06,
0.071000, 3.529572e+00,0.071000, 9.100468e-07,0.071000, 7.761252e-05,0.071000, 1.190956e-06,
0.072000, 3.474004e+00,0.072000, 9.100468e-07,0.072000, 5.223477e-05,0.072000, 1.190956e-06,
0.073000, 3.418650e+00,0.073000, 9.100468e-07,0.073000, 3.966943e-05,0.073000, 1.190956e-06,
0.074000, 3.363484e+00,0.074000, 9.100468e-07,0.074000, 2.732409e-05,0.074000, 1.190956e-06,
0.075000, 3.308513e+00,0.075000, 9.100468e-07,0.075000, 1.974555e-05,0.075000, 1.190956e-06,
0.076000, 3.253746e+00,0.076000, 9.100468e-07,0.076000, 1.407483e-05,0.076000, 1.190956e-06,
0.077000, 3.199191e+00,0.077000, 9.100468e-07,0.077000, 9.455646e-06,0.077000, 1.190956e-06,
0.078000, 3.144856e+00,0.078000, 9.100468e-07,0.078000, 7.012494e-06,0.078000, 1.190956e-06,
0.079000, 3.090747e+00,0.079000, 9.100468e-07,0.079000, 4.569341e-06,0.079000, 1.190956e-06,
0.080000, 3.036869e+00,0.080000, 9.100468e-07,0.080000, 4.109364e-06,0.080000, 1.190956e-06,
0.081000, 2.983226e+00,0.081000, 9.100468e-07,0.081000, 4.109364e-06,0.081000, 1.190956e-06,
0.082000, 2.929818e+00,0.082000, 9.100468e-07,0.082000, 4.109364e-06,0.082000, 1.190956e-06,
0.083000, 2.876641e+00,0.083000, 9.100468e-07,0.083000, 4.109364e-06,0.083000, 1.190956e-06,
0.084000, 2.823687e+00,0.084000, 9.100468e-07,0.084000, 4.109364e-06,0.084000, 1.190956e-06,
0.085000, 2.771024e+00,0.085000, 9.100468e-07,0.085000, 4.109364e-06,0.085000, 1.190956e-06,
0.086000, 2.718645e+00,0.086000, 9.100468e-07,0.086000, 4.109364e-06,0.086000, 1.190956e-06,
0.087000, 2.666487e+00,0.087000, 9.100468e-07,0.087000, 4.109364e-06,0.087000, 1.190956e-06,
0.088000, 2.614587e+00,0.088000, 9.100468e-07,0.088000, 4.109364e-06,0.088000, 1.190956e-06,
0.089000, 2.563056e+00,0.089000, 9.100468e-07,0.089000, 4.109364e-06,0.089000, 1.190956e-06,
0.090000, 2.511716e+00,0.090000, 9.100468e-07,0.090000, 4.109364e-06,0.090000, 1.190956e-06,
0.091000, 2.460724e+00,0.091000, 9.100468e-07,0.091000, 4.109364e-06,0.091000, 1.190956e-06,
0.092000, 2.410044e+00,0.092000, 9.100468e-07,0.092000, 4.109364e-06,0.092000, 1.190956e-06,
0.093000, 2.359573e+00,0.093000, 9.100468e-07,0.093000, 4.109364e-06,0.093000, 1.190956e-06,
0.094000, 2.309588e+00,0.094000, 9.100468e-07,0.094000, 4.109364e-06,0.094000, 1.190956e-06,
0.095000, 2.259692e+00,0.095000, 9.100468e-07,0.095000, 4.109364e-06,0.095000, 1.190956e-06,
0.096000, 2.210427e+00,0.096000, 9.100468e-07,0.096000, 4.109364e-06,0.096000, 1.190956e-06,
0.097000, 2.161203e+00,0.097000, 9.100468e-07,0.097000, 4.109364e-06,0.097000, 1.190956e-06,
0.098000, 2.112636e+00,0.098000, 9.100468e-07,0.098000, 4.109364e-06,0.098000, 1.190956e-06,
0.099000, 2.064081e+00,0.099000, 9.100468e-07,0.099000, 4.109364e-06,0.099000, 1.190956e-06,
0.100000, 2.016289e+00,0.100000, 9.100468e-07,0.100000, 4.109364e-06,0.100000, 1.190956e-06,
0.101000, 1.968497e+00,0.101000, 9.100468e-07,0.101000, 4.109364e-06,0.101000, 1.190956e-06,
0.102000, 1.921447e+00,0.102000, 9.100468e-07,0.102000, 4.109364e-06,0.102000, 1.190956e-06,
0.103000, 1.874516e+00,0.103000, 9.100468e-07,0.103000, 4.109364e-06,0.103000, 1.190956e-06,
0.104000, 1.828158e+00,0.104000, 9.100468e-07,0.104000, 4.109364e-06,0.104000, 1.190956e-06,
0.105000, 1.782186e+00,0.105000, 9.100468e-07,0.105000, 4.109364e-06,0.105000, 1.190956e-06,
0.106000, 1.736441e+00,0.106000, 9.100468e-07,0.106000, 4.109364e-06,0.106000, 1.190956e-06,
0.107000, 1.691542e+00,0.107000, 9.100468e-07,0.107000, 4.109364e-06,0.107000, 1.190956e-06,
0.108000, 1.646642e+00,0.108000, 9.100468e-07,0.108000, 4.109364e-06,0.108000, 1.190956e-06,
0.109000, 1.602584e+00,0.109000, 9.100468e-07,0.109000, 4.109364e-06,0.109000, 1.190956e-06,
0.110000, 1.558886e+00,0.110000, 9.100468e-07,0.110000, 4.109364e-06,0.110000, 1.190956e-06,
0.111000, 1.515266e+00,0.111000, 9.100468e-07,0.111000, 4.109364e-06,0.111000, 1.190956e-06,
0.112000, 1.472916e+00,0.112000, 9.100468e-07,0.112000, 4.109364e-06,0.112000, 1.190956e-06,
0.113000, 1.430565e+00,0.113000, 9.100468e-07,0.113000, 4.109364e-06,0.113000, 1.190956e-06,
0.114000, 1.388633e+00,0.114000, 9.100468e-07,0.114000, 4.109364e-06,0.114000, 1.190956e-06,
0.115000, 1.347799e+00,0.115000, 9.100468e-07,0.115000, 4.109364e-06,0.115000, 1.190956e-06,
0.116000, 1.306964e+00,0.116000, 9.100468e-07,0.116000, 4.109364e-06,0.116000, 1.190956e-06,
0.117000, 1.266723e+00,0.117000, 9.100468e-07,0.117000, 4.109364e-06,0.117000, 1.190956e-06,
0.118000, 1.227596e+00,0.118000, 9.100468e-07,0.118000, 4.109364e-06,0.118000, 1.190956e-06,
0.119000, 1.188469e+00,0.119000, 9.100468e-07,0.119000, 4.109364e-06,0.119000, 1.190956e-06,
0.120000, 1.149850e+00,0.120000, 9.100468e-07,0.120000, 4.109364e-06,0.120000, 1.190956e-06,
0.121000, 1.112641e+00,0.121000, 9.100468e-07,0.121000, 4.109364e-06,0.121000, 1.190956e-06,
0.122000, 1.075431e+00,0.122000, 9.100468e-07,0.122000, 4.109364e-06,0.122000, 1.190956e-06,
0.123000, 1.038266e+00,0.123000, 9.100468e-07,0.123000, 4.109364e-06,0.123000, 1.190956e-06,
0.124000, 1.003206e+00,0.124000, 9.100468e-07,0.124000, 4.109364e-06,0.124000, 1.190956e-06,
0.125000, 9.681459e-01,0.125000, 9.100468e-07,0.125000, 4.109364e-06,0.125000, 1.190956e-06,
0.126000, 9.330860e-01,0.126000, 9.100468e-07,0.126000, 4.109364e-06,0.126000, 1.190956e-06,
0.127000, 8.994781e-01,0.127000, 9.100468e-07,0.127000, 4.109364e-06,0.127000, 1.190956e-06,
0.128000, 8.668164e-01,0.128000, 9.100468e-07,0.128000, 4.109364e-06,0.128000, 1.190956e-06,
0.129000, 8.341547e-01,0.129000, 9.100468e-07,0.129000, 4.109364e-06,0.129000, 1.190956e-06,
0.130000, 8.015204e-01,0.130000, 9.100468e-07,0.130000, 4.109364e-06,0.130000, 1.190956e-06,
0.131000, 7.715109e-01,0.131000, 9.100468e-07,0.131000, 4.109364e-06,0.131000, 1.190956e-06,
0.132000, 7.415015e-01,0.132000, 9.100468e-07,0.132000, 4.109364e-06,0.132000, 1.190956e-06,
0.133000, 7.114920e-01,0.133000, 9.100468e-07,0.133000, 4.109364e-06,0.133000, 1.190956e-06,
0.134000, 6.816497e-01,0.134000, 9.100468e-07,0.134000, 4.109364e-06,0.134000, 1.190956e-06,
0.135000, 6.525613e-01,0.135000, 9.100468e-07,0.135000, 4.109364e-06,0.135000, 1.190956e-06,
0.136000, 6.242328e-01,0.136000, 9.100468e-07,0.136000, 4.109364e-06,0.136000, 1.190956e-06,
0.137000, 5.966598e-01,0.137000, 9.100468e-07,0.137000, 4.109364e-06,0.137000, 1.190956e-06,
0.138000, 5.699069e-01,0.138000, 9.100468e-07,0.138000, 4.109364e-06,0.138000, 1.190956e-06,
0.139000, 5.440151e-01,0.139000, 9.100468e-07,0.139000, 4.109364e-06,0.139000, 1.190956e-06,
0.140000, 5.188920e-01,0.140000, 9.100468e-07,0.140000, 4.109364e-06,0.140000, 1.190956e-06,
0.141000, 4.945004e-01,0.141000, 9.100468e-07,0.141000, 4.109364e-06,0.141000, 1.190956e-06,
0.142000, 4.707885e-01,0.142000, 9.100468e-07,0.142000, 4.109364e-06,0.142000, 1.190956e-06,
0.143000, 4.481218e-01,0.143000, 9.100468e-07,0.143000, 4.109364e-06,0.143000, 1.190956e-06,
0.144000, 4.261785e-01,0.144000, 9.100468e-07,0.144000, 4.109364e-06,0.144000, 1.190956e-06,
0.145000, 4.048176e-01,0.145000, 9.100468e-07,0.145000, 4.109364e-06,0.145000, 1.190956e-06,
0.146000, 3.845107e-01,0.146000, 9.100468e-07,0.146000, 4.109364e-06,0.146000, 1.190956e-06,
0.147000, 3.648849e-01,0.147000, 9.100468e-07,0.147000, 4.109364e-06,0.147000, 1.190956e-06,
0.148000, 3.458277e-01,0.148000, 9.100468e-07,0.148000, 4.109364e-06,0.148000, 1.190956e-06,
0.149000, 3.279067e-01,0.149000, 9.100468e-07,0.149000, 4.109364e-06,0.149000, 1.190956e-06,
0.150000, 3.103112e-01,0.150000, 9.100468e-07,0.150000, 4.109364e-06,0.150000, 1.190956e-06,
0.151000, 2.938652e-01,0.151000, 9.100468e-07,0.151000, 4.109364e-06,0.151000, 1.190956e-06,
0.152000, 2.778052e-01,0.152000, 9.100468e-07,0.152000, 4.109364e-06,0.152000, 1.190956e-06,
0.153000, 2.627003e-01,0.153000, 9.100468e-07,0.153000, 4.109364e-06,0.153000, 1.190956e-06,
0.154000, 2.480649e-01,0.154000, 9.100468e-07,0.154000, 4.109364e-06,0.154000, 1.190956e-06,
0.155000, 2.343099e-01,0.155000, 9.100468e-07,0.155000, 4.109364e-06,0.155000, 1.190956e-06,
0.156000, 2.209659e-01,0.156000, 9.100468e-07,0.156000, 4.109364e-06,0.156000, 1.190956e-06,
0.157000, 2.085555e-01,0.157000, 9.100468e-07,0.157000, 4.109364e-06,0.157000, 1.190956e-06,
0.158000, 1.963519e-01,0.158000, 9.100468e-07,0.158000, 4.109364e-06,0.158000, 1.190956e-06,
0.159000, 1.852656e-01,0.159000, 9.100468e-07,0.159000, 4.109364e-06,0.159000, 1.190956e-06,
0.160000, 1.741794e-01,0.160000, 9.100468e-07,0.160000, 4.109364e-06,0.160000, 1.190956e-06,
0.161000, 1.642435e-01,0.161000, 9.100468e-07,0.161000, 4.109364e-06,0.161000, 1.190956e-06,
0.162000, 1.544449e-01,0.162000, 9.100468e-07,0.162000, 4.109364e-06,0.162000, 1.190956e-06,
0.163000, 1.452782e-01,0.163000, 9.100468e-07,0.163000, 4.109364e-06,0.163000, 1.190956e-06,
0.164000, 1.367148e-01,0.164000, 9.100468e-07,0.164000, 4.109364e-06,0.164000, 1.190956e-06,
0.165000, 1.281565e-01,0.165000, 9.100468e-07,0.165000, 4.109364e-06,0.165000, 1.190956e-06,
0.166000, 1.207606e-01,0.166000, 9.100468e-07,0.166000, 4.109364e-06,0.166000, 1.190956e-06,
0.167000, 1.133647e-01,0.167000, 9.100468e-07,0.167000, 4.109364e-06,0.167000, 1.190956e-06,
0.168000, 1.063647e-01,0.168000, 9.100468e-07,0.168000, 4.109364e-06,0.168000, 1.190956e-06,
0.169000, 1.000524e-01,0.169000, 9.100468e-07,0.169000, 4.109364e-06,0.169000, 1.190956e-06,
0.170000, 9.374013e-02,0.170000, 9.100468e-07,0.170000, 4.109364e-06,0.170000, 1.190956e-06,
0.171000, 8.801232e-02,0.171000, 9.100468e-07,0.171000, 4.109364e-06,0.171000, 1.190956e-06,
0.172000, 8.269524e-02,0.172000, 9.100468e-07,0.172000, 4.109364e-06,0.172000, 1.190956e-06,
0.173000, 7.737816e-02,0.173000, 9.100468e-07,0.173000, 4.109364e-06,0.173000, 1.190956e-06,
0.174000, 7.265562e-02,0.174000, 9.100468e-07,0.174000, 4.109364e-06,0.174000, 1.190956e-06,
0.175000, 6.823518e-02,0.175000, 9.100468e-07,0.175000, 4.109364e-06,0.175000, 1.190956e-06,
0.176000, 6.381475e-02,0.176000, 9.100468e-07,0.176000, 4.109364e-06,0.176000, 1.190956e-06,
0.177000, 5.985894e-02,0.177000, 9.100468e-07,0.177000, 4.109364e-06,0.177000, 1.190956e-06,
0.178000, 5.623284e-02,0.178000, 9.100468e-07,0.178000, 4.109364e-06,0.178000, 1.190956e-06,
0.179000, 5.260673e-02,0.179000, 9.100468e-07,0.179000, 4.109364e-06,0.179000, 1.190956e-06,
0.180000, 4.921916e-02,0.180000, 9.100468e-07,0.180000, 4.109364e-06,0.180000, 1.190956e-06,
0.181000, 4.628489e-02,0.181000, 9.100468e-07,0.181000, 4.109364e-06,0.181000, 1.190956e-06,
0.182000, 4.335062e-02,0.182000, 9.100468e-07,0.182000, 4.109364e-06,0.182000, 1.190956e-06,
0.183000, 4.041635e-02,0.183000, 9.100468e-07,0.183000, 4.109364e-06,0.183000, 1.190956e-06,
0.184000, 3.803542e-02,0.184000, 9.100468e-07,0.184000, 4.109364e-06,0.184000, 1.190956e-06,
0.185000, 3.569353e-02,0.185000, 9.100468e-07,0.185000, 4.109364e-06,0.185000, 1.190956e-06,
0.186000, 3.335165e-02,0.186000, 9.100468e-07,0.186000, 4.109364e-06,0.186000, 1.190956e-06,
0.187000, 3.118126e-02,0.187000, 9.100468e-07,0.187000, 4.109364e-06,0.187000, 1.190956e-06,
0.188000, 2.933808e-02,0.188000, 9.100468e-07,0.188000, 4.109364e-06,0.188000, 1.190956e-06,
0.189000, 2.749489e-02,0.189000, 9.100468e-07,0.189000, 4.109364e-06,0.189000, 1.190956e-06,
0.190000, 2.565171e-02,0.190000, 9.100468e-07,0.190000, 4.109364e-06,0.190000, 1.190956e-06,
0.191000, 2.404166e-02,0.191000, 9.100468e-07,0.191000, 4.109364e-06,0.191000, 1.190956e-06,
0.192000, 2.261131e-02,0.192000, 9.100468e-07,0.192000, 4.109364e-06,0.192000, 1.190956e-06,
0.193000, 2.118095e-02,0.193000, 9.100468e-07,0.193000, 4.109364e-06,0.193000, 1.190956e-06,
0.194000, 1.975059e-02,0.194000, 9.100468e-07,0.194000, 4.109364e-06,0.194000, 1.190956e-06,
0.195000, 1.851741e-02,0.195000, 9.100468e-07,0.195000, 4.109364e-06,0.195000, 1.190956e-06,
0.196000, 1.742314e-02,0.196000, 9.100468e-07,0.196000, 4.109364e-06,0.196000, 1.190956e-06,
0.197000, 1.632887e-02,0.197000, 9.100468e-07,0.197000, 4.109364e-06,0.197000, 1.190956e-06,
0.198000, 1.523460e-02,0.198000, 9.100468e-07,0.198000, 4.109364e-06,0.198000, 1.190956e-06,
0.199000, 1.424779e-02,0.199000, 9.100468e-07,0.199000, 4.109364e-06,0.199000, 1.190956e-06,
0.200000, 1.342265e-02,0.200000, 9.100468e-07,0.200000, 4.109364e-06,0.200000, 1.190956e-06,
0.201000, 1.259751e-02,0.201000, 9.100468e-07,0.201000, 4.109364e-06,0.201000, 1.190956e-06,
0.202000, 1.177237e-02,0.202000, 9.100468e-07,0.202000, 4.109364e-06,0.202000, 1.190956e-06,
0.203000, 1.094723e-02,0.203000, 9.100468e-07,0.203000, 4.109364e-06,0.203000, 1.190956e-06,
0.204000, 1.033228e-02,0.204000, 9.100468e-07,0.204000, 4.109364e-06,0.204000, 1.190956e-06,
0.205000, 9.719141e-03,0.205000, 9.100468e-07,0.205000, 4.109364e-06,0.205000, 1.190956e-06,
0.206000, 9.106004e-03,0.206000, 9.100468e-07,0.206000, 4.109364e-06,0.206000, 1.190956e-06,
0.207000, 8.492868e-03,0.207000, 9.100468e-07,0.207000, 4.109364e-06,0.207000, 1.190956e-06,
0.208000, 7.937504e-03,0.208000, 9.100468e-07,0.208000, 4.109364e-06,0.208000, 1.190956e-06,
0.209000, 7.488660e-03,0.209000, 9.100468e-07,0.209000, 4.109364e-06,0.209000, 1.190956e-06,
0.210000, 7.039817e-03,0.210000, 9.100468e-07,0.210000, 4.109364e-06,0.210000, 1.190956e-06,
0.211000, 6.590974e-03,0.211000, 9.100468e-07,0.211000, 4.109364e-06,0.211000, 1.190956e-06,
0.212000, 6.142130e-03,0.212000, 9.100468e-07,0.212000, 4.109364e-06,0.212000, 1.190956e-06,
0.213000, 5.751860e-03,0.213000, 9.100468e-07,0.213000, 4.109364e-06,0.213000, 1.190956e-06,
0.214000, 5.428269e-03,0.214000, 9.100468e-07,0.214000, 4.109364e-06,0.214000, 1.190956e-06,
0.215000, 5.104678e-03,0.215000, 9.100468e-07,0.215000, 4.109364e-06,0.215000, 1.190956e-06,
0.216000, 4.781087e-03,0.216000, 9.100468e-07,0.216000, 4.109364e-06,0.216000, 1.190956e-06,
0.217000, 4.457497e-03,0.217000, 9.100468e-07,0.217000, 4.109364e-06,0.217000, 1.190956e-06,
0.218000, 4.164582e-03,0.218000, 9.100468e-07,0.218000, 4.109364e-06,0.218000, 1.190956e-06,
0.219000, 3.934922e-03,0.219000, 9.100468e-07,0.219000, 4.109364e-06,0.219000, 1.190956e-06,
0.220000, 3.705261e-03,0.220000, 9.100468e-07,0.220000, 4.109364e-06,0.220000, 1.190956e-06,
0.221000, 3.475601e-03,0.221000, 9.100468e-07,0.221000, 4.109364e-06,0.221000, 1.190956e-06,
0.222000, 3.245941e-03,0.222000, 9.100468e-07,0.222000, 4.109364e-06,0.222000, 1.190956e-06,
0.223000, 3.016281e-03,0.223000, 9.100468e-07,0.223000, 4.109364e-06,0.223000, 1.190956e-06,
0.224000, 2.850006e-03,0.224000, 9.100468e-07,0.224000, 4.109364e-06,0.224000, 1.190956e-06,
0.225000, 2.689625e-03,0.225000, 9.100468e-07,0.225000, 4.109364e-06,0.225000, 1.190956e-06,
0.226000, 2.529244e-03,0.226000, 9.100468e-07,0.226000, 4.109364e-06,0.226000, 1.190956e-06,
0.227000, 2.368862e-03,0.227000, 9.100468e-07,0.227000, 4.109364e-06,0.227000, 1.190956e-06,
0.228000, 2.208481e-03,0.228000, 9.100468e-07,0.228000, 4.109364e-06,0.228000, 1.190956e-06,
0.229000, 2.059076e-03,0.229000, 9.100468e-07,0.229000, 4.109364e-06,0.229000, 1.190956e-06,
0.230000, 1.948935e-03,0.230000, 9.100468e-07,0.230000, 4.109364e-06,0.230000, 1.190956e-06,
0.231000, 1.838794e-03,0.231000, 9.100468e-07,0.231000, 4.109364e-06,0.231000, 1.190956e-06,
0.232000, 1.728653e-03,0.232000, 9.100468e-07,0.232000, 4.109364e-06,0.232000, 1.190956e-06,
0.233000, 1.618512e-03,0.233000, 9.100468e-07,0.233000, 4.109364e-06,0.233000, 1.190956e-06,
0.234000, 1.508371e-03,0.234000, 9.100468e-07,0.234000, 4.109364e-06,0.234000, 1.190956e-06,
0.235000, 1.406187e-03,0.235000, 9.100468e-07,0.235000, 4.109364e-06,0.235000, 1.190956e-06,
0.236000, 1.331857e-03,0.236000, 9.100468e-07,0.236000, 4.109364e-06,0.236000, 1.190956e-06,
0.237000, 1.257526e-03,0.237000, 9.100468e-07,0.237000, 4.109364e-06,0.237000, 1.190956e-06,
0.238000, 1.183195e-03,0.238000, 9.100468e-07,0.238000, 4.109364e-06,0.238000, 1.190956e-06,
0.239000, 1.108865e-03,0.239000, 9.100468e-07,0.239000, 4.109364e-06,0.239000, 1.190956e-06,
0.240000, 1.034534e-03,0.240000, 9.100468e-07,0.240000, 4.109364e-06,0.240000, 1.190956e-06,
0.241000, 9.602037e-04,0.241000, 9.100468e-07,0.241000, 4.109364e-06,0.241000, 1.190956e-06,
0.242000, 9.087007e-04,0.242000, 9.100468e-07,0.242000, 4.109364e-06,0.242000, 1.190956e-06,
0.243000, 8.594464e-04,0.243000, 9.100468e-07,0.243000, 4.109364e-06,0.243000, 1.190956e-06,
0.244000, 8.101922e-04,0.244000, 9.100468e-07,0.244000, 4.109364e-06,0.244000, 1.190956e-06,
0.245000, 7.609379e-04,0.245000, 9.100468e-07,0.245000, 4.109364e-06,0.245000, 1.190956e-06,
0.246000, 7.116837e-04,0.246000, 9.100468e-07,0.246000, 4.109364e-06,0.246000, 1.190956e-06,
0.247000, 6.624295e-04,0.247000, 9.100468e-07,0.247000, 4.109364e-06,0.247000, 1.190956e-06,
0.248000, 6.177657e-04,0.248000, 9.100468e-07,0.248000, 4.109364e-06,0.248000, 1.190956e-06,
0.249000, 5.857528e-04,0.249000, 9.100468e-07,0.249000, 4.109364e-06,0.249000, 1.190956e-06,
0.250000, 5.537399e-04,0.250000, 9.100468e-07,0.250000, 4.109364e-06,0.250000, 1.190956e-06,
0.251000, 5.217270e-04,0.251000, 9.100468e-07,0.251000, 4.109364e-06,0.251000, 1.190956e-06,
0.252000, 4.897142e-04,0.252000, 9.100468e-07,0.252000, 4.109364e-06,0.252000, 1.190956e-06,
0.253000, 4.577013e-04,0.253000, 9.100468e-07,0.253000, 4.109364e-06,0.253000, 1.190956e-06,
0.254000, 4.256884e-04,0.254000, 9.100468e-07,0.254000, 4.109364e-06,0.254000, 1.190956e-06,
0.255000, 3.974488e-04,0.255000, 9.100468e-07,0.255000, 4.109364e-06,0.255000, 1.190956e-06,
0.256000, 3.792836e-04,0.256000, 9.100468e-07,0.256000, 4.109364e-06,0.256000, 1.190956e-06,
0.257000, 3.611184e-04,0.257000, 9.100468e-07,0.257000, 4.109364e-06,0.257000, 1.190956e-06,
0.258000, 3.429532e-04,0.258000, 9.100468e-07,0.258000, 4.109364e-06,0.258000, 1.190956e-06,
0.259000, 3.247880e-04,0.259000, 9.100468e-07,0.259000, 4.109364e-06,0.259000, 1.190956e-06,
0.260000, 3.066228e-04,0.260000, 9.100468e-07,0.260000, 4.109364e-06,0.260000, 1.190956e-06,
0.261000, 2.884576e-04,0.261000, 9.100468e-07,0.261000, 4.109364e-06,0.261000, 1.190956e-06,
0.262000, 2.702923e-04,0.262000, 9.100468e-07,0.262000, 4.109364e-06,0.262000, 1.190956e-06,
0.263000, 2.569590e-04,0.263000, 9.100468e-07,0.263000, 4.109364e-06,0.263000, 1.190956e-06,
0.264000, 2.440999e-04,0.264000, 9.100468e-07,0.264000, 4.109364e-06,0.264000, 1.190956e-06,
0.265000, 2.312408e-04,0.265000, 9.100468e-07,0.265000, 4.109364e-06,0.265000, 1.190956e-06,
0.266000, 2.183817e-04,0.266000, 9.100468e-07,0.266000, 4.109364e-06,0.266000, 1.190956e-06,
0.267000, 2.055226e-04,0.267000, 9.100468e-07,0.267000, 4.109364e-06,0.267000, 1.190956e-06,
0.268000, 1.926635e-04,0.268000, 9.100468e-07,0.268000, 4.109364e-06,0.268000, 1.190956e-06,
0.269000, 1.798044e-04,0.269000, 9.100468e-07,0.269000, 4.109364e-06,0.269000, 1.190956e-06,
0.270000, 1.677145e-04,0.270000, 9.100468e-07,0.270000, 4.109364e-06,0.270000, 1.190956e-06,
0.271000, 1.596239e-04,0.271000, 9.100468e-07,0.271000, 4.109364e-06,0.271000, 1.190956e-06,
0.272000, 1.515334e-04,0.272000, 9.100468e-07,0.272000, 4.109364e-06,0.272000, 1.190956e-06,
0.273000, 1.434429e-04,0.273000, 9.100468e-07,0.273000, 4.109364e-06,0.273000, 1.190956e-06,
0.274000, 1.353523e-04,0.274000, 9.100468e-07,0.274000, 4.109364e-06,0.274000, 1.190956e-06,
0.275000, 1.272618e-04,0.275000, 9.100468e-07,0.275000, 4.109364e-06,0.275000, 1.190956e-06,
0.276000, 1.191713e-04,0.276000, 9.100468e-07,0.276000, 4.109364e-06,0.276000, 1.190956e-06,
0.277000, 1.110808e-04,0.277000, 9.100468e-07,0.277000, 4.109364e-06,0.277000, 1.190956e-06,
0.278000, 1.030032e-04,0.278000, 9.100468e-07,0.278000, 4.109364e-06,0.278000, 1.190956e-06,
0.279000, 9.807141e-05,0.279000, 9.100468e-07,0.279000, 4.109364e-06,0.279000, 1.190956e-06,
0.280000, 9.313959e-05,0.280000, 9.100468e-07,0.280000, 4.109364e-06,0.280000, 1.190956e-06,
0.281000, 8.820776e-05,0.281000, 9.100468e-07,0.281000, 4.109364e-06,0.281000, 1.190956e-06,
0.282000, 8.327594e-05,0.282000, 9.100468e-07,0.282000, 4.109364e-06,0.282000, 1.190956e-06,
0.283000, 7.834411e-05,0.283000, 9.100468e-07,0.283000, 4.109364e-06,0.283000, 1.190956e-06,
0.284000, 7.341228e-05,0.284000, 9.100468e-07,0.284000, 4.109364e-06,0.284000, 1.190956e-06,
0.285000, 6.848046e-05,0.285000, 9.100468e-07,0.285000, 4.109364e-06,0.285000, 1.190956e-06,
0.286000, 6.354863e-05,0.286000, 9.100468e-07,0.286000, 4.109364e-06,0.286000, 1.190956e-06,
0.287000, 5.946333e-05,0.287000, 9.100468e-07,0.287000, 4.109364e-06,0.287000, 1.190956e-06,
0.288000, 5.655856e-05,0.288000, 9.100468e-07,0.288000, 4.109364e-06,0.288000, 1.190956e-06,
0.289000, 5.365380e-05,0.289000, 9.100468e-07,0.289000, 4.109364e-06,0.289000, 1.190956e-06,
0.290000, 5.074904e-05,0.290000, 9.100468e-07,0.290000, 4.109364e-06,0.290000, 1.190956e-06,
0.291000, 4.784427e-05,0.291000, 9.100468e-07,0.291000, 4.109364e-06,0.291000, 1.190956e-06,
0.292000, 4.493951e-05,0.292000, 9.100468e-07,0.292000, 4.109364e-06,0.292000, 1.190956e-06,
0.293000, 4.203475e-05,0.293000, 9.100468e-07,0.293000, 4.109364e-06,0.293000, 1.190956e-06,
0.294000, 3.912998e-05,0.294000, 9.100468e-07,0.294000, 4.109364e-06,0.294000, 1.190956e-06,
0.295000, 3.622522e-05,0.295000, 9.100468e-07,0.295000, 4.109364e-06,0.295000, 1.190956e-06,
0.296000, 3.442188e-05,0.296000, 9.100468e-07,0.296000, 4.109364e-06,0.296000, 1.190956e-06,
0.297000, 3.442188e-05,0.297000, 9.100468e-07,0.297000, 4.109364e-06,0.297000, 1.190956e-06,
0.298000, 3.442188e-05,0.298000, 9.100468e-07,0.298000, 4.109364e-06,0.298000, 1.190956e-06,
0.299000, 3.442188e-05,0.299000, 9.100468e-07,0.299000, 4.109364e-06,0.299000, 1.190956e-06,
0.300000, 3.442188e-05,0.300000, 9.100468e-07,0.300000, 4.109364e-06,0.300000, 1.190956e-06,
0.301000, 3.442188e-05,0.301000, 9.100468e-07,0.301000, 4.109364e-06,0.301000, 1.190956e-06,
0.302000, 3.442188e-05,0.302000, 9.100468e-07,0.302000, 4.109364e-06,0.302000, 1.190956e-06,
0.303000, 3.442188e-05,0.303000, 9.100468e-07,0.303000, 4.109364e-06,0.303000, 1.190956e-06,
0.304000, 3.442188e-05,0.304000, 9.100468e-07,0.304000, 4.109364e-06,0.304000, 1.190956e-06,
0.305000, 3.442188e-05,0.305000, 9.100468e-07,0.305000, 4.109364e-06,0.305000, 1.190956e-06,
0.306000, 3.442188e-05,0.306000, 9.100468e-07,0.306000, 4.109364e-06,0.306000, 1.190956e-06,
0.307000, 3.442188e-05,0.307000, 9.100468e-07,0.307000, 4.109364e-06,0.307000, 1.190956e-06,
0.308000, 3.442188e-05,0.308000, 9.100468e-07,0.308000, 4.109364e-06,0.308000, 1.190956e-06,
0.309000, 3.442188e-05,0.309000, 9.100468e-07,0.309000, 4.109364e-06,0.309000, 1.190956e-06,
0.310000, 3.442188e-05,0.310000, 9.100468e-07,0.310000, 4.109364e-06,0.310000, 1.190956e-06,
0.311000, 3.442188e-05,0.311000, 9.100468e-07,0.311000, 4.109364e-06,0.311000, 1.190956e-06,
0.312000, 3.442188e-05,0.312000, 9.100468e-07,0.312000, 4.109364e-06,0.312000, 1.190956e-06,
0.313000, 3.442188e-05,0.313000, 9.100468e-07,0.313000, 4.109364e-06,0.313000, 1.190956e-06,
0.314000, 3.442188e-05,0.314000, 9.100468e-07,0.314000, 4.109364e-06,0.314000, 1.190956e-06,
0.315000, 3.442188e-05,0.315000, 9.100468e-07,0.315000, 4.109364e-06,0.315000, 1.190956e-06,
0.316000, 3.442188e-05,0.316000, 9.100468e-07,0.316000, 4.109364e-06,0.316000, 1.190956e-06,
0.317000, 3.442188e-05,0.317000, 9.100468e-07,0.317000, 4.109364e-06,0.317000, 1.190956e-06,
0.318000, 3.442188e-05,0.318000, 9.100468e-07,0.318000, 4.109364e-06,0.318000, 1.190956e-06,
0.319000, 3.442188e-05,0.319000, 9.100468e-07,0.319000, 4.109364e-06,0.319000, 1.190956e-06,
0.320000, 3.442188e-05,0.320000, 9.100468e-07,0.320000, 4.109364e-06,0.320000, 1.190956e-06,
0.321000, 3.442188e-05,0.321000, 9.100468e-07,0.321000, 4.109364e-06,0.321000, 1.190956e-06,
0.322000, 3.442188e-05,0.322000, 9.100468e-07,0.322000, 4.109364e-06,0.322000, 1.190956e-06,
0.323000, 3.442188e-05,0.323000, 9.100468e-07,0.323000, 4.109364e-06,0.323000, 1.190956e-06,
0.324000, 3.442188e-05,0.324000, 9.100468e-07,0.324000, 4.109364e-06,0.324000, 1.190956e-06,
0.325000, 3.442188e-05,0.325000, 9.100468e-07,0.325000, 4.109364e-06,0.325000, 1.190956e-06,
0.326000, 3.442188e-05,0.326000, 9.100468e-07,0.326000, 4.109364e-06,0.326000, 1.190956e-06,
0.327000, 3.442188e-05,0.327000, 9.100468e-07,0.327000, 4.109364e-06,0.327000, 1.190956e-06,
0.328000, 3.442188e-05,0.328000, 9.100468e-07,0.328000, 4.109364e-06,0.328000, 1.190956e-06,
0.329000, 3.442188e-05,0.329000, 9.100468e-07,0.329000, 4.109364e-06,0.329000, 1.190956e-06,
0.330000, 3.442188e-05,0.330000, 9.100468e-07,0.330000, 4.109364e-06,0.330000, 1.190956e-06,
0.331000, 3.442188e-05,0.331000, 9.100468e-07,0.331000, 4.109364e-06,0.331000, 1.190956e-06,
0.332000, 3.442188e-05,0.332000, 9.100468e-07,0.332000, 4.109364e-06,0.332000, 1.190956e-06,
0.333000, 3.442188e-05,0.333000, 9.100468e-07,0.333000, 4.109364e-06,0.333000, 1.190956e-06,
0.334000, 3.442188e-05,0.334000, 9.100468e-07,0.334000, 4.109364e-06,0.334000, 1.190956e-06,
0.335000, 3.442188e-05,0.335000, 9.100468e-07,0.335000, 4.109364e-06,0.335000, 1.190956e-06,
0.336000, 3.442188e-05,0.336000, 9.100468e-07,0.336000, 4.109364e-06,0.336000, 1.190956e-06,
0.337000, 3.442188e-05,0.337000, 9.100468e-07,0.337000, 4.109364e-06,0.337000, 1.190956e-06,
0.338000, 3.442188e-05,0.338000, 9.100468e-07,0.338000, 4.109364e-06,0.338000, 1.190956e-06,
0.339000, 3.442188e-05,0.339000, 9.100468e-07,0.339000, 4.109364e-06,0.339000, 1.190956e-06,
0.340000, 3.442188e-05,0.340000, 9.100468e-07,0.340000, 4.109364e-06,0.340000, 1.190956e-06,
0.341000, 3.442188e-05,0.341000, 9.100468e-07,0.341000, 4.109364e-06,0.341000, 1.190956e-06,
0.342000, 3.442188e-05,0.342000, 9.100468e-07,0.342000, 4.109364e-06,0.342000, 1.190956e-06,
0.343000, 3.442188e-05,0.343000, 9.100468e-07,0.343000, 4.109364e-06,0.343000, 1.190956e-06,
0.344000, 3.442188e-05,0.344000, 9.100468e-07,0.344000, 4.109364e-06,0.344000, 1.190956e-06,
0.345000, 3.442188e-05,0.345000, 9.100468e-07,0.345000, 4.109364e-06,0.345000, 1.190956e-06,
0.346000, 3.442188e-05,0.346000, 9.100468e-07,0.346000, 4.109364e-06,0.346000, 1.190956e-06,
0.347000, 3.442188e-05,0.347000, 9.100468e-07,0.347000, 4.109364e-06,0.347000, 1.190956e-06,
0.348000, 3.442188e-05,0.348000, 9.100468e-07,0.348000, 4.109364e-06,0.348000, 1.190956e-06,
0.349000, 3.442188e-05,0.349000, 9.100468e-07,0.349000, 4.109364e-06,0.349000, 1.190956e-06,
0.350000, 3.442188e-05,0.350000, 9.100468e-07,0.350000, 4.109364e-06,0.350000, 1.190956e-06,
0.351000, 3.442188e-05,0.351000, 9.100468e-07,0.351000, 4.109364e-06,0.351000, 1.190956e-06,
0.352000, 3.442188e-05,0.352000, 9.100468e-07,0.352000, 4.109364e-06,0.352000, 1.190956e-06,
0.353000, 3.442188e-05,0.353000, 9.100468e-07,0.353000, 4.109364e-06,0.353000, 1.190956e-06,
0.354000, 3.442188e-05,0.354000, 9.100468e-07,0.354000, 4.109364e-06,0.354000, 1.190956e-06,
0.355000, 3.442188e-05,0.355000, 9.100468e-07,0.355000, 4.109364e-06,0.355000, 1.190956e-06,
0.356000, 3.442188e-05,0.356000, 9.100468e-07,0.356000, 4.109364e-06,0.356000, 1.190956e-06,
0.357000, 3.442188e-05,0.357000, 9.100468e-07,0.357000, 4.109364e-06,0.357000, 1.190956e-06,
0.358000, 3.442188e-05,0.358000, 9.100468e-07,0.358000, 4.109364e-06,0.358000, 1.190956e-06,
0.359000, 3.442188e-05,0.359000, 9.100468e-07,0.359000, 4.109364e-06,0.359000, 1.190956e-06,
0.360000, 3.442188e-05,0.360000, 9.100468e-07,0.360000, 4.109364e-06,0.360000, 1.190956e-06,
0.361000, 3.442188e-05,0.361000, 9.100468e-07,0.361000, 4.109364e-06,0.361000, 1.190956e-06,
0.362000, 3.442188e-05,0.362000, 9.100468e-07,0.362000, 4.109364e-06,0.362000, 1.190956e-06,
0.363000, 3.442188e-05,0.363000, 9.100468e-07,0.363000, 4.109364e-06,0.363000, 1.190956e-06,
0.364000, 3.442188e-05,0.364000, 9.100468e-07,0.364000, 4.109364e-06,0.364000, 1.190956e-06,
0.365000, 3.442188e-05,0.365000, 9.100468e-07,0.365000, 4.109364e-06,0.365000, 1.190956e-06,
0.366000, 3.442188e-05,0.366000, 9.100468e-07,0.366000, 4.109364e-06,0.366000, 1.190956e-06,
0.367000, 3.442188e-05,0.367000, 9.100468e-07,0.367000, 4.109364e-06,0.367000, 1.190956e-06,
0.368000, 3.442188e-05,0.368000, 9.100468e-07,0.368000, 4.109364e-06,0.368000, 1.190956e-06,
0.369000, 3.442188e-05,0.369000, 9.100468e-07,0.369000, 4.109364e-06,0.369000, 1.190956e-06,
0.370000, 3.442188e-05,0.370000, 9.100468e-07,0.370000, 4.109364e-06,0.370000, 1.190956e-06,
0.371000, 3.442188e-05,0.371000, 9.100468e-07,0.371000, 4.109364e-06,0.371000, 1.190956e-06,
0.372000, 3.442188e-05,0.372000, 9.100468e-07,0.372000, 4.109364e-06,0.372000, 1.190956e-06,
0.373000, 3.442188e-05,0.373000, 9.100468e-07,0.373000, 4.109364e-06,0.373000, 1.190956e-06,
0.374000, 3.442188e-05,0.374000, 9.100468e-07,0.374000, 4.109364e-06,0.374000, 1.190956e-06,
0.375000, 3.442188e-05,0.375000, 9.100468e-07,0.375000, 4.109364e-06,0.375000, 1.190956e-06,
0.376000, 3.442188e-05,0.376000, 9.100468e-07,0.376000, 4.109364e-06,0.376000, 1.190956e-06,
0.377000, 3.442188e-05,0.377000, 9.100468e-07,0.377000, 4.109364e-06,0.377000, 1.190956e-06,
0.378000, 3.442188e-05,0.378000, 9.100468e-07,0.378000, 4.109364e-06,0.378000, 1.190956e-06,
0.379000, 3.442188e-05,0.379000, 9.100468e-07,0.379000, 4.109364e-06,0.379000, 1.190956e-06,
0.380000, 3.442188e-05,0.380000, 9.100468e-07,0.380000, 4.109364e-06,0.380000, 1.190956e-06,
0.381000, 3.442188e-05,0.381000, 9.100468e-07,0.381000, 4.109364e-06,0.381000, 1.190956e-06,
0.382000, 3.442188e-05,0.382000, 9.100468e-07,0.382000, 4.109364e-06,0.382000, 1.190956e-06,
0.383000, 3.442188e-05,0.383000, 9.100468e-07,0.383000, 4.109364e-06,0.383000, 1.190956e-06,
0.384000, 3.442188e-05,0.384000, 9.100468e-07,0.384000, 4.109364e-06,0.384000, 1.190956e-06,
0.385000, 3.442188e-05,0.385000, 9.100468e-07,0.385000, 4.109364e-06,0.385000, 1.190956e-06,
0.386000, 3.442188e-05,0.386000, 9.100468e-07,0.386000, 4.109364e-06,0.386000, 1.190956e-06,
0.387000, 3.442188e-05,0.387000, 9.100468e-07,0.387000, 4.109364e-06,0.387000, 1.190956e-06,
0.388000, 3.442188e-05,0.388000, 9.100468e-07,0.388000, 4.109364e-06,0.388000, 1.190956e-06,
0.389000, 3.442188e-05,0.389000, 9.100468e-07,0.389000, 4.109364e-06,0.389000, 1.190956e-06,
0.390000, 3.442188e-05,0.390000, 9.100468e-07,0.390000, 4.109364e-06,0.390000, 1.190956e-06,
0.391000, 3.442188e-05,0.391000, 9.100468e-07,0.391000, 4.109364e-06,0.391000, 1.190956e-06,
0.392000, 3.442188e-05,0.392000, 9.100468e-07,0.392000, 4.109364e-06,0.392000, 1.190956e-06,
0.393000, 3.442188e-05,0.393000, 9.100468e-07,0.393000, 4.109364e-06,0.393000, 1.190956e-06,
0.394000, 3.442188e-05,0.394000, 9.100468e-07,0.394000, 4.109364e-06,0.394000, 1.190956e-06,
0.395000, 3.442188e-05,0.395000, 9.100468e-07,0.395000, 4.109364e-06,0.395000, 1.190956e-06,
0.396000, 3.442188e-05,0.396000, 9.100468e-07,0.396000, 4.109364e-06,0.396000, 1.190956e-06,
0.397000, 3.442188e-05,0.397000, 9.100468e-07,0.397000, 4.109364e-06,0.397000, 1.190956e-06,
0.398000, 3.442188e-05,0.398000, 9.100468e-07,0.398000, 4.109364e-06,0.398000, 1.190956e-06,
0.399000, 3.442188e-05,0.399000, 9.100468e-07,0.399000, 4.109364e-06,0.399000, 1.190956e-06,
0.400000, 3.442188e-05,0.400000, 9.100468e-07,0.400000, 4.109364e-06,0.400000, 1.190956e-06,
0.401000, 3.442188e-05,0.401000, 9.100468e-07,0.401000, 4.109364e-06,0.401000, 1.190956e-06,
0.402000, 3.442188e-05,0.402000, 9.100468e-07,0.402000, 4.109364e-06,0.402000, 1.190956e-06,
0.403000, 3.442188e-05,0.403000, 9.100468e-07,0.403000, 4.109364e-06,0.403000, 1.190956e-06,
0.404000, 3.442188e-05,0.404000, 9.100468e-07,0.404000, 4.109364e-06,0.404000, 1.190956e-06,
0.405000, 3.442188e-05,0.405000, 9.100468e-07,0.405000, 4.109364e-06,0.405000, 1.190956e-06,
0.406000, 3.442188e-05,0.406000, 9.100468e-07,0.406000, 4.109364e-06,0.406000, 1.190956e-06,
0.407000, 3.442188e-05,0.407000, 9.100468e-07,0.407000, 4.109364e-06,0.407000, 1.190956e-06,
0.408000, 3.442188e-05,0.408000, 9.100468e-07,0.408000, 4.109364e-06,0.408000, 1.190956e-06,
0.409000, 3.442188e-05,0.409000, 9.100468e-07,0.409000, 4.109364e-06,0.409000, 1.190956e-06,
0.410000, 3.442188e-05,0.410000, 9.100468e-07,0.410000, 4.109364e-06,0.410000, 1.190956e-06,
0.411000, 3.442188e-05,0.411000, 9.100468e-07,0.411000, 4.109364e-06,0.411000, 1.190956e-06,
0.412000, 3.442188e-05,0.412000, 9.100468e-07,0.412000, 4.109364e-06,0.412000, 1.190956e-06,
0.413000, 3.442188e-05,0.413000, 9.100468e-07,0.413000, 4.109364e-06,0.413000, 1.190956e-06,
0.414000, 3.442188e-05,0.414000, 9.100468e-07,0.414000, 4.109364e-06,0.414000, 1.190956e-06,
0.415000, 3.442188e-05,0.415000, 9.100468e-07,0.415000, 4.109364e-06,0.415000, 1.190956e-06,
0.416000, 3.442188e-05,0.416000, 9.100468e-07,0.416000, 4.109364e-06,0.416000, 1.190956e-06,
0.417000, 3.442188e-05,0.417000, 9.100468e-07,0.417000, 4.109364e-06,0.417000, 1.190956e-06,
0.418000, 3.442188e-05,0.418000, 9.100468e-07,0.418000, 4.109364e-06,0.418000, 1.190956e-06,
0.419000, 3.442188e-05,0.419000, 9.100468e-07,0.419000, 4.109364e-06,0.419000, 1.190956e-06,
0.420000, 3.442188e-05,0.420000, 9.100468e-07,0.420000, 4.109364e-06,0.420000, 1.190956e-06,
0.421000, 3.442188e-05,0.421000, 9.100468e-07,0.421000, 4.109364e-06,0.421000, 1.190956e-06,
0.422000, 3.442188e-05,0.422000, 9.100468e-07,0.422000, 4.109364e-06,0.422000, 1.190956e-06,
0.423000, 3.442188e-05,0.423000, 9.100468e-07,0.423000, 4.109364e-06,0.423000, 1.190956e-06,
0.424000, 3.442188e-05,0.424000, 9.100468e-07,0.424000, 4.109364e-06,0.424000, 1.190956e-06,
0.425000, 3.442188e-05,0.425000, 9.100468e-07,0.425000, 4.109364e-06,0.425000, 1.190956e-06,
0.426000, 3.442188e-05,0.426000, 9.100468e-07,0.426000, 4.109364e-06,0.426000, 1.190956e-06,
0.427000, 3.442188e-05,0.427000, 9.100468e-07,0.427000, 4.109364e-06,0.427000, 1.190956e-06,
0.428000, 3.442188e-05,0.428000, 9.100468e-07,0.428000, 4.109364e-06,0.428000, 1.190956e-06,
0.429000, 3.442188e-05,0.429000, 9.100468e-07,0.429000, 4.109364e-06,0.429000, 1.190956e-06,
0.430000, 3.442188e-05,0.430000, 9.100468e-07,0.430000, 4.109364e-06,0.430000, 1.190956e-06,
0.431000, 3.442188e-05,0.431000, 9.100468e-07,0.431000, 4.109364e-06,0.431000, 1.190956e-06,
0.432000, 3.442188e-05,0.432000, 9.100468e-07,0.432000, 4.109364e-06,0.432000, 1.190956e-06,
0.433000, 3.442188e-05,0.433000, 9.100468e-07,0.433000, 4.109364e-06,0.433000, 1.190956e-06,
0.434000, 3.442188e-05,0.434000, 9.100468e-07,0.434000, 4.109364e-06,0.434000, 1.190956e-06,
0.435000, 3.442188e-05,0.435000, 9.100468e-07,0.435000, 4.109364e-06,0.435000, 1.190956e-06,
0.436000, 3.442188e-05,0.436000, 9.100468e-07,0.436000, 4.109364e-06,0.436000, 1.190956e-06,
0.437000, 3.442188e-05,0.437000, 9.100468e-07,0.437000, 4.109364e-06,0.437000, 1.190956e-06,
0.438000, 3.442188e-05,0.438000, 9.100468e-07,0.438000, 4.109364e-06,0.438000, 1.190956e-06,
0.439000, 3.442188e-05,0.439000, 9.100468e-07,0.439000, 4.109364e-06,0.439000, 1.190956e-06,
0.440000, 3.442188e-05,0.440000, 9.100468e-07,0.440000, 4.109364e-06,0.440000, 1.190956e-06,
0.441000, 3.442188e-05,0.441000, 9.100468e-07,0.441000, 4.109364e-06,0.441000, 1.190956e-06,
0.442000, 3.442188e-05,0.442000, 9.100468e-07,0.442000, 4.109364e-06,0.442000, 1.190956e-06,
0.443000, 3.442188e-05,0.443000, 9.100468e-07,0.443000, 4.109364e-06,0.443000, 1.190956e-06,
0.444000, 3.442188e-05,0.444000, 9.100468e-07,0.444000, 4.109364e-06,0.444000, 1.190956e-06,
0.445000, 3.442188e-05,0.445000, 9.100468e-07,0.445000, 4.109364e-06,0.445000, 1.190956e-06,
0.446000, 3.442188e-05,0.446000, 9.100468e-07,0.446000, 4.109364e-06,0.446000, 1.190956e-06,
0.447000, 3.442188e-05,0.447000, 9.100468e-07,0.447000, 4.109364e-06,0.447000, 1.190956e-06,
0.448000, 3.442188e-05,0.448000, 9.100468e-07,0.448000, 4.109364e-06,0.448000, 1.190956e-06,
0.449000, 3.442188e-05,0.449000, 9.100468e-07,0.449000, 4.109364e-06,0.449000, 1.190956e-06,
0.450000, 3.442188e-05,0.450000, 9.100468e-07,0.450000, 4.109364e-06,0.450000, 1.190956e-06,
0.451000, 3.442188e-05,0.451000, 9.100468e-07,0.451000, 4.109364e-06,0.451000, 1.190956e-06,
0.452000, 3.442188e-05,0.452000, 9.100468e-07,0.452000, 4.109364e-06,0.452000, 1.190956e-06,
0.453000, 3.442188e-05,0.453000, 9.100468e-07,0.453000, 4.109364e-06,0.453000, 1.190956e-06,
0.454000, 3.442188e-05,0.454000, 9.100468e-07,0.454000, 4.109364e-06,0.454000, 1.190956e-06,
0.455000, 3.442188e-05,0.455000, 9.100468e-07,0.455000, 4.109364e-06,0.455000, 1.190956e-06,
0.456000, 3.442188e-05,0.456000, 9.100468e-07,0.456000, 4.109364e-06,0.456000, 1.190956e-06,
0.457000, 3.442188e-05,0.457000, 9.100468e-07,0.457000, 4.109364e-06,0.457000, 1.190956e-06,
0.458000, 3.442188e-05,0.458000, 9.100468e-07,0.458000, 4.109364e-06,0.458000, 1.190956e-06,
0.459000, 3.442188e-05,0.459000, 9.100468e-07,0.459000, 4.109364e-06,0.459000, 1.190956e-06,
0.460000, 3.442188e-05,0.460000, 9.100468e-07,0.460000, 4.109364e-06,0.460000, 1.190956e-06,
0.461000, 3.442188e-05,0.461000, 9.100468e-07,0.461000, 4.109364e-06,0.461000, 1.190956e-06,
0.462000, 3.442188e-05,0.462000, 9.100468e-07,0.462000, 4.109364e-06,0.462000, 1.190956e-06,
0.463000, 3.442188e-05,0.463000, 9.100468e-07,0.463000, 4.109364e-06,0.463000, 1.190956e-06,
0.464000, 3.442188e-05,0.464000, 9.100468e-07,0.464000, 4.109364e-06,0.464000, 1.190956e-06,
0.465000, 3.442188e-05,0.465000, 9.100468e-07,0.465000, 4.109364e-06,0.465000, 1.190956e-06,
0.466000, 3.442188e-05,0.466000, 9.100468e-07,0.466000, 4.109364e-06,0.466000, 1.190956e-06,
0.467000, 3.442188e-05,0.467000, 9.100468e-07,0.467000, 4.109364e-06,0.467000, 1.190956e-06,
0.468000, 3.442188e-05,0.468000, 9.100468e-07,0.468000, 4.109364e-06,0.468000, 1.190956e-06,
0.469000, 3.442188e-05,0.469000, 9.100468e-07,0.469000, 4.109364e-06,0.469000, 1.190956e-06,
0.470000, 3.442188e-05,0.470000, 9.100468e-07,0.470000, 4.109364e-06,0.470000, 1.190956e-06,
0.471000, 3.442188e-05,0.471000, 9.100468e-07,0.471000, 4.109364e-06,0.471000, 1.190956e-06,
0.472000, 3.442188e-05,0.472000, 9.100468e-07,0.472000, 4.109364e-06,0.472000, 1.190956e-06,
0.473000, 3.442188e-05,0.473000, 9.100468e-07,0.473000, 4.109364e-06,0.473000, 1.190956e-06,
0.474000, 3.442188e-05,0.474000, 9.100468e-07,0.474000, 4.109364e-06,0.474000, 1.190956e-06,
0.475000, 3.442188e-05,0.475000, 9.100468e-07,0.475000, 4.109364e-06,0.475000, 1.190956e-06,
0.476000, 3.442188e-05,0.476000, 9.100468e-07,0.476000, 4.109364e-06,0.476000, 1.190956e-06,
0.477000, 3.442188e-05,0.477000, 9.100468e-07,0.477000, 4.109364e-06,0.477000, 1.190956e-06,
0.478000, 3.442188e-05,0.478000, 9.100468e-07,0.478000, 4.109364e-06,0.478000, 1.190956e-06,
0.479000, 3.442188e-05,0.479000, 9.100468e-07,0.479000, 4.109364e-06,0.479000, 1.190956e-06,
0.480000, 3.442188e-05,0.480000, 9.100468e-07,0.480000, 4.109364e-06,0.480000, 1.190956e-06,
0.481000, 3.442188e-05,0.481000, 9.100468e-07,0.481000, 4.109364e-06,0.481000, 1.190956e-06,
0.482000, 3.442188e-05,0.482000, 9.100468e-07,0.482000, 4.109364e-06,0.482000, 1.190956e-06,
0.483000, 3.442188e-05,0.483000, 9.100468e-07,0.483000, 4.109364e-06,0.483000, 1.190956e-06,
0.484000, 3.442188e-05,0.484000, 9.100468e-07,0.484000, 4.109364e-06,0.484000, 1.190956e-06,
0.485000, 3.442188e-05,0.485000, 9.100468e-07,0.485000, 4.109364e-06,0.485000, 1.190956e-06,
0.486000, 3.442188e-05,0.486000, 9.100468e-07,0.486000, 4.109364e-06,0.486000, 1.190956e-06,
0.487000, 3.442188e-05,0.487000, 9.100468e-07,0.487000, 4.109364e-06,0.487000, 1.190956e-06,
0.488000, 3.442188e-05,0.488000, 9.100468e-07,0.488000, 4.109364e-06,0.488000, 1.190956e-06,
0.489000, 3.442188e-05,0.489000, 9.100468e-07,0.489000, 4.109364e-06,0.489000, 1.190956e-06,
0.490000, 3.442188e-05,0.490000, 9.100468e-07,0.490000, 4.109364e-06,0.490000, 1.190956e-06,
0.491000, 3.442188e-05,0.491000, 9.100468e-07,0.491000, 4.109364e-06,0.491000, 1.190956e-06,
0.492000, 3.442188e-05,0.492000, 9.100468e-07,0.492000, 4.109364e-06,0.492000, 1.190956e-06,
0.493000, 3.442188e-05,0.493000, 9.100468e-07,0.493000, 4.109364e-06,0.493000, 1.190956e-06,
0.494000, 3.442188e-05,0.494000, 9.100468e-07,0.494000, 4.109364e-06,0.494000, 1.190956e-06,
0.495000, 3.442188e-05,0.495000, 9.100468e-07,0.495000, 4.109364e-06,0.495000, 1.190956e-06,
0.496000, 3.442188e-05,0.496000, 9.100468e-07,0.496000, 4.109364e-06,0.496000, 1.190956e-06,
0.497000, 3.442188e-05,0.497000, 9.100468e-07,0.497000, 4.109364e-06,0.497000, 1.190956e-06,
0.498000, 3.442188e-05,0.498000, 9.100468e-07,0.498000, 4.109364e-06,0.498000, 1.190956e-06,
0.499000, 3.442188e-05,0.499000, 9.100468e-07,0.499000, 4.109364e-06,0.499000, 1.190956e-06,
0.500000, 3.442188e-05,0.500000, 9.100468e-07,0.500000, 4.109364e-06,0.500000, 1.190956e-06,
0.501000, 3.442188e-05,0.501000, 9.100468e-07,0.501000, 4.109364e-06,0.501000, 1.190956e-06,
0.502000, 3.442188e-05,0.502000, 9.100468e-07,0.502000, 4.109364e-06,0.502000, 1.190956e-06,
0.503000, 3.442188e-05,0.503000, 9.100468e-07,0.503000, 4.109364e-06,0.503000, 1.190956e-06,
0.504000, 3.442188e-05,0.504000, 9.100468e-07,0.504000, 4.109364e-06,0.504000, 1.190956e-06,
0.505000, 3.442188e-05,0.505000, 9.100468e-07,0.505000, 4.109364e-06,0.505000, 1.190956e-06,
0.506000, 3.442188e-05,0.506000, 9.100468e-07,0.506000, 4.109364e-06,0.506000, 1.190956e-06,
0.507000, 3.442188e-05,0.507000, 9.100468e-07,0.507000, 4.109364e-06,0.507000, 1.190956e-06,
0.508000, 3.442188e-05,0.508000, 9.100468e-07,0.508000, 4.109364e-06,0.508000, 1.190956e-06,
0.509000, 3.442188e-05,0.509000, 9.100468e-07,0.509000, 4.109364e-06,0.509000, 1.190956e-06,
0.510000, 3.442188e-05,0.510000, 9.100468e-07,0.510000, 4.109364e-06,0.510000, 1.190956e-06,
0.511000, 3.442188e-05,0.511000, 9.100468e-07,0.511000, 4.109364e-06,0.511000, 1.190956e-06,
0.512000, 3.442188e-05,0.512000, 9.100468e-07,0.512000, 4.109364e-06,0.512000, 1.190956e-06,
0.513000, 3.442188e-05,0.513000, 9.100468e-07,0.513000, 4.109364e-06,0.513000, 1.190956e-06,
0.514000, 3.442188e-05,0.514000, 9.100468e-07,0.514000, 4.109364e-06,0.514000, 1.190956e-06,
0.515000, 3.442188e-05,0.515000, 9.100468e-07,0.515000, 4.109364e-06,0.515000, 1.190956e-06,
0.516000, 3.442188e-05,0.516000, 9.100468e-07,0.516000, 4.109364e-06,0.516000, 1.190956e-06,
0.517000, 3.442188e-05,0.517000, 9.100468e-07,0.517000, 4.109364e-06,0.517000, 1.190956e-06,
0.518000, 3.442188e-05,0.518000, 9.100468e-07,0.518000, 4.109364e-06,0.518000, 1.190956e-06,
0.519000, 3.442188e-05,0.519000, 9.100468e-07,0.519000, 4.109364e-06,0.519000, 1.190956e-06,
0.520000, 3.442188e-05,0.520000, 9.100468e-07,0.520000, 4.109364e-06,0.520000, 1.190956e-06,
0.521000, 3.442188e-05,0.521000, 9.100468e-07,0.521000, 4.109364e-06,0.521000, 1.190956e-06,
0.522000, 3.442188e-05,0.522000, 9.100468e-07,0.522000, 4.109364e-06,0.522000, 1.190956e-06,
0.523000, 3.442188e-05,0.523000, 9.100468e-07,0.523000, 4.109364e-06,0.523000, 1.190956e-06,
0.524000, 3.442188e-05,0.524000, 9.100468e-07,0.524000, 4.109364e-06,0.524000, 1.190956e-06,
0.525000, 3.442188e-05,0.525000, 9.100468e-07,0.525000, 4.109364e-06,0.525000, 1.190956e-06,
0.526000, 3.442188e-05,0.526000, 9.100468e-07,0.526000, 4.109364e-06,0.526000, 1.190956e-06,
0.527000, 3.442188e-05,0.527000, 9.100468e-07,0.527000, 4.109364e-06,0.527000, 1.190956e-06,
0.528000, 3.442188e-05,0.528000, 9.100468e-07,0.528000, 4.109364e-06,0.528000, 1.190956e-06,
0.529000, 3.442188e-05,0.529000, 9.100468e-07,0.529000, 4.109364e-06,0.529000, 1.190956e-06,
0.530000, 3.442188e-05,0.530000, 9.100468e-07,0.530000, 4.109364e-06,0.530000, 1.190956e-06,
0.531000, 3.442188e-05,0.531000, 9.100468e-07,0.531000, 4.109364e-06,0.531000, 1.190956e-06,
0.532000, 3.442188e-05,0.532000, 9.100468e-07,0.532000, 4.109364e-06,0.532000, 1.190956e-06,
0.533000, 3.442188e-05,0.533000, 9.100468e-07,0.533000, 4.109364e-06,0.533000, 1.190956e-06,
0.534000, 3.442188e-05,0.534000, 9.100468e-07,0.534000, 4.109364e-06,0.534000, 1.190956e-06,
0.535000, 3.442188e-05,0.535000, 9.100468e-07,0.535000, 4.109364e-06,0.535000, 1.190956e-06,
0.536000, 3.442188e-05,0.536000, 9.100468e-07,0.536000, 4.109364e-06,0.536000, 1.190956e-06,
0.537000, 3.442188e-05,0.537000, 9.100468e-07,0.537000, 4.109364e-06,0.537000, 1.190956e-06,
0.538000, 3.442188e-05,0.538000, 9.100468e-07,0.538000, 4.109364e-06,0.538000, 1.190956e-06,
0.539000, 3.442188e-05,0.539000, 9.100468e-07,0.539000, 4.109364e-06,0.539000, 1.190956e-06,
0.540000, 3.442188e-05,0.540000, 9.100468e-07,0.540000, 4.109364e-06,0.540000, 1.190956e-06,
0.541000, 3.442188e-05,0.541000, 9.100468e-07,0.541000, 4.109364e-06,0.541000, 1.190956e-06,
0.542000, 3.442188e-05,0.542000, 9.100468e-07,0.542000, 4.109364e-06,0.542000, 1.190956e-06,
0.543000, 3.442188e-05,0.543000, 9.100468e-07,0.543000, 4.109364e-06,0.543000, 1.190956e-06,
0.544000, 3.442188e-05,0.544000, 9.100468e-07,0.544000, 4.109364e-06,0.544000, 1.190956e-06,
0.545000, 3.442188e-05,0.545000, 9.100468e-07,0.545000, 4.109364e-06,0.545000, 1.190956e-06,
0.546000, 3.442188e-05,0.546000, 9.100468e-07,0.546000, 4.109364e-06,0.546000, 1.190956e-06,
0.547000, 3.442188e-05,0.547000, 9.100468e-07,0.547000, 4.109364e-06,0.547000, 1.190956e-06,
0.548000, 3.442188e-05,0.548000, 9.100468e-07,0.548000, 4.109364e-06,0.548000, 1.190956e-06,
0.549000, 3.442188e-05,0.549000, 9.100468e-07,0.549000, 4.109364e-06,0.549000, 1.190956e-06,
0.550000, 3.442188e-05,0.550000, 9.100468e-07,0.550000, 4.109364e-06,0.550000, 1.190956e-06,
0.551000, 3.442188e-05,0.551000, 9.100468e-07,0.551000, 4.109364e-06,0.551000, 1.190956e-06,
0.552000, 3.442188e-05,0.552000, 9.100468e-07,0.552000, 4.109364e-06,0.552000, 1.190956e-06,
0.553000, 3.442188e-05,0.553000, 9.100468e-07,0.553000, 4.109364e-06,0.553000, 1.190956e-06,
0.554000, 3.442188e-05,0.554000, 9.100468e-07,0.554000, 4.109364e-06,0.554000, 1.190956e-06,
0.555000, 3.442188e-05,0.555000, 9.100468e-07,0.555000, 4.109364e-06,0.555000, 1.190956e-06,
0.556000, 3.442188e-05,0.556000, 9.100468e-07,0.556000, 4.109364e-06,0.556000, 1.190956e-06,
0.557000, 3.442188e-05,0.557000, 9.100468e-07,0.557000, 4.109364e-06,0.557000, 1.190956e-06,
0.558000, 3.442188e-05,0.558000, 9.100468e-07,0.558000, 4.109364e-06,0.558000, 1.190956e-06,
0.559000, 3.442188e-05,0.559000, 9.100468e-07,0.559000, 4.109364e-06,0.559000, 1.190956e-06,
0.560000, 3.442188e-05,0.560000, 9.100468e-07,0.560000, 4.109364e-06,0.560000, 1.190956e-06,
0.561000, 3.442188e-05,0.561000, 9.100468e-07,0.561000, 4.109364e-06,0.561000, 1.190956e-06,
0.562000, 3.442188e-05,0.562000, 9.100468e-07,0.562000, 4.109364e-06,0.562000, 1.190956e-06,
0.563000, 3.442188e-05,0.563000, 9.100468e-07,0.563000, 4.109364e-06,0.563000, 1.190956e-06,
0.564000, 3.442188e-05,0.564000, 9.100468e-07,0.564000, 4.109364e-06,0.564000, 1.190956e-06,
0.565000, 3.442188e-05,0.565000, 9.100468e-07,0.565000, 4.109364e-06,0.565000, 1.190956e-06,
0.566000, 3.442188e-05,0.566000, 9.100468e-07,0.566000, 4.109364e-06,0.566000, 1.190956e-06,
0.567000, 3.442188e-05,0.567000, 9.100468e-07,0.567000, 4.109364e-06,0.567000, 1.190956e-06,
0.568000, 3.442188e-05,0.568000, 9.100468e-07,0.568000, 4.109364e-06,0.568000, 1.190956e-06,
0.569000, 3.442188e-05,0.569000, 9.100468e-07,0.569000, 4.109364e-06,0.569000, 1.190956e-06,
0.570000, 3.442188e-05,0.570000, 9.100468e-07,0.570000, 4.109364e-06,0.570000, 1.190956e-06,
0.571000, 3.442188e-05,0.571000, 9.100468e-07,0.571000, 4.109364e-06,0.571000, 1.190956e-06,
0.572000, 3.442188e-05,0.572000, 9.100468e-07,0.572000, 4.109364e-06,0.572000, 1.190956e-06,
0.573000, 3.442188e-05,0.573000, 9.100468e-07,0.573000, 4.109364e-06,0.573000, 1.190956e-06,
0.574000, 3.442188e-05,0.574000, 9.100468e-07,0.574000, 4.109364e-06,0.574000, 1.190956e-06,
0.575000, 3.442188e-05,0.575000, 9.100468e-07,0.575000, 4.109364e-06,0.575000, 1.190956e-06,
0.576000, 3.442188e-05,0.576000, 9.100468e-07,0.576000, 4.109364e-06,0.576000, 1.190956e-06,
0.577000, 3.442188e-05,0.577000, 9.100468e-07,0.577000, 4.109364e-06,0.577000, 1.190956e-06,
0.578000, 3.442188e-05,0.578000, 9.100468e-07,0.578000, 4.109364e-06,0.578000, 1.190956e-06,
0.579000, 3.442188e-05,0.579000, 9.100468e-07,0.579000, 4.109364e-06,0.579000, 1.190956e-06,
0.580000, 3.442188e-05,0.580000, 9.100468e-07,0.580000, 4.109364e-06,0.580000, 1.190956e-06,
0.581000, 3.442188e-05,0.581000, 9.100468e-07,0.581000, 4.109364e-06,0.581000, 1.190956e-06,
0.582000, 3.442188e-05,0.582000, 9.100468e-07,0.582000, 4.109364e-06,0.582000, 1.190956e-06,
0.583000, 3.442188e-05,0.583000, 9.100468e-07,0.583000, 4.109364e-06,0.583000, 1.190956e-06,
0.584000, 3.442188e-05,0.584000, 9.100468e-07,0.584000, 4.109364e-06,0.584000, 1.190956e-06,
0.585000, 3.442188e-05,0.585000, 9.100468e-07,0.585000, 4.109364e-06,0.585000, 1.190956e-06,
0.586000, 3.442188e-05,0.586000, 9.100468e-07,0.586000, 4.109364e-06,0.586000, 1.190956e-06,
0.587000, 3.442188e-05,0.587000, 9.100468e-07,0.587000, 4.109364e-06,0.587000, 1.190956e-06,
0.588000, 3.442188e-05,0.588000, 9.100468e-07,0.588000, 4.109364e-06,0.588000, 1.190956e-06,
0.589000, 3.442188e-05,0.589000, 9.100468e-07,0.589000, 4.109364e-06,0.589000, 1.190956e-06,
0.590000, 3.442188e-05,0.590000, 9.100468e-07,0.590000, 4.109364e-06,0.590000, 1.190956e-06,
0.591000, 3.442188e-05,0.591000, 9.100468e-07,0.591000, 4.109364e-06,0.591000, 1.190956e-06,
0.592000, 3.442188e-05,0.592000, 9.100468e-07,0.592000, 4.109364e-06,0.592000, 1.190956e-06,
0.593000, 3.442188e-05,0.593000, 9.100468e-07,0.593000, 4.109364e-06,0.593000, 1.190956e-06,
0.594000, 3.442188e-05,0.594000, 9.100468e-07,0.594000, 4.109364e-06,0.594000, 1.190956e-06,
0.595000, 3.442188e-05,0.595000, 9.100468e-07,0.595000, 4.109364e-06,0.595000, 1.190956e-06,
0.596000, 3.442188e-05,0.596000, 9.100468e-07,0.596000, 4.109364e-06,0.596000, 1.190956e-06,
0.597000, 3.442188e-05,0.597000, 9.100468e-07,0.597000, 4.109364e-06,0.597000, 1.190956e-06,
0.598000, 3.442188e-05,0.598000, 9.100468e-07,0.598000, 4.109364e-06,0.598000, 1.190956e-06,
0.599000, 3.442188e-05,0.599000, 9.100468e-07,0.599000, 4.109364e-06,0.599000, 1.190956e-06,
0.600000, 3.442188e-05,0.600000, 9.100468e-07,0.600000, 4.109364e-06,0.600000, 1.190956e-06,
0.601000, 3.442188e-05,0.601000, 9.100468e-07,0.601000, 4.109364e-06,0.601000, 1.190956e-06,
0.602000, 3.442188e-05,0.602000, 9.100468e-07,0.602000, 4.109364e-06,0.602000, 1.190956e-06,
0.603000, 3.442188e-05,0.603000, 9.100468e-07,0.603000, 4.109364e-06,0.603000, 1.190956e-06,
0.604000, 3.442188e-05,0.604000, 9.100468e-07,0.604000, 4.109364e-06,0.604000, 1.190956e-06,
0.605000, 3.442188e-05,0.605000, 9.100468e-07,0.605000, 4.109364e-06,0.605000, 1.190956e-06,
0.606000, 3.442188e-05,0.606000, 9.100468e-07,0.606000, 4.109364e-06,0.606000, 1.190956e-06,
0.607000, 3.442188e-05,0.607000, 9.100468e-07,0.607000, 4.109364e-06,0.607000, 1.190956e-06,
0.608000, 3.442188e-05,0.608000, 9.100468e-07,0.608000, 4.109364e-06,0.608000, 1.190956e-06,
0.609000, 3.442188e-05,0.609000, 9.100468e-07,0.609000, 4.109364e-06,0.609000, 1.190956e-06,
0.610000, 3.442188e-05,0.610000, 9.100468e-07,0.610000, 4.109364e-06,0.610000, 1.190956e-06,
0.611000, 3.442188e-05,0.611000, 9.100468e-07,0.611000, 4.109364e-06,0.611000, 1.190956e-06,
0.612000, 3.442188e-05,0.612000, 9.100468e-07,0.612000, 4.109364e-06,0.612000, 1.190956e-06,
0.613000, 3.442188e-05,0.613000, 9.100468e-07,0.613000, 4.109364e-06,0.613000, 1.190956e-06,
0.614000, 3.442188e-05,0.614000, 9.100468e-07,0.614000, 4.109364e-06,0.614000, 1.190956e-06,
0.615000, 3.442188e-05,0.615000, 9.100468e-07,0.615000, 4.109364e-06,0.615000, 1.190956e-06,
0.616000, 3.442188e-05,0.616000, 9.100468e-07,0.616000, 4.109364e-06,0.616000, 1.190956e-06,
0.617000, 3.442188e-05,0.617000, 9.100468e-07,0.617000, 4.109364e-06,0.617000, 1.190956e-06,
0.618000, 3.442188e-05,0.618000, 9.100468e-07,0.618000, 4.109364e-06,0.618000, 1.190956e-06,
0.619000, 3.442188e-05,0.619000, 9.100468e-07,0.619000, 4.109364e-06,0.619000, 1.190956e-06,
0.620000, 3.442188e-05,0.620000, 9.100468e-07,0.620000, 4.109364e-06,0.620000, 1.190956e-06,
0.621000, 3.442188e-05,0.621000, 9.100468e-07,0.621000, 4.109364e-06,0.621000, 1.190956e-06,
0.622000, 3.442188e-05,0.622000, 9.100468e-07,0.622000, 4.109364e-06,0.622000, 1.190956e-06,
0.623000, 3.442188e-05,0.623000, 9.100468e-07,0.623000, 4.109364e-06,0.623000, 1.190956e-06,
0.624000, 3.442188e-05,0.624000, 9.100468e-07,0.624000, 4.109364e-06,0.624000, 1.190956e-06,
0.625000, 3.442188e-05,0.625000, 9.100468e-07,0.625000, 4.109364e-06,0.625000, 1.190956e-06,
0.626000, 3.442188e-05,0.626000, 9.100468e-07,0.626000, 4.109364e-06,0.626000, 1.190956e-06,
0.627000, 3.442188e-05,0.627000, 9.100468e-07,0.627000, 4.109364e-06,0.627000, 1.190956e-06,
0.628000, 3.442188e-05,0.628000, 9.100468e-07,0.628000, 4.109364e-06,0.628000, 1.190956e-06,
0.629000, 3.442188e-05,0.629000, 9.100468e-07,0.629000, 4.109364e-06,0.629000, 1.190956e-06,
0.630000, 3.442188e-05,0.630000, 9.100468e-07,0.630000, 4.109364e-06,0.630000, 1.190956e-06,
0.631000, 3.442188e-05,0.631000, 9.100468e-07,0.631000, 4.109364e-06,0.631000, 1.190956e-06,
0.632000, 3.442188e-05,0.632000, 9.100468e-07,0.632000, 4.109364e-06,0.632000, 1.190956e-06,
0.633000, 3.442188e-05,0.633000, 9.100468e-07,0.633000, 4.109364e-06,0.633000, 1.190956e-06,
0.634000, 3.442188e-05,0.634000, 9.100468e-07,0.634000, 4.109364e-06,0.634000, 1.190956e-06,
0.635000, 3.442188e-05,0.635000, 9.100468e-07,0.635000, 4.109364e-06,0.635000, 1.190956e-06,
0.636000, 3.442188e-05,0.636000, 9.100468e-07,0.636000, 4.109364e-06,0.636000, 1.190956e-06,
0.637000, 3.442188e-05,0.637000, 9.100468e-07,0.637000, 4.109364e-06,0.637000, 1.190956e-06,
0.638000, 3.442188e-05,0.638000, 9.100468e-07,0.638000, 4.109364e-06,0.638000, 1.190956e-06,
0.639000, 3.442188e-05,0.639000, 9.100468e-07,0.639000, 4.109364e-06,0.639000, 1.190956e-06,
0.640000, 3.442188e-05,0.640000, 9.100468e-07,0.640000, 4.109364e-06,0.640000, 1.190956e-06,
0.641000, 3.442188e-05,0.641000, 9.100468e-07,0.641000, 4.109364e-06,0.641000, 1.190956e-06,
0.642000, 3.442188e-05,0.642000, 9.100468e-07,0.642000, 4.109364e-06,0.642000, 1.190956e-06,
0.643000, 3.442188e-05,0.643000, 9.100468e-07,0.643000, 4.109364e-06,0.643000, 1.190956e-06,
0.644000, 3.442188e-05,0.644000, 9.100468e-07,0.644000, 4.109364e-06,0.644000, 1.190956e-06,
0.645000, 3.442188e-05,0.645000, 9.100468e-07,0.645000, 4.109364e-06,0.645000, 1.190956e-06,
0.646000, 3.442188e-05,0.646000, 9.100468e-07,0.646000, 4.109364e-06,0.646000, 1.190956e-06,
0.647000, 3.442188e-05,0.647000, 9.100468e-07,0.647000, 4.109364e-06,0.647000, 1.190956e-06,
0.648000, 3.442188e-05,0.648000, 9.100468e-07,0.648000, 4.109364e-06,0.648000, 1.190956e-06,
0.649000, 3.442188e-05,0.649000, 9.100468e-07,0.649000, 4.109364e-06,0.649000, 1.190956e-06,
0.650000, 3.442188e-05,0.650000, 9.100468e-07,0.650000, 4.109364e-06,0.650000, 1.190956e-06,
0.651000, 3.442188e-05,0.651000, 9.100468e-07,0.651000, 4.109364e-06,0.651000, 1.190956e-06,
0.652000, 3.442188e-05,0.652000, 9.100468e-07,0.652000, 4.109364e-06,0.652000, 1.190956e-06,
0.653000, 3.442188e-05,0.653000, 9.100468e-07,0.653000, 4.109364e-06,0.653000, 1.190956e-06,
0.654000, 3.442188e-05,0.654000, 9.100468e-07,0.654000, 4.109364e-06,0.654000, 1.190956e-06,
0.655000, 3.442188e-05,0.655000, 9.100468e-07,0.655000, 4.109364e-06,0.655000, 1.190956e-06,
0.656000, 3.442188e-05,0.656000, 9.100468e-07,0.656000, 4.109364e-06,0.656000, 1.190956e-06,
0.657000, 3.442188e-05,0.657000, 9.100468e-07,0.657000, 4.109364e-06,0.657000, 1.190956e-06,
0.658000, 3.442188e-05,0.658000, 9.100468e-07,0.658000, 4.109364e-06,0.658000, 1.190956e-06,
0.659000, 3.442188e-05,0.659000, 9.100468e-07,0.659000, 4.109364e-06,0.659000, 1.190956e-06,
0.660000, 3.442188e-05,0.660000, 9.100468e-07,0.660000, 4.109364e-06,0.660000, 1.190956e-06,
0.661000, 3.442188e-05,0.661000, 9.100468e-07,0.661000, 4.109364e-06,0.661000, 1.190956e-06,
0.662000, 3.442188e-05,0.662000, 9.100468e-07,0.662000, 4.109364e-06,0.662000, 1.190956e-06,
0.663000, 3.442188e-05,0.663000, 9.100468e-07,0.663000, 4.109364e-06,0.663000, 1.190956e-06,
0.664000, 3.442188e-05,0.664000, 9.100468e-07,0.664000, 4.109364e-06,0.664000, 1.190956e-06,
0.665000, 3.442188e-05,0.665000, 9.100468e-07,0.665000, 4.109364e-06,0.665000, 1.190956e-06,
0.666000, 3.442188e-05,0.666000, 9.100468e-07,0.666000, 4.109364e-06,0.666000, 1.190956e-06,
0.667000, 3.442188e-05,0.667000, 9.100468e-07,0.667000, 4.109364e-06,0.667000, 1.190956e-06,
0.668000, 3.442188e-05,0.668000, 9.100468e-07,0.668000, 4.109364e-06,0.668000, 1.190956e-06,
0.669000, 3.442188e-05,0.669000, 9.100468e-07,0.669000, 4.109364e-06,0.669000, 1.190956e-06,
0.670000, 3.442188e-05,0.670000, 9.100468e-07,0.670000, 4.109364e-06,0.670000, 1.190956e-06,
0.671000, 3.442188e-05,0.671000, 9.100468e-07,0.671000, 4.109364e-06,0.671000, 1.190956e-06,
0.672000, 3.442188e-05,0.672000, 9.100468e-07,0.672000, 4.109364e-06,0.672000, 1.190956e-06,
0.673000, 3.442188e-05,0.673000, 9.100468e-07,0.673000, 4.109364e-06,0.673000, 1.190956e-06,
0.674000, 3.442188e-05,0.674000, 9.100468e-07,0.674000, 4.109364e-06,0.674000, 1.190956e-06,
0.675000, 3.442188e-05,0.675000, 9.100468e-07,0.675000, 4.109364e-06,0.675000, 1.190956e-06,
0.676000, 3.442188e-05,0.676000, 9.100468e-07,0.676000, 4.109364e-06,0.676000, 1.190956e-06,
0.677000, 3.442188e-05,0.677000, 9.100468e-07,0.677000, 4.109364e-06,0.677000, 1.190956e-06,
0.678000, 3.442188e-05,0.678000, 9.100468e-07,0.678000, 4.109364e-06,0.678000, 1.190956e-06,
0.679000, 3.442188e-05,0.679000, 9.100468e-07,0.679000, 4.109364e-06,0.679000, 1.190956e-06,
0.680000, 3.442188e-05,0.680000, 9.100468e-07,0.680000, 4.109364e-06,0.680000, 1.190956e-06,
0.681000, 3.442188e-05,0.681000, 9.100468e-07,0.681000, 4.109364e-06,0.681000, 1.190956e-06,
0.682000, 3.442188e-05,0.682000, 9.100468e-07,0.682000, 4.109364e-06,0.682000, 1.190956e-06,
0.683000, 3.442188e-05,0.683000, 9.100468e-07,0.683000, 4.109364e-06,0.683000, 1.190956e-06,
0.684000, 3.442188e-05,0.684000, 9.100468e-07,0.684000, 4.109364e-06,0.684000, 1.190956e-06,
0.685000, 3.442188e-05,0.685000, 9.100468e-07,0.685000, 4.109364e-06,0.685000, 1.190956e-06,
0.686000, 3.442188e-05,0.686000, 9.100468e-07,0.686000, 4.109364e-06,0.686000, 1.190956e-06,
0.687000, 3.442188e-05,0.687000, 9.100468e-07,0.687000, 4.109364e-06,0.687000, 1.190956e-06,
0.688000, 3.442188e-05,0.688000, 9.100468e-07,0.688000, 4.109364e-06,0.688000, 1.190956e-06,
0.689000, 3.442188e-05,0.689000, 9.100468e-07,0.689000, 4.109364e-06,0.689000, 1.190956e-06,
0.690000, 3.442188e-05,0.690000, 9.100468e-07,0.690000, 4.109364e-06,0.690000, 1.190956e-06,
0.691000, 3.442188e-05,0.691000, 9.100468e-07,0.691000, 4.109364e-06,0.691000, 1.190956e-06,
0.692000, 3.442188e-05,0.692000, 9.100468e-07,0.692000, 4.109364e-06,0.692000, 1.190956e-06,
0.693000, 3.442188e-05,0.693000, 9.100468e-07,0.693000, 4.109364e-06,0.693000, 1.190956e-06,
0.694000, 3.442188e-05,0.694000, 9.100468e-07,0.694000, 4.109364e-06,0.694000, 1.190956e-06,
0.695000, 3.442188e-05,0.695000, 9.100468e-07,0.695000, 4.109364e-06,0.695000, 1.190956e-06,
0.696000, 3.442188e-05,0.696000, 9.100468e-07,0.696000, 4.109364e-06,0.696000, 1.190956e-06,
0.697000, 3.442188e-05,0.697000, 9.100468e-07,0.697000, 4.109364e-06,0.697000, 1.190956e-06,
0.698000, 3.442188e-05,0.698000, 9.100468e-07,0.698000, 4.109364e-06,0.698000, 1.190956e-06,
0.699000, 3.442188e-05,0.699000, 9.100468e-07,0.699000, 4.109364e-06,0.699000, 1.190956e-06,
0.700000, 3.442188e-05,0.700000, 9.100468e-07,0.700000, 4.109364e-06,0.700000, 1.190956e-06,
0.701000, 3.442188e-05,0.701000, 9.100468e-07,0.701000, 4.109364e-06,0.701000, 1.190956e-06,
0.702000, 3.442188e-05,0.702000, 9.100468e-07,0.702000, 4.109364e-06,0.702000, 1.190956e-06,
0.703000, 3.442188e-05,0.703000, 9.100468e-07,0.703000, 4.109364e-06,0.703000, 1.190956e-06,
0.704000, 3.442188e-05,0.704000, 9.100468e-07,0.704000, 4.109364e-06,0.704000, 1.190956e-06,
0.705000, 3.442188e-05,0.705000, 9.100468e-07,0.705000, 4.109364e-06,0.705000, 1.190956e-06,
0.706000, 3.442188e-05,0.706000, 9.100468e-07,0.706000, 4.109364e-06,0.706000, 1.190956e-06,
0.707000, 3.442188e-05,0.707000, 9.100468e-07,0.707000, 4.109364e-06,0.707000, 1.190956e-06,
0.708000, 3.442188e-05,0.708000, 9.100468e-07,0.708000, 4.109364e-06,0.708000, 1.190956e-06,
0.709000, 3.442188e-05,0.709000, 9.100468e-07,0.709000, 4.109364e-06,0.709000, 1.190956e-06,
0.710000, 3.442188e-05,0.710000, 9.100468e-07,0.710000, 4.109364e-06,0.710000, 1.190956e-06,
0.711000, 3.442188e-05,0.711000, 9.100468e-07,0.711000, 4.109364e-06,0.711000, 1.190956e-06,
0.712000, 3.442188e-05,0.712000, 9.100468e-07,0.712000, 4.109364e-06,0.712000, 1.190956e-06,
0.713000, 3.442188e-05,0.713000, 9.100468e-07,0.713000, 4.109364e-06,0.713000, 1.190956e-06,
0.714000, 3.442188e-05,0.714000, 9.100468e-07,0.714000, 4.109364e-06,0.714000, 1.190956e-06,
0.715000, 3.442188e-05,0.715000, 9.100468e-07,0.715000, 4.109364e-06,0.715000, 1.190956e-06,
0.716000, 3.442188e-05,0.716000, 9.100468e-07,0.716000, 4.109364e-06,0.716000, 1.190956e-06,
0.717000, 3.442188e-05,0.717000, 9.100468e-07,0.717000, 4.109364e-06,0.717000, 1.190956e-06,
0.718000, 3.442188e-05,0.718000, 9.100468e-07,0.718000, 4.109364e-06,0.718000, 1.190956e-06,
0.719000, 3.442188e-05,0.719000, 9.100468e-07,0.719000, 4.109364e-06,0.719000, 1.190956e-06,
0.720000, 3.442188e-05,0.720000, 9.100468e-07,0.720000, 4.109364e-06,0.720000, 1.190956e-06,
0.721000, 3.442188e-05,0.721000, 9.100468e-07,0.721000, 4.109364e-06,0.721000, 1.190956e-06,
0.722000, 3.442188e-05,0.722000, 9.100468e-07,0.722000, 4.109364e-06,0.722000, 1.190956e-06,
0.723000, 3.442188e-05,0.723000, 9.100468e-07,0.723000, 4.109364e-06,0.723000, 1.190956e-06,
0.724000, 3.442188e-05,0.724000, 9.100468e-07,0.724000, 4.109364e-06,0.724000, 1.190956e-06,
0.725000, 3.442188e-05,0.725000, 9.100468e-07,0.725000, 4.109364e-06,0.725000, 1.190956e-06,
0.726000, 3.442188e-05,0.726000, 9.100468e-07,0.726000, 4.109364e-06,0.726000, 1.190956e-06,
0.727000, 3.442188e-05,0.727000, 9.100468e-07,0.727000, 4.109364e-06,0.727000, 1.190956e-06,
0.728000, 3.442188e-05,0.728000, 9.100468e-07,0.728000, 4.109364e-06,0.728000, 1.190956e-06,
0.729000, 3.442188e-05,0.729000, 9.100468e-07,0.729000, 4.109364e-06,0.729000, 1.190956e-06,
0.730000, 3.442188e-05,0.730000, 9.100468e-07,0.730000, 4.109364e-06,0.730000, 1.190956e-06,
0.731000, 3.442188e-05,0.731000, 9.100468e-07,0.731000, 4.109364e-06,0.731000, 1.190956e-06,
0.732000, 3.442188e-05,0.732000, 9.100468e-07,0.732000, 4.109364e-06,0.732000, 1.190956e-06,
0.733000, 3.442188e-05,0.733000, 9.100468e-07,0.733000, 4.109364e-06,0.733000, 1.190956e-06,
0.734000, 3.442188e-05,0.734000, 9.100468e-07,0.734000, 4.109364e-06,0.734000, 1.190956e-06,
0.735000, 3.442188e-05,0.735000, 9.100468e-07,0.735000, 4.109364e-06,0.735000, 1.190956e-06,
0.736000, 3.442188e-05,0.736000, 9.100468e-07,0.736000, 4.109364e-06,0.736000, 1.190956e-06,
0.737000, 3.442188e-05,0.737000, 9.100468e-07,0.737000, 4.109364e-06,0.737000, 1.190956e-06,
0.738000, 3.442188e-05,0.738000, 9.100468e-07,0.738000, 4.109364e-06,0.738000, 1.190956e-06,
0.739000, 3.442188e-05,0.739000, 9.100468e-07,0.739000, 4.109364e-06,0.739000, 1.190956e-06,
0.740000, 3.442188e-05,0.740000, 9.100468e-07,0.740000, 4.109364e-06,0.740000, 1.190956e-06,
0.741000, 3.442188e-05,0.741000, 9.100468e-07,0.741000, 4.109364e-06,0.741000, 1.190956e-06,
0.742000, 3.442188e-05,0.742000, 9.100468e-07,0.742000, 4.109364e-06,0.742000, 1.190956e-06,
0.743000, 3.442188e-05,0.743000, 9.100468e-07,0.743000, 4.109364e-06,0.743000, 1.190956e-06,
0.744000, 3.442188e-05,0.744000, 9.100468e-07,0.744000, 4.109364e-06,0.744000, 1.190956e-06,
0.745000, 3.442188e-05,0.745000, 9.100468e-07,0.745000, 4.109364e-06,0.745000, 1.190956e-06,
0.746000, 3.442188e-05,0.746000, 9.100468e-07,0.746000, 4.109364e-06,0.746000, 1.190956e-06,
0.747000, 3.442188e-05,0.747000, 9.100468e-07,0.747000, 4.109364e-06,0.747000, 1.190956e-06,
0.748000, 3.442188e-05,0.748000, 9.100468e-07,0.748000, 4.109364e-06,0.748000, 1.190956e-06,
0.749000, 3.442188e-05,0.749000, 9.100468e-07,0.749000, 4.109364e-06,0.749000, 1.190956e-06,
0.750000, 3.442188e-05,0.750000, 9.100468e-07,0.750000, 4.109364e-06,0.750000, 1.190956e-06,
0.751000, 3.442188e-05,0.751000, 9.100468e-07,0.751000, 4.109364e-06,0.751000, 1.190956e-06,
0.752000, 3.442188e-05,0.752000, 9.100468e-07,0.752000, 4.109364e-06,0.752000, 1.190956e-06,
0.753000, 3.442188e-05,0.753000, 9.100468e-07,0.753000, 4.109364e-06,0.753000, 1.190956e-06,
0.754000, 3.442188e-05,0.754000, 9.100468e-07,0.754000, 4.109364e-06,0.754000, 1.190956e-06,
0.755000, 3.442188e-05,0.755000, 9.100468e-07,0.755000, 4.109364e-06,0.755000, 1.190956e-06,
0.756000, 3.442188e-05,0.756000, 9.100468e-07,0.756000, 4.109364e-06,0.756000, 1.190956e-06,
0.757000, 3.442188e-05,0.757000, 9.100468e-07,0.757000, 4.109364e-06,0.757000, 1.190956e-06,
0.758000, 3.442188e-05,0.758000, 9.100468e-07,0.758000, 4.109364e-06,0.758000, 1.190956e-06,
0.759000, 3.442188e-05,0.759000, 9.100468e-07,0.759000, 4.109364e-06,0.759000, 1.190956e-06,
0.760000, 3.442188e-05,0.760000, 9.100468e-07,0.760000, 4.109364e-06,0.760000, 1.190956e-06,
0.761000, 3.442188e-05,0.761000, 9.100468e-07,0.761000, 4.109364e-06,0.761000, 1.190956e-06,
0.762000, 3.442188e-05,0.762000, 9.100468e-07,0.762000, 4.109364e-06,0.762000, 1.190956e-06,
0.763000, 3.442188e-05,0.763000, 9.100468e-07,0.763000, 4.109364e-06,0.763000, 1.190956e-06,
0.764000, 3.442188e-05,0.764000, 9.100468e-07,0.764000, 4.109364e-06,0.764000, 1.190956e-06,
0.765000, 3.442188e-05,0.765000, 9.100468e-07,0.765000, 4.109364e-06,0.765000, 1.190956e-06,
0.766000, 3.442188e-05,0.766000, 9.100468e-07,0.766000, 4.109364e-06,0.766000, 1.190956e-06,
0.767000, 3.442188e-05,0.767000, 9.100468e-07,0.767000, 4.109364e-06,0.767000, 1.190956e-06,
0.768000, 3.442188e-05,0.768000, 9.100468e-07,0.768000, 4.109364e-06,0.768000, 1.190956e-06,
0.769000, 3.442188e-05,0.769000, 9.100468e-07,0.769000, 4.109364e-06,0.769000, 1.190956e-06,
0.770000, 3.442188e-05,0.770000, 9.100468e-07,0.770000, 4.109364e-06,0.770000, 1.190956e-06,
0.771000, 3.442188e-05,0.771000, 9.100468e-07,0.771000, 4.109364e-06,0.771000, 1.190956e-06,
0.772000, 3.442188e-05,0.772000, 9.100468e-07,0.772000, 4.109364e-06,0.772000, 1.190956e-06,
0.773000, 3.442188e-05,0.773000, 9.100468e-07,0.773000, 4.109364e-06,0.773000, 1.190956e-06,
0.774000, 3.442188e-05,0.774000, 9.100468e-07,0.774000, 4.109364e-06,0.774000, 1.190956e-06,
0.775000, 3.442188e-05,0.775000, 9.100468e-07,0.775000, 4.109364e-06,0.775000, 1.190956e-06,
0.776000, 3.442188e-05,0.776000, 9.100468e-07,0.776000, 4.109364e-06,0.776000, 1.190956e-06,
0.777000, 3.442188e-05,0.777000, 9.100468e-07,0.777000, 4.109364e-06,0.777000, 1.190956e-06,
0.778000, 3.442188e-05,0.778000, 9.100468e-07,0.778000, 4.109364e-06,0.778000, 1.190956e-06,
0.779000, 3.442188e-05,0.779000, 9.100468e-07,0.779000, 4.109364e-06,0.779000, 1.190956e-06,
0.780000, 3.442188e-05,0.780000, 9.100468e-07,0.780000, 4.109364e-06,0.780000, 1.190956e-06,
0.781000, 3.442188e-05,0.781000, 9.100468e-07,0.781000, 4.109364e-06,0.781000, 1.190956e-06,
0.782000, 3.442188e-05,0.782000, 9.100468e-07,0.782000, 4.109364e-06,0.782000, 1.190956e-06,
0.783000, 3.442188e-05,0.783000, 9.100468e-07,0.783000, 4.109364e-06,0.783000, 1.190956e-06,
0.784000, 3.442188e-05,0.784000, 9.100468e-07,0.784000, 4.109364e-06,0.784000, 1.190956e-06,
0.785000, 3.442188e-05,0.785000, 9.100468e-07,0.785000, 4.109364e-06,0.785000, 1.190956e-06,
0.786000, 3.442188e-05,0.786000, 9.100468e-07,0.786000, 4.109364e-06,0.786000, 1.190956e-06,
0.787000, 3.442188e-05,0.787000, 9.100468e-07,0.787000, 4.109364e-06,0.787000, 1.190956e-06,
0.788000, 3.442188e-05,0.788000, 9.100468e-07,0.788000, 4.109364e-06,0.788000, 1.190956e-06,
0.789000, 3.442188e-05,0.789000, 9.100468e-07,0.789000, 4.109364e-06,0.789000, 1.190956e-06,
0.790000, 3.442188e-05,0.790000, 9.100468e-07,0.790000, 4.109364e-06,0.790000, 1.190956e-06,
0.791000, 3.442188e-05,0.791000, 9.100468e-07,0.791000, 4.109364e-06,0.791000, 1.190956e-06,
0.792000, 3.442188e-05,0.792000, 9.100468e-07,0.792000, 4.109364e-06,0.792000, 1.190956e-06,
0.793000, 3.442188e-05,0.793000, 9.100468e-07,0.793000, 4.109364e-06,0.793000, 1.190956e-06,
0.794000, 3.442188e-05,0.794000, 9.100468e-07,0.794000, 4.109364e-06,0.794000, 1.190956e-06,
0.795000, 3.442188e-05,0.795000, 9.100468e-07,0.795000, 4.109364e-06,0.795000, 1.190956e-06,
0.796000, 3.442188e-05,0.796000, 9.100468e-07,0.796000, 4.109364e-06,0.796000, 1.190956e-06,
0.797000, 3.442188e-05,0.797000, 9.100468e-07,0.797000, 4.109364e-06,0.797000, 1.190956e-06,
0.798000, 3.442188e-05,0.798000, 9.100468e-07,0.798000, 4.109364e-06,0.798000, 1.190956e-06,
0.799000, 3.442188e-05,0.799000, 9.100468e-07,0.799000, 4.109364e-06,0.799000, 1.190956e-06,
0.800000, 3.442188e-05,0.800000, 9.100468e-07,0.800000, 4.109364e-06,0.800000, 1.190956e-06,
0.801000, 3.442188e-05,0.801000, 9.100468e-07,0.801000, 4.109364e-06,0.801000, 1.190956e-06,
0.802000, 3.442188e-05,0.802000, 9.100468e-07,0.802000, 4.109364e-06,0.802000, 1.190956e-06,
0.803000, 3.442188e-05,0.803000, 9.100468e-07,0.803000, 4.109364e-06,0.803000, 1.190956e-06,
0.804000, 3.442188e-05,0.804000, 9.100468e-07,0.804000, 4.109364e-06,0.804000, 1.190956e-06,
0.805000, 3.442188e-05,0.805000, 9.100468e-07,0.805000, 4.109364e-06,0.805000, 1.190956e-06,
0.806000, 3.442188e-05,0.806000, 9.100468e-07,0.806000, 4.109364e-06,0.806000, 1.190956e-06,
0.807000, 3.442188e-05,0.807000, 9.100468e-07,0.807000, 4.109364e-06,0.807000, 1.190956e-06,
0.808000, 3.442188e-05,0.808000, 9.100468e-07,0.808000, 4.109364e-06,0.808000, 1.190956e-06,
0.809000, 3.442188e-05,0.809000, 9.100468e-07,0.809000, 4.109364e-06,0.809000, 1.190956e-06,
0.810000, 3.442188e-05,0.810000, 9.100468e-07,0.810000, 4.109364e-06,0.810000, 1.190956e-06,
0.811000, 3.442188e-05,0.811000, 9.100468e-07,0.811000, 4.109364e-06,0.811000, 1.190956e-06,
0.812000, 3.442188e-05,0.812000, 9.100468e-07,0.812000, 4.109364e-06,0.812000, 1.190956e-06,
0.813000, 3.442188e-05,0.813000, 9.100468e-07,0.813000, 4.109364e-06,0.813000, 1.190956e-06,
0.814000, 3.442188e-05,0.814000, 9.100468e-07,0.814000, 4.109364e-06,0.814000, 1.190956e-06,
0.815000, 3.442188e-05,0.815000, 9.100468e-07,0.815000, 4.109364e-06,0.815000, 1.190956e-06,
0.816000, 3.442188e-05,0.816000, 9.100468e-07,0.816000, 4.109364e-06,0.816000, 1.190956e-06,
0.817000, 3.442188e-05,0.817000, 9.100468e-07,0.817000, 4.109364e-06,0.817000, 1.190956e-06,
0.818000, 3.442188e-05,0.818000, 9.100468e-07,0.818000, 4.109364e-06,0.818000, 1.190956e-06,
0.819000, 3.442188e-05,0.819000, 9.100468e-07,0.819000, 4.109364e-06,0.819000, 1.190956e-06,
0.820000, 3.442188e-05,0.820000, 9.100468e-07,0.820000, 4.109364e-06,0.820000, 1.190956e-06,
0.821000, 3.442188e-05,0.821000, 9.100468e-07,0.821000, 4.109364e-06,0.821000, 1.190956e-06,
0.822000, 3.442188e-05,0.822000, 9.100468e-07,0.822000, 4.109364e-06,0.822000, 1.190956e-06,
0.823000, 3.442188e-05,0.823000, 9.100468e-07,0.823000, 4.109364e-06,0.823000, 1.190956e-06,
0.824000, 3.442188e-05,0.824000, 9.100468e-07,0.824000, 4.109364e-06,0.824000, 1.190956e-06,
0.825000, 3.442188e-05,0.825000, 9.100468e-07,0.825000, 4.109364e-06,0.825000, 1.190956e-06,
0.826000, 3.442188e-05,0.826000, 9.100468e-07,0.826000, 4.109364e-06,0.826000, 1.190956e-06,
0.827000, 3.442188e-05,0.827000, 9.100468e-07,0.827000, 4.109364e-06,0.827000, 1.190956e-06,
0.828000, 3.442188e-05,0.828000, 9.100468e-07,0.828000, 4.109364e-06,0.828000, 1.190956e-06,
0.829000, 3.442188e-05,0.829000, 9.100468e-07,0.829000, 4.109364e-06,0.829000, 1.190956e-06,
0.830000, 3.442188e-05,0.830000, 9.100468e-07,0.830000, 4.109364e-06,0.830000, 1.190956e-06,
0.831000, 3.442188e-05,0.831000, 9.100468e-07,0.831000, 4.109364e-06,0.831000, 1.190956e-06,
0.832000, 3.442188e-05,0.832000, 9.100468e-07,0.832000, 4.109364e-06,0.832000, 1.190956e-06,
0.833000, 3.442188e-05,0.833000, 9.100468e-07,0.833000, 4.109364e-06,0.833000, 1.190956e-06,
0.834000, 3.442188e-05,0.834000, 9.100468e-07,0.834000, 4.109364e-06,0.834000, 1.190956e-06,
0.835000, 3.442188e-05,0.835000, 9.100468e-07,0.835000, 4.109364e-06,0.835000, 1.190956e-06,
0.836000, 3.442188e-05,0.836000, 9.100468e-07,0.836000, 4.109364e-06,0.836000, 1.190956e-06,
0.837000, 3.442188e-05,0.837000, 9.100468e-07,0.837000, 4.109364e-06,0.837000, 1.190956e-06,
0.838000, 3.442188e-05,0.838000, 9.100468e-07,0.838000, 4.109364e-06,0.838000, 1.190956e-06,
0.839000, 3.442188e-05,0.839000, 9.100468e-07,0.839000, 4.109364e-06,0.839000, 1.190956e-06,
0.840000, 3.442188e-05,0.840000, 9.100468e-07,0.840000, 4.109364e-06,0.840000, 1.190956e-06,
0.841000, 3.442188e-05,0.841000, 9.100468e-07,0.841000, 4.109364e-06,0.841000, 1.190956e-06,
0.842000, 3.442188e-05,0.842000, 9.100468e-07,0.842000, 4.109364e-06,0.842000, 1.190956e-06,
0.843000, 3.442188e-05,0.843000, 9.100468e-07,0.843000, 4.109364e-06,0.843000, 1.190956e-06,
0.844000, 3.442188e-05,0.844000, 9.100468e-07,0.844000, 4.109364e-06,0.844000, 1.190956e-06,
0.845000, 3.442188e-05,0.845000, 9.100468e-07,0.845000, 4.109364e-06,0.845000, 1.190956e-06,
0.846000, 3.442188e-05,0.846000, 9.100468e-07,0.846000, 4.109364e-06,0.846000, 1.190956e-06,
0.847000, 3.442188e-05,0.847000, 9.100468e-07,0.847000, 4.109364e-06,0.847000, 1.190956e-06,
0.848000, 3.442188e-05,0.848000, 9.100468e-07,0.848000, 4.109364e-06,0.848000, 1.190956e-06,
0.849000, 3.442188e-05,0.849000, 9.100468e-07,0.849000, 4.109364e-06,0.849000, 1.190956e-06,
0.850000, 3.442188e-05,0.850000, 9.100468e-07,0.850000, 4.109364e-06,0.850000, 1.190956e-06,
0.851000, 3.442188e-05,0.851000, 9.100468e-07,0.851000, 4.109364e-06,0.851000, 1.190956e-06,
0.852000, 3.442188e-05,0.852000, 9.100468e-07,0.852000, 4.109364e-06,0.852000, 1.190956e-06,
0.853000, 3.442188e-05,0.853000, 9.100468e-07,0.853000, 4.109364e-06,0.853000, 1.190956e-06,
0.854000, 3.442188e-05,0.854000, 9.100468e-07,0.854000, 4.109364e-06,0.854000, 1.190956e-06,
0.855000, 3.442188e-05,0.855000, 9.100468e-07,0.855000, 4.109364e-06,0.855000, 1.190956e-06,
0.856000, 3.442188e-05,0.856000, 9.100468e-07,0.856000, 4.109364e-06,0.856000, 1.190956e-06,
0.857000, 3.442188e-05,0.857000, 9.100468e-07,0.857000, 4.109364e-06,0.857000, 1.190956e-06,
0.858000, 3.442188e-05,0.858000, 9.100468e-07,0.858000, 4.109364e-06,0.858000, 1.190956e-06,
0.859000, 3.442188e-05,0.859000, 9.100468e-07,0.859000, 4.109364e-06,0.859000, 1.190956e-06,
0.860000, 3.442188e-05,0.860000, 9.100468e-07,0.860000, 4.109364e-06,0.860000, 1.190956e-06,
0.861000, 3.442188e-05,0.861000, 9.100468e-07,0.861000, 4.109364e-06,0.861000, 1.190956e-06,
0.862000, 3.442188e-05,0.862000, 9.100468e-07,0.862000, 4.109364e-06,0.862000, 1.190956e-06,
0.863000, 3.442188e-05,0.863000, 9.100468e-07,0.863000, 4.109364e-06,0.863000, 1.190956e-06,
0.864000, 3.442188e-05,0.864000, 9.100468e-07,0.864000, 4.109364e-06,0.864000, 1.190956e-06,
0.865000, 3.442188e-05,0.865000, 9.100468e-07,0.865000, 4.109364e-06,0.865000, 1.190956e-06,
0.866000, 3.442188e-05,0.866000, 9.100468e-07,0.866000, 4.109364e-06,0.866000, 1.190956e-06,
0.867000, 3.442188e-05,0.867000, 9.100468e-07,0.867000, 4.109364e-06,0.867000, 1.190956e-06,
0.868000, 3.442188e-05,0.868000, 9.100468e-07,0.868000, 4.109364e-06,0.868000, 1.190956e-06,
0.869000, 3.442188e-05,0.869000, 9.100468e-07,0.869000, 4.109364e-06,0.869000, 1.190956e-06,
0.870000, 3.442188e-05,0.870000, 9.100468e-07,0.870000, 4.109364e-06,0.870000, 1.190956e-06,
0.871000, 3.442188e-05,0.871000, 9.100468e-07,0.871000, 4.109364e-06,0.871000, 1.190956e-06,
0.872000, 3.442188e-05,0.872000, 9.100468e-07,0.872000, 4.109364e-06,0.872000, 1.190956e-06,
0.873000, 3.442188e-05,0.873000, 9.100468e-07,0.873000, 4.109364e-06,0.873000, 1.190956e-06,
0.874000, 3.442188e-05,0.874000, 9.100468e-07,0.874000, 4.109364e-06,0.874000, 1.190956e-06,
0.875000, 3.442188e-05,0.875000, 9.100468e-07,0.875000, 4.109364e-06,0.875000, 1.190956e-06,
0.876000, 3.442188e-05,0.876000, 9.100468e-07,0.876000, 4.109364e-06,0.876000, 1.190956e-06,
0.877000, 3.442188e-05,0.877000, 9.100468e-07,0.877000, 4.109364e-06,0.877000, 1.190956e-06,
0.878000, 3.442188e-05,0.878000, 9.100468e-07,0.878000, 4.109364e-06,0.878000, 1.190956e-06,
0.879000, 3.442188e-05,0.879000, 9.100468e-07,0.879000, 4.109364e-06,0.879000, 1.190956e-06,
0.880000, 3.442188e-05,0.880000, 9.100468e-07,0.880000, 4.109364e-06,0.880000, 1.190956e-06,
0.881000, 3.442188e-05,0.881000, 9.100468e-07,0.881000, 4.109364e-06,0.881000, 1.190956e-06,
0.882000, 3.442188e-05,0.882000, 9.100468e-07,0.882000, 4.109364e-06,0.882000, 1.190956e-06,
0.883000, 3.442188e-05,0.883000, 9.100468e-07,0.883000, 4.109364e-06,0.883000, 1.190956e-06,
0.884000, 3.442188e-05,0.884000, 9.100468e-07,0.884000, 4.109364e-06,0.884000, 1.190956e-06,
0.885000, 3.442188e-05,0.885000, 9.100468e-07,0.885000, 4.109364e-06,0.885000, 1.190956e-06,
0.886000, 3.442188e-05,0.886000, 9.100468e-07,0.886000, 4.109364e-06,0.886000, 1.190956e-06,
0.887000, 3.442188e-05,0.887000, 9.100468e-07,0.887000, 4.109364e-06,0.887000, 1.190956e-06,
0.888000, 3.442188e-05,0.888000, 9.100468e-07,0.888000, 4.109364e-06,0.888000, 1.190956e-06,
0.889000, 3.442188e-05,0.889000, 9.100468e-07,0.889000, 4.109364e-06,0.889000, 1.190956e-06,
0.890000, 3.442188e-05,0.890000, 9.100468e-07,0.890000, 4.109364e-06,0.890000, 1.190956e-06,
0.891000, 3.442188e-05,0.891000, 9.100468e-07,0.891000, 4.109364e-06,0.891000, 1.190956e-06,
0.892000, 3.442188e-05,0.892000, 9.100468e-07,0.892000, 4.109364e-06,0.892000, 1.190956e-06,
0.893000, 3.442188e-05,0.893000, 9.100468e-07,0.893000, 4.109364e-06,0.893000, 1.190956e-06,
0.894000, 3.442188e-05,0.894000, 9.100468e-07,0.894000, 4.109364e-06,0.894000, 1.190956e-06,
0.895000, 3.442188e-05,0.895000, 9.100468e-07,0.895000, 4.109364e-06,0.895000, 1.190956e-06,
0.896000, 3.442188e-05,0.896000, 9.100468e-07,0.896000, 4.109364e-06,0.896000, 1.190956e-06,
0.897000, 3.442188e-05,0.897000, 9.100468e-07,0.897000, 4.109364e-06,0.897000, 1.190956e-06,
0.898000, 3.442188e-05,0.898000, 9.100468e-07,0.898000, 4.109364e-06,0.898000, 1.190956e-06,
0.899000, 3.442188e-05,0.899000, 9.100468e-07,0.899000, 4.109364e-06,0.899000, 1.190956e-06,
0.900000, 3.442188e-05,0.900000, 9.100468e-07,0.900000, 4.109364e-06,0.900000, 1.190956e-06,
0.901000, 3.442188e-05,0.901000, 9.100468e-07,0.901000, 4.109364e-06,0.901000, 1.190956e-06,
0.902000, 3.442188e-05,0.902000, 9.100468e-07,0.902000, 4.109364e-06,0.902000, 1.190956e-06,
0.903000, 3.442188e-05,0.903000, 9.100468e-07,0.903000, 4.109364e-06,0.903000, 1.190956e-06,
0.904000, 3.442188e-05,0.904000, 9.100468e-07,0.904000, 4.109364e-06,0.904000, 1.190956e-06,
0.905000, 3.442188e-05,0.905000, 9.100468e-07,0.905000, 4.109364e-06,0.905000, 1.190956e-06,
0.906000, 3.442188e-05,0.906000, 9.100468e-07,0.906000, 4.109364e-06,0.906000, 1.190956e-06,
0.907000, 3.442188e-05,0.907000, 9.100468e-07,0.907000, 4.109364e-06,0.907000, 1.190956e-06,
0.908000, 3.442188e-05,0.908000, 9.100468e-07,0.908000, 4.109364e-06,0.908000, 1.190956e-06,
0.909000, 3.442188e-05,0.909000, 9.100468e-07,0.909000, 4.109364e-06,0.909000, 1.190956e-06,
0.910000, 3.442188e-05,0.910000, 9.100468e-07,0.910000, 4.109364e-06,0.910000, 1.190956e-06,
0.911000, 3.442188e-05,0.911000, 9.100468e-07,0.911000, 4.109364e-06,0.911000, 1.190956e-06,
0.912000, 3.442188e-05,0.912000, 9.100468e-07,0.912000, 4.109364e-06,0.912000, 1.190956e-06,
0.913000, 3.442188e-05,0.913000, 9.100468e-07,0.913000, 4.109364e-06,0.913000, 1.190956e-06,
0.914000, 3.442188e-05,0.914000, 9.100468e-07,0.914000, 4.109364e-06,0.914000, 1.190956e-06,
0.915000, 3.442188e-05,0.915000, 9.100468e-07,0.915000, 4.109364e-06,0.915000, 1.190956e-06,
0.916000, 3.442188e-05,0.916000, 9.100468e-07,0.916000, 4.109364e-06,0.916000, 1.190956e-06,
0.917000, 3.442188e-05,0.917000, 9.100468e-07,0.917000, 4.109364e-06,0.917000, 1.190956e-06,
0.918000, 3.442188e-05,0.918000, 9.100468e-07,0.918000, 4.109364e-06,0.918000, 1.190956e-06,
0.919000, 3.442188e-05,0.919000, 9.100468e-07,0.919000, 4.109364e-06,0.919000, 1.190956e-06,
0.920000, 3.442188e-05,0.920000, 9.100468e-07,0.920000, 4.109364e-06,0.920000, 1.190956e-06,
0.921000, 3.442188e-05,0.921000, 9.100468e-07,0.921000, 4.109364e-06,0.921000, 1.190956e-06,
0.922000, 3.442188e-05,0.922000, 9.100468e-07,0.922000, 4.109364e-06,0.922000, 1.190956e-06,
0.923000, 3.442188e-05,0.923000, 9.100468e-07,0.923000, 4.109364e-06,0.923000, 1.190956e-06,
0.924000, 3.442188e-05,0.924000, 9.100468e-07,0.924000, 4.109364e-06,0.924000, 1.190956e-06,
0.925000, 3.442188e-05,0.925000, 9.100468e-07,0.925000, 4.109364e-06,0.925000, 1.190956e-06,
0.926000, 3.442188e-05,0.926000, 9.100468e-07,0.926000, 4.109364e-06,0.926000, 1.190956e-06,
0.927000, 3.442188e-05,0.927000, 9.100468e-07,0.927000, 4.109364e-06,0.927000, 1.190956e-06,
0.928000, 3.442188e-05,0.928000, 9.100468e-07,0.928000, 4.109364e-06,0.928000, 1.190956e-06,
0.929000, 3.442188e-05,0.929000, 9.100468e-07,0.929000, 4.109364e-06,0.929000, 1.190956e-06,
0.930000, 3.442188e-05,0.930000, 9.100468e-07,0.930000, 4.109364e-06,0.930000, 1.190956e-06,
0.931000, 3.442188e-05,0.931000, 9.100468e-07,0.931000, 4.109364e-06,0.931000, 1.190956e-06,
0.932000, 3.442188e-05,0.932000, 9.100468e-07,0.932000, 4.109364e-06,0.932000, 1.190956e-06,
0.933000, 3.442188e-05,0.933000, 9.100468e-07,0.933000, 4.109364e-06,0.933000, 1.190956e-06,
0.934000, 3.442188e-05,0.934000, 9.100468e-07,0.934000, 4.109364e-06,0.934000, 1.190956e-06,
0.935000, 3.442188e-05,0.935000, 9.100468e-07,0.935000, 4.109364e-06,0.935000, 1.190956e-06,
0.936000, 3.442188e-05,0.936000, 9.100468e-07,0.936000, 4.109364e-06,0.936000, 1.190956e-06,
0.937000, 3.442188e-05,0.937000, 9.100468e-07,0.937000, 4.109364e-06,0.937000, 1.190956e-06,
0.938000, 3.442188e-05,0.938000, 9.100468e-07,0.938000, 4.109364e-06,0.938000, 1.190956e-06,
0.939000, 3.442188e-05,0.939000, 9.100468e-07,0.939000, 4.109364e-06,0.939000, 1.190956e-06,
0.940000, 3.442188e-05,0.940000, 9.100468e-07,0.940000, 4.109364e-06,0.940000, 1.190956e-06,
0.941000, 3.442188e-05,0.941000, 9.100468e-07,0.941000, 4.109364e-06,0.941000, 1.190956e-06,
0.942000, 3.442188e-05,0.942000, 9.100468e-07,0.942000, 4.109364e-06,0.942000, 1.190956e-06,
0.943000, 3.442188e-05,0.943000, 9.100468e-07,0.943000, 4.109364e-06,0.943000, 1.190956e-06,
0.944000, 3.442188e-05,0.944000, 9.100468e-07,0.944000, 4.109364e-06,0.944000, 1.190956e-06,
0.945000, 3.442188e-05,0.945000, 9.100468e-07,0.945000, 4.109364e-06,0.945000, 1.190956e-06,
0.946000, 3.442188e-05,0.946000, 9.100468e-07,0.946000, 4.109364e-06,0.946000, 1.190956e-06,
0.947000, 3.442188e-05,0.947000, 9.100468e-07,0.947000, 4.109364e-06,0.947000, 1.190956e-06,
0.948000, 3.442188e-05,0.948000, 9.100468e-07,0.948000, 4.109364e-06,0.948000, 1.190956e-06,
0.949000, 3.442188e-05,0.949000, 9.100468e-07,0.949000, 4.109364e-06,0.949000, 1.190956e-06,
0.950000, 3.442188e-05,0.950000, 9.100468e-07,0.950000, 4.109364e-06,0.950000, 1.190956e-06,
0.951000, 3.442188e-05,0.951000, 9.100468e-07,0.951000, 4.109364e-06,0.951000, 1.190956e-06,
0.952000, 3.442188e-05,0.952000, 9.100468e-07,0.952000, 4.109364e-06,0.952000, 1.190956e-06,
0.953000, 3.442188e-05,0.953000, 9.100468e-07,0.953000, 4.109364e-06,0.953000, 1.190956e-06,
0.954000, 3.442188e-05,0.954000, 9.100468e-07,0.954000, 4.109364e-06,0.954000, 1.190956e-06,
0.955000, 3.442188e-05,0.955000, 9.100468e-07,0.955000, 4.109364e-06,0.955000, 1.190956e-06,
0.956000, 3.442188e-05,0.956000, 9.100468e-07,0.956000, 4.109364e-06,0.956000, 1.190956e-06,
0.957000, 3.442188e-05,0.957000, 9.100468e-07,0.957000, 4.109364e-06,0.957000, 1.190956e-06,
0.958000, 3.442188e-05,0.958000, 9.100468e-07,0.958000, 4.109364e-06,0.958000, 1.190956e-06,
0.959000, 3.442188e-05,0.959000, 9.100468e-07,0.959000, 4.109364e-06,0.959000, 1.190956e-06,
0.960000, 3.442188e-05,0.960000, 9.100468e-07,0.960000, 4.109364e-06,0.960000, 1.190956e-06,
0.961000, 3.442188e-05,0.961000, 9.100468e-07,0.961000, 4.109364e-06,0.961000, 1.190956e-06,
0.962000, 3.442188e-05,0.962000, 9.100468e-07,0.962000, 4.109364e-06,0.962000, 1.190956e-06,
0.963000, 3.442188e-05,0.963000, 9.100468e-07,0.963000, 4.109364e-06,0.963000, 1.190956e-06,
0.964000, 3.442188e-05,0.964000, 9.100468e-07,0.964000, 4.109364e-06,0.964000, 1.190956e-06,
0.965000, 3.442188e-05,0.965000, 9.100468e-07,0.965000, 4.109364e-06,0.965000, 1.190956e-06,
0.966000, 3.442188e-05,0.966000, 9.100468e-07,0.966000, 4.109364e-06,0.966000, 1.190956e-06,
0.967000, 3.442188e-05,0.967000, 9.100468e-07,0.967000, 4.109364e-06,0.967000, 1.190956e-06,
0.968000, 3.442188e-05,0.968000, 9.100468e-07,0.968000, 4.109364e-06,0.968000, 1.190956e-06,
0.969000, 3.442188e-05,0.969000, 9.100468e-07,0.969000, 4.109364e-06,0.969000, 1.190956e-06,
0.970000, 3.442188e-05,0.970000, 9.100468e-07,0.970000, 4.109364e-06,0.970000, 1.190956e-06,
0.971000, 3.442188e-05,0.971000, 9.100468e-07,0.971000, 4.109364e-06,0.971000, 1.190956e-06,
0.972000, 3.442188e-05,0.972000, 9.100468e-07,0.972000, 4.109364e-06,0.972000, 1.190956e-06,
0.973000, 3.442188e-05,0.973000, 9.100468e-07,0.973000, 4.109364e-06,0.973000, 1.190956e-06,
0.974000, 3.442188e-05,0.974000, 9.100468e-07,0.974000, 4.109364e-06,0.974000, 1.190956e-06,
0.975000, 3.442188e-05,0.975000, 9.100468e-07,0.975000, 4.109364e-06,0.975000, 1.190956e-06,
0.976000, 3.442188e-05,0.976000, 9.100468e-07,0.976000, 4.109364e-06,0.976000, 1.190956e-06,
0.977000, 3.442188e-05,0.977000, 9.100468e-07,0.977000, 4.109364e-06,0.977000, 1.190956e-06,
0.978000, 3.442188e-05,0.978000, 9.100468e-07,0.978000, 4.109364e-06,0.978000, 1.190956e-06,
0.979000, 3.442188e-05,0.979000, 9.100468e-07,0.979000, 4.109364e-06,0.979000, 1.190956e-06,
0.980000, 3.442188e-05,0.980000, 9.100468e-07,0.980000, 4.109364e-06,0.980000, 1.190956e-06,
0.981000, 3.442188e-05,0.981000, 9.100468e-07,0.981000, 4.109364e-06,0.981000, 1.190956e-06,
0.982000, 3.442188e-05,0.982000, 9.100468e-07,0.982000, 4.109364e-06,0.982000, 1.190956e-06,
0.983000, 3.442188e-05,0.983000, 9.100468e-07,0.983000, 4.109364e-06,0.983000, 1.190956e-06,
0.984000, 3.442188e-05,0.984000, 9.100468e-07,0.984000, 4.109364e-06,0.984000, 1.190956e-06,
0.985000, 3.442188e-05,0.985000, 9.100468e-07,0.985000, 4.109364e-06,0.985000, 1.190956e-06,
0.986000, 3.442188e-05,0.986000, 9.100468e-07,0.986000, 4.109364e-06,0.986000, 1.190956e-06,
0.987000, 3.442188e-05,0.987000, 9.100468e-07,0.987000, 4.109364e-06,0.987000, 1.190956e-06,
0.988000, 3.442188e-05,0.988000, 9.100468e-07,0.988000, 4.109364e-06,0.988000, 1.190956e-06,
0.989000, 3.442188e-05,0.989000, 9.100468e-07,0.989000, 4.109364e-06,0.989000, 1.190956e-06,
0.990000, 3.442188e-05,0.990000, 9.100468e-07,0.990000, 4.109364e-06,0.990000, 1.190956e-06,
0.991000, 3.442188e-05,0.991000, 9.100468e-07,0.991000, 4.109364e-06,0.991000, 1.190956e-06,
0.992000, 3.442188e-05,0.992000, 9.100468e-07,0.992000, 4.109364e-06,0.992000, 1.190956e-06,
0.993000, 3.442188e-05,0.993000, 9.100468e-07,0.993000, 4.109364e-06,0.993000, 1.190956e-06,
0.994000, 3.442188e-05,0.994000, 9.100468e-07,0.994000, 4.109364e-06,0.994000, 1.190956e-06,
0.995000, 3.442188e-05,0.995000, 9.100468e-07,0.995000, 4.109364e-06,0.995000, 1.190956e-06,
0.996000, 3.442188e-05,0.996000, 9.100468e-07,0.996000, 4.109364e-06,0.996000, 1.190956e-06,
0.997000, 3.442188e-05,0.997000, 9.100468e-07,0.997000, 4.109364e-06,0.997000, 1.190956e-06,
0.998000, 3.442188e-05,0.998000, 9.100468e-07,0.998000, 4.109364e-06,0.998000, 1.190956e-06,
0.999000, 3.442188e-05,0.999000, 9.100468e-07,0.999000, 4.109364e-06,0.999000, 1.190956e-06,
1.000000, 3.442188e-05,1.000000, 9.100468e-07,1.000000, 4.109364e-06,1.000000, 1.190956e-06,
1.001000, 3.442188e-05,1.001000, 9.100468e-07,1.001000, 4.109364e-06,1.001000, 1.190956e-06,
, ,1.002000, 9.100468e-07,1.002000, 4.109364e-06,1.002000, 1.190956e-06,
, ,1.003000, 9.100468e-07,1.003000, 4.109364e-06,1.003000, 1.190956e-06,
, ,1.004000, 9.100468e-07,1.004000, 4.109364e-06,1.004000, 1.190956e-06,
, ,1.005000, 9.100468e-07,1.005000, 4.109364e-06,1.005000, 1.190956e-06,
, ,1.006000, 9.100468e-07,1.006000, 4.109364e-06,1.006000, 1.190956e-06,
, ,1.007000, 9.100468e-07,1.007000, 4.109364e-06,1.007000, 1.190956e-06,
, ,1.008000, 9.100468e-07,1.008000, 4.109364e-06,1.008000, 1.190956e-06,
, ,1.009000, 9.100468e-07,1.009000, 4.109364e-06,1.009000, 1.190956e-06,
, ,1.010000, 9.100468e-07,1.010000, 4.109364e-06,1.010000, 1.190956e-06,
, ,1.011000, 9.100468e-07,1.011000, 4.109364e-06,1.011000, 1.190956e-06,
, ,1.012000, 9.100468e-07,1.012000, 4.109364e-06,1.012000, 1.190956e-06,
, ,1.013000, 9.100468e-07,1.013000, 4.109364e-06,1.013000, 1.190956e-06,
, ,1.014000, 9.100468e-07,, ,1.014000, 1.190956e-06,
, ,1.015000, 9.100468e-07,, ,1.015000, 1.190956e-06,
, ,1.016000, 9.100468e-07,, ,1.016000, 1.190956e-06,
, ,1.017000, 9.100468e-07,, ,1.017000, 1.190956e-06,
, ,1.018000, 9.100468e-07,, ,1.018000, 1.190956e-06,
