t, DO_no_spike, t, DO_NH3_spike, t, DO_NO2_spike, t, DO_both, 
0.000000, 7.780000e+00,0.000000, 7.760000e+00,0.000000, 8.020000e+00,0.000000, 7.800000e+00,
0.001000, 7.719935e+00,0.001000, 7.137069e+00,0.001000, 7.799117e+00,0.001000, 7.041904e+00,
0.002000, 7.659899e+00,0.002000, 6.499650e+00,0.002000, 7.578614e+00,0.002000, 6.289543e+00,
0.003000, 7.599894e+00,0.003000, 5.855071e+00,0.003000, 7.358487e+00,0.003000, 5.544351e+00,
0.004000, 7.539920e+00,0.004000, 5.208019e+00,0.004000, 7.138806e+00,0.004000, 4.808233e+00,
0.005000, 7.479975e+00,0.005000, 4.562062e+00,0.005000, 6.919533e+00,0.005000, 4.083617e+00,
0.006000, 7.420064e+00,0.006000, 3.919964e+00,0.006000, 6.700758e+00,0.006000, 3.372980e+00,
0.007000, 7.360185e+00,0.007000, 3.287485e+00,0.007000, 6.482491e+00,0.007000, 2.686438e+00,
0.008000, 7.300338e+00,0.008000, 2.673993e+00,0.008000, 6.264745e+00,0.008000, 2.041242e+00,
0.009000, 7.240524e+00,0.009000, 2.083288e+00,0.009000, 6.047560e+00,0.009000, 1.445237e+00,
0.010000, 7.180743e+00,0.010000, 1.524181e+00,0.010000, 5.830979e+00,0.010000, 9.172786e-01,
0.011000, 7.120996e+00,0.011000, 1.054054e+00,0.011000, 5.615043e+00,0.011000, 5.555819e-01,
0.012000, 7.061284e+00,0.012000, 6.473558e-01,0.012000, 5.399792e+00,0.012000, 2.756205e-01,
0.013000, 7.001605e+00,0.013000, 3.730774e-01,0.013000, 5.185261e+00,0.013000, 1.418665e-01,
0.014000, 6.941960e+00,0.014000, 1.987207e-01,0.014000, 4.971473e+00,0.014000, 6.541173e-02,
0.015000, 6.882356e+00,0.015000, 9.199830e-02,0.015000, 4.758646e+00,0.015000, 2.774113e-02,
0.016000, 6.822791e+00,0.016000, 4.942034e-02,0.016000, 4.546824e+00,0.016000, 1.410130e-02,
0.017000, 6.763260e+00,0.017000, 1.921873e-02,0.017000, 4.335933e+00,0.017000, 5.098088e-03,
0.018000, 6.703760e+00,0.018000, 1.155376e-02,0.018000, 4.125936e+00,0.018000, 3.014015e-03,
0.019000, 6.644310e+00,0.019000, 4.396561e-03,0.019000, 3.917464e+00,0.019000, 1.078937e-03,
0.020000, 6.584897e+00,0.020000, 2.712262e-03,0.020000, 3.710298e+00,0.020000, 6.569408e-04,
0.021000, 6.525512e+00,0.021000, 1.027964e-03,0.021000, 3.504106e+00,0.021000, 2.349450e-04,
0.022000, 6.466186e+00,0.022000, 6.478056e-04,0.022000, 3.300195e+00,0.022000, 1.459622e-04,
0.023000, 6.406891e+00,0.023000, 2.820466e-04,0.023000, 3.097738e+00,0.023000, 6.065641e-05,
0.024000, 6.347634e+00,0.024000, 1.565917e-04,0.024000, 2.896956e+00,0.024000, 3.280235e-05,
0.025000, 6.288433e+00,0.025000, 8.014332e-05,0.025000, 2.699173e+00,0.025000, 1.666471e-05,
0.026000, 6.229252e+00,0.026000, 3.758998e-05,0.026000, 2.502378e+00,0.026000, 7.604312e-06,
0.027000, 6.170147e+00,0.027000, 2.182710e-05,0.027000, 2.310534e+00,0.027000, 4.137722e-06,
0.028000, 6.111052e+00,0.028000, 8.171830e-06,0.028000, 2.119320e+00,0.028000, 1.249639e-06,
0.029000, 6.052041e+00,0.029000, 5.038453e-06,0.029000, 1.934754e+00,0.029000, 1.249639e-06,
0.030000, 5.993035e+00,0.030000, 1.905075e-06,0.030000, 1.750725e+00,0.030000, 1.249639e-06,
0.031000, 5.934121e+00,0.031000, 8.063496e-07,0.031000, 1.575911e+00,0.031000, 1.249639e-06,
0.032000, 5.875207e+00,0.032000, 8.063496e-07,0.032000, 1.401097e+00,0.032000, 1.249639e-06,
0.033000, 5.816394e+00,0.033000, 8.063496e-07,0.033000, 1.239589e+00,0.033000, 1.249639e-06,
0.034000, 5.757586e+00,0.034000, 8.063496e-07,0.034000, 1.078742e+00,0.034000, 1.249639e-06,
0.035000, 5.698864e+00,0.035000, 8.063496e-07,0.035000, 9.328938e-01,0.035000, 1.249639e-06,
0.036000, 5.640173e+00,0.036000, 8.063496e-07,0.036000, 7.923272e-01,0.036000, 1.249639e-06,
0.037000, 5.581534e+00,0.037000, 8.063496e-07,0.037000, 6.633946e-01,0.037000, 1.249639e-06,
0.038000, 5.522970e+00,0.038000, 8.063496e-07,0.038000, 5.511970e-01,0.038000, 1.249639e-06,
0.039000, 5.464406e+00,0.039000, 8.063496e-07,0.039000, 4.389995e-01,0.039000, 1.249639e-06,
0.040000, 5.405978e+00,0.040000, 8.063496e-07,0.040000, 3.560148e-01,0.040000, 1.249639e-06,
0.041000, 5.347556e+00,0.041000, 8.063496e-07,0.041000, 2.743110e-01,0.041000, 1.249639e-06,
0.042000, 5.289192e+00,0.042000, 8.063496e-07,0.042000, 2.106769e-01,0.042000, 1.249639e-06,
0.043000, 5.230926e+00,0.043000, 8.063496e-07,0.043000, 1.646914e-01,0.043000, 1.249639e-06,
0.044000, 5.172660e+00,0.044000, 8.063496e-07,0.044000, 1.187060e-01,0.044000, 1.249639e-06,
0.045000, 5.114509e+00,0.045000, 8.063496e-07,0.045000, 9.372715e-02,0.045000, 1.249639e-06,
0.046000, 5.056416e+00,0.046000, 8.063496e-07,0.046000, 7.045805e-02,0.046000, 1.249639e-06,
0.047000, 4.998324e+00,0.047000, 8.063496e-07,0.047000, 4.984726e-02,0.047000, 1.249639e-06,
0.048000, 4.940387e+00,0.048000, 8.063496e-07,0.048000, 3.937533e-02,0.048000, 1.249639e-06,
0.049000, 4.882489e+00,0.049000, 8.063496e-07,0.049000, 2.890340e-02,0.049000, 1.249639e-06,
0.050000, 4.824590e+00,0.050000, 8.063496e-07,0.050000, 2.055668e-02,0.050000, 1.249639e-06,
0.051000, 4.766864e+00,0.051000, 8.063496e-07,0.051000, 1.619665e-02,0.051000, 1.249639e-06,
0.052000, 4.709183e+00,0.052000, 8.063496e-07,0.052000, 1.183662e-02,0.052000, 1.249639e-06,
0.053000, 4.651503e+00,0.053000, 8.063496e-07,0.053000, 8.365974e-03,0.053000, 1.249639e-06,
0.054000, 4.593974e+00,0.054000, 8.063496e-07,0.054000, 6.643647e-03,0.054000, 1.249639e-06,
0.055000, 4.536539e+00,0.055000, 8.063496e-07,0.055000, 4.921319e-03,0.055000, 1.249639e-06,
0.056000, 4.479103e+00,0.056000, 8.063496e-07,0.056000, 3.379197e-03,0.056000, 1.249639e-06,
0.057000, 4.421747e+00,0.057000, 8.063496e-07,0.057000, 2.728279e-03,0.057000, 1.249639e-06,
0.058000, 4.364590e+00,0.058000, 8.063496e-07,0.058000, 2.077362e-03,0.058000, 1.249639e-06,
0.059000, 4.307433e+00,0.059000, 8.063496e-07,0.059000, 1.426444e-03,0.059000, 1.249639e-06,
0.060000, 4.250276e+00,0.060000, 8.063496e-07,0.060000, 1.118472e-03,0.060000, 1.249639e-06,
0.061000, 4.193365e+00,0.061000, 8.063496e-07,0.061000, 8.795392e-04,0.061000, 1.249639e-06,
0.062000, 4.136526e+00,0.062000, 8.063496e-07,0.062000, 6.406067e-04,0.062000, 1.249639e-06,
0.063000, 4.079687e+00,0.063000, 8.063496e-07,0.063000, 4.512754e-04,0.063000, 1.249639e-06,
0.064000, 4.022876e+00,0.064000, 8.063496e-07,0.064000, 3.668254e-04,0.064000, 1.249639e-06,
0.065000, 3.966402e+00,0.065000, 8.063496e-07,0.065000, 2.823753e-04,0.065000, 1.249639e-06,
0.066000, 3.909929e+00,0.066000, 8.063496e-07,0.066000, 1.979252e-04,0.066000, 1.249639e-06,
0.067000, 3.853455e+00,0.067000, 8.063496e-07,0.067000, 1.400028e-04,0.067000, 1.249639e-06,
0.068000, 3.796991e+00,0.068000, 8.063496e-07,0.068000, 9.800151e-05,0.068000, 1.249639e-06,
0.069000, 3.740610e+00,0.069000, 8.063496e-07,0.069000, 7.002601e-05,0.069000, 1.249639e-06,
0.070000, 3.684332e+00,0.070000, 8.063496e-07,0.070000, 4.866328e-05,0.070000, 1.249639e-06,
0.071000, 3.628168e+00,0.071000, 8.063496e-07,0.071000, 3.428430e-05,0.071000, 1.249639e-06,
0.072000, 3.572105e+00,0.072000, 8.063496e-07,0.072000, 2.397421e-05,0.072000, 1.249639e-06,
0.073000, 3.516167e+00,0.073000, 8.063496e-07,0.073000, 1.633923e-05,0.073000, 1.249639e-06,
0.074000, 3.460340e+00,0.074000, 8.063496e-07,0.074000, 1.164490e-05,0.074000, 1.249639e-06,
0.075000, 3.404629e+00,0.075000, 8.063496e-07,0.075000, 7.508850e-06,0.075000, 1.249639e-06,
0.076000, 3.349039e+00,0.076000, 8.063496e-07,0.076000, 5.506217e-06,0.076000, 1.249639e-06,
0.077000, 3.293576e+00,0.077000, 8.063496e-07,0.077000, 3.503584e-06,0.077000, 1.249639e-06,
0.078000, 3.238245e+00,0.078000, 8.063496e-07,0.078000, 3.141190e-06,0.078000, 1.249639e-06,
0.079000, 3.183050e+00,0.079000, 8.063496e-07,0.079000, 3.141190e-06,0.079000, 1.249639e-06,
0.080000, 3.127996e+00,0.080000, 8.063496e-07,0.080000, 3.141190e-06,0.080000, 1.249639e-06,
0.081000, 3.073085e+00,0.081000, 8.063496e-07,0.081000, 3.141190e-06,0.081000, 1.249639e-06,
0.082000, 3.018317e+00,0.082000, 8.063496e-07,0.082000, 3.141190e-06,0.082000, 1.249639e-06,
0.083000, 2.963692e+00,0.083000, 8.063496e-07,0.083000, 3.141190e-06,0.083000, 1.249639e-06,
0.084000, 2.909205e+00,0.084000, 8.063496e-07,0.084000, 3.141190e-06,0.084000, 1.249639e-06,
0.085000, 2.854898e+00,0.085000, 8.063496e-07,0.085000, 3.141190e-06,0.085000, 1.249639e-06,
0.086000, 2.800770e+00,0.086000, 8.063496e-07,0.086000, 3.141190e-06,0.086000, 1.249639e-06,
0.087000, 2.746781e+00,0.087000, 8.063496e-07,0.087000, 3.141190e-06,0.087000, 1.249639e-06,
0.088000, 2.692955e+00,0.088000, 8.063496e-07,0.088000, 3.141190e-06,0.088000, 1.249639e-06,
0.089000, 2.639365e+00,0.089000, 8.063496e-07,0.089000, 3.141190e-06,0.089000, 1.249639e-06,
0.090000, 2.585900e+00,0.090000, 8.063496e-07,0.090000, 3.141190e-06,0.090000, 1.249639e-06,
0.091000, 2.532659e+00,0.091000, 8.063496e-07,0.091000, 3.141190e-06,0.091000, 1.249639e-06,
0.092000, 2.479624e+00,0.092000, 8.063496e-07,0.092000, 3.141190e-06,0.092000, 1.249639e-06,
0.093000, 2.426725e+00,0.093000, 8.063496e-07,0.093000, 3.141190e-06,0.093000, 1.249639e-06,
0.094000, 2.374150e+00,0.094000, 8.063496e-07,0.094000, 3.141190e-06,0.094000, 1.249639e-06,
0.095000, 2.321633e+00,0.095000, 8.063496e-07,0.095000, 3.141190e-06,0.095000, 1.249639e-06,
0.096000, 2.269539e+00,0.096000, 8.063496e-07,0.096000, 3.141190e-06,0.096000, 1.249639e-06,
0.097000, 2.217474e+00,0.097000, 8.063496e-07,0.097000, 3.141190e-06,0.097000, 1.249639e-06,
0.098000, 2.165860e+00,0.098000, 8.063496e-07,0.098000, 3.141190e-06,0.098000, 1.249639e-06,
0.099000, 2.114253e+00,0.099000, 8.063496e-07,0.099000, 3.141190e-06,0.099000, 1.249639e-06,
0.100000, 2.063181e+00,0.100000, 8.063496e-07,0.100000, 3.141190e-06,0.100000, 1.249639e-06,
0.101000, 2.012109e+00,0.101000, 8.063496e-07,0.101000, 3.141190e-06,0.101000, 1.249639e-06,
0.102000, 1.961569e+00,0.102000, 8.063496e-07,0.102000, 3.141190e-06,0.102000, 1.249639e-06,
0.103000, 1.911113e+00,0.103000, 8.063496e-07,0.103000, 3.141190e-06,0.103000, 1.249639e-06,
0.104000, 1.861079e+00,0.104000, 8.063496e-07,0.104000, 3.141190e-06,0.104000, 1.249639e-06,
0.105000, 1.811328e+00,0.105000, 8.063496e-07,0.105000, 3.141190e-06,0.105000, 1.249639e-06,
0.106000, 1.761750e+00,0.106000, 8.063496e-07,0.106000, 3.141190e-06,0.106000, 1.249639e-06,
0.107000, 1.712812e+00,0.107000, 8.063496e-07,0.107000, 3.141190e-06,0.107000, 1.249639e-06,
0.108000, 1.663874e+00,0.108000, 8.063496e-07,0.108000, 3.141190e-06,0.108000, 1.249639e-06,
0.109000, 1.615596e+00,0.109000, 8.063496e-07,0.109000, 3.141190e-06,0.109000, 1.249639e-06,
0.110000, 1.567599e+00,0.110000, 8.063496e-07,0.110000, 3.141190e-06,0.110000, 1.249639e-06,
0.111000, 1.519666e+00,0.111000, 8.063496e-07,0.111000, 3.141190e-06,0.111000, 1.249639e-06,
0.112000, 1.472769e+00,0.112000, 8.063496e-07,0.112000, 3.141190e-06,0.112000, 1.249639e-06,
0.113000, 1.425872e+00,0.113000, 8.063496e-07,0.113000, 3.141190e-06,0.113000, 1.249639e-06,
0.114000, 1.379332e+00,0.114000, 8.063496e-07,0.114000, 3.141190e-06,0.114000, 1.249639e-06,
0.115000, 1.333728e+00,0.115000, 8.063496e-07,0.115000, 3.141190e-06,0.115000, 1.249639e-06,
0.116000, 1.288125e+00,0.116000, 8.063496e-07,0.116000, 3.141190e-06,0.116000, 1.249639e-06,
0.117000, 1.243054e+00,0.117000, 8.063496e-07,0.117000, 3.141190e-06,0.117000, 1.249639e-06,
0.118000, 1.198983e+00,0.118000, 8.063496e-07,0.118000, 3.141190e-06,0.118000, 1.249639e-06,
0.119000, 1.154912e+00,0.119000, 8.063496e-07,0.119000, 3.141190e-06,0.119000, 1.249639e-06,
0.120000, 1.111327e+00,0.120000, 8.063496e-07,0.120000, 3.141190e-06,0.120000, 1.249639e-06,
0.121000, 1.069088e+00,0.121000, 8.063496e-07,0.121000, 3.141190e-06,0.121000, 1.249639e-06,
0.122000, 1.026849e+00,0.122000, 8.063496e-07,0.122000, 3.141190e-06,0.122000, 1.249639e-06,
0.123000, 9.846561e-01,0.123000, 8.063496e-07,0.123000, 3.141190e-06,0.123000, 1.249639e-06,
0.124000, 9.446122e-01,0.124000, 8.063496e-07,0.124000, 3.141190e-06,0.124000, 1.249639e-06,
0.125000, 9.045683e-01,0.125000, 8.063496e-07,0.125000, 3.141190e-06,0.125000, 1.249639e-06,
0.126000, 8.645244e-01,0.126000, 8.063496e-07,0.126000, 3.141190e-06,0.126000, 1.249639e-06,
0.127000, 8.260776e-01,0.127000, 8.063496e-07,0.127000, 3.141190e-06,0.127000, 1.249639e-06,
0.128000, 7.886715e-01,0.128000, 8.063496e-07,0.128000, 3.141190e-06,0.128000, 1.249639e-06,
0.129000, 7.512654e-01,0.129000, 8.063496e-07,0.129000, 3.141190e-06,0.129000, 1.249639e-06,
0.130000, 7.138920e-01,0.130000, 8.063496e-07,0.130000, 3.141190e-06,0.130000, 1.249639e-06,
0.131000, 6.796403e-01,0.131000, 8.063496e-07,0.131000, 3.141190e-06,0.131000, 1.249639e-06,
0.132000, 6.453886e-01,0.132000, 8.063496e-07,0.132000, 3.141190e-06,0.132000, 1.249639e-06,
0.133000, 6.111369e-01,0.133000, 8.063496e-07,0.133000, 3.141190e-06,0.133000, 1.249639e-06,
0.134000, 5.770960e-01,0.134000, 8.063496e-07,0.134000, 3.141190e-06,0.134000, 1.249639e-06,
0.135000, 5.440102e-01,0.135000, 8.063496e-07,0.135000, 3.141190e-06,0.135000, 1.249639e-06,
0.136000, 5.119058e-01,0.136000, 8.063496e-07,0.136000, 3.141190e-06,0.136000, 1.249639e-06,
0.137000, 4.807973e-01,0.137000, 8.063496e-07,0.137000, 3.141190e-06,0.137000, 1.249639e-06,
0.138000, 4.507887e-01,0.138000, 8.063496e-07,0.138000, 3.141190e-06,0.138000, 1.249639e-06,
0.139000, 4.219681e-01,0.139000, 8.063496e-07,0.139000, 3.141190e-06,0.139000, 1.249639e-06,
0.140000, 3.942273e-01,0.140000, 8.063496e-07,0.140000, 3.141190e-06,0.140000, 1.249639e-06,
0.141000, 3.675282e-01,0.141000, 8.063496e-07,0.141000, 3.141190e-06,0.141000, 1.249639e-06,
0.142000, 3.418072e-01,0.142000, 8.063496e-07,0.142000, 3.141190e-06,0.142000, 1.249639e-06,
0.143000, 3.176152e-01,0.143000, 8.063496e-07,0.143000, 3.141190e-06,0.143000, 1.249639e-06,
0.144000, 2.944991e-01,0.144000, 8.063496e-07,0.144000, 3.141190e-06,0.144000, 1.249639e-06,
0.145000, 2.722513e-01,0.145000, 8.063496e-07,0.145000, 3.141190e-06,0.145000, 1.249639e-06,
0.146000, 2.515857e-01,0.146000, 8.063496e-07,0.146000, 3.141190e-06,0.146000, 1.249639e-06,
0.147000, 2.319467e-01,0.147000, 8.063496e-07,0.147000, 3.141190e-06,0.147000, 1.249639e-06,
0.148000, 2.131649e-01,0.148000, 8.063496e-07,0.148000, 3.141190e-06,0.148000, 1.249639e-06,
0.149000, 1.960896e-01,0.149000, 8.063496e-07,0.149000, 3.141190e-06,0.149000, 1.249639e-06,
0.150000, 1.794993e-01,0.150000, 8.063496e-07,0.150000, 3.141190e-06,0.150000, 1.249639e-06,
0.151000, 1.646092e-01,0.151000, 8.063496e-07,0.151000, 3.141190e-06,0.151000, 1.249639e-06,
0.152000, 1.502763e-01,0.152000, 8.063496e-07,0.152000, 3.141190e-06,0.152000, 1.249639e-06,
0.153000, 1.373221e-01,0.153000, 8.063496e-07,0.153000, 3.141190e-06,0.153000, 1.249639e-06,
0.154000, 1.250216e-01,0.154000, 8.063496e-07,0.154000, 3.141190e-06,0.154000, 1.249639e-06,
0.155000, 1.139469e-01,0.155000, 8.063496e-07,0.155000, 3.141190e-06,0.155000, 1.249639e-06,
0.156000, 1.034163e-01,0.156000, 8.063496e-07,0.156000, 3.141190e-06,0.156000, 1.249639e-06,
0.157000, 9.412106e-02,0.157000, 8.063496e-07,0.157000, 3.141190e-06,0.157000, 1.249639e-06,
0.158000, 8.508216e-02,0.158000, 8.063496e-07,0.158000, 3.141190e-06,0.158000, 1.249639e-06,
0.159000, 7.742862e-02,0.159000, 8.063496e-07,0.159000, 3.141190e-06,0.159000, 1.249639e-06,
0.160000, 6.977509e-02,0.160000, 8.063496e-07,0.160000, 3.141190e-06,0.160000, 1.249639e-06,
0.161000, 6.344159e-02,0.161000, 8.063496e-07,0.161000, 3.141190e-06,0.161000, 1.249639e-06,
0.162000, 5.726558e-02,0.162000, 8.063496e-07,0.162000, 3.141190e-06,0.162000, 1.249639e-06,
0.163000, 5.174898e-02,0.163000, 8.063496e-07,0.163000, 3.141190e-06,0.163000, 1.249639e-06,
0.164000, 4.686187e-02,0.164000, 8.063496e-07,0.164000, 3.141190e-06,0.164000, 1.249639e-06,
0.165000, 4.197963e-02,0.165000, 8.063496e-07,0.165000, 3.141190e-06,0.165000, 1.249639e-06,
0.166000, 3.818852e-02,0.166000, 8.063496e-07,0.166000, 3.141190e-06,0.166000, 1.249639e-06,
0.167000, 3.439741e-02,0.167000, 8.063496e-07,0.167000, 3.141190e-06,0.167000, 1.249639e-06,
0.168000, 3.093779e-02,0.168000, 8.063496e-07,0.168000, 3.141190e-06,0.168000, 1.249639e-06,
0.169000, 2.805407e-02,0.169000, 8.063496e-07,0.169000, 3.141190e-06,0.169000, 1.249639e-06,
0.170000, 2.517035e-02,0.170000, 8.063496e-07,0.170000, 3.141190e-06,0.170000, 1.249639e-06,
0.171000, 2.271662e-02,0.171000, 8.063496e-07,0.171000, 3.141190e-06,0.171000, 1.249639e-06,
0.172000, 2.056504e-02,0.172000, 8.063496e-07,0.172000, 3.141190e-06,0.172000, 1.249639e-06,
0.173000, 1.841345e-02,0.173000, 8.063496e-07,0.173000, 3.141190e-06,0.173000, 1.249639e-06,
0.174000, 1.664215e-02,0.174000, 8.063496e-07,0.174000, 3.141190e-06,0.174000, 1.249639e-06,
0.175000, 1.506408e-02,0.175000, 8.063496e-07,0.175000, 3.141190e-06,0.175000, 1.249639e-06,
0.176000, 1.348601e-02,0.176000, 8.063496e-07,0.176000, 3.141190e-06,0.176000, 1.249639e-06,
0.177000, 1.216742e-02,0.177000, 8.063496e-07,0.177000, 3.141190e-06,0.177000, 1.249639e-06,
0.178000, 1.103297e-02,0.178000, 8.063496e-07,0.178000, 3.141190e-06,0.178000, 1.249639e-06,
0.179000, 9.898512e-03,0.179000, 8.063496e-07,0.179000, 3.141190e-06,0.179000, 1.249639e-06,
0.180000, 8.879103e-03,0.180000, 8.063496e-07,0.180000, 3.141190e-06,0.180000, 1.249639e-06,
0.181000, 8.078337e-03,0.181000, 8.063496e-07,0.181000, 3.141190e-06,0.181000, 1.249639e-06,
0.182000, 7.277571e-03,0.182000, 8.063496e-07,0.182000, 3.141190e-06,0.182000, 1.249639e-06,
0.183000, 6.476806e-03,0.183000, 8.063496e-07,0.183000, 3.141190e-06,0.183000, 1.249639e-06,
0.184000, 5.905557e-03,0.184000, 8.063496e-07,0.184000, 3.141190e-06,0.184000, 1.249639e-06,
0.185000, 5.350503e-03,0.185000, 8.063496e-07,0.185000, 3.141190e-06,0.185000, 1.249639e-06,
0.186000, 4.795449e-03,0.186000, 8.063496e-07,0.186000, 3.141190e-06,0.186000, 1.249639e-06,
0.187000, 4.301347e-03,0.187000, 8.063496e-07,0.187000, 3.141190e-06,0.187000, 1.249639e-06,
0.188000, 3.923534e-03,0.188000, 8.063496e-07,0.188000, 3.141190e-06,0.188000, 1.249639e-06,
0.189000, 3.545720e-03,0.189000, 8.063496e-07,0.189000, 3.141190e-06,0.189000, 1.249639e-06,
0.190000, 3.167907e-03,0.190000, 8.063496e-07,0.190000, 3.141190e-06,0.190000, 1.249639e-06,
0.191000, 2.860861e-03,0.191000, 8.063496e-07,0.191000, 3.141190e-06,0.191000, 1.249639e-06,
0.192000, 2.608355e-03,0.192000, 8.063496e-07,0.192000, 3.141190e-06,0.192000, 1.249639e-06,
0.193000, 2.355850e-03,0.193000, 8.063496e-07,0.193000, 3.141190e-06,0.193000, 1.249639e-06,
0.194000, 2.103345e-03,0.194000, 8.063496e-07,0.194000, 3.141190e-06,0.194000, 1.249639e-06,
0.195000, 1.901796e-03,0.195000, 8.063496e-07,0.195000, 3.141190e-06,0.195000, 1.249639e-06,
0.196000, 1.736146e-03,0.196000, 8.063496e-07,0.196000, 3.141190e-06,0.196000, 1.249639e-06,
0.197000, 1.570496e-03,0.197000, 8.063496e-07,0.197000, 3.141190e-06,0.197000, 1.249639e-06,
0.198000, 1.404845e-03,0.198000, 8.063496e-07,0.198000, 3.141190e-06,0.198000, 1.249639e-06,
0.199000, 1.262763e-03,0.199000, 8.063496e-07,0.199000, 3.141190e-06,0.199000, 1.249639e-06,
0.200000, 1.156140e-03,0.200000, 8.063496e-07,0.200000, 3.141190e-06,0.200000, 1.249639e-06,
0.201000, 1.049517e-03,0.201000, 8.063496e-07,0.201000, 3.141190e-06,0.201000, 1.249639e-06,
0.202000, 9.428943e-04,0.202000, 8.063496e-07,0.202000, 3.141190e-06,0.202000, 1.249639e-06,
0.203000, 8.362714e-04,0.203000, 8.063496e-07,0.203000, 3.141190e-06,0.203000, 1.249639e-06,
0.204000, 7.712034e-04,0.204000, 8.063496e-07,0.204000, 3.141190e-06,0.204000, 1.249639e-06,
0.205000, 7.064938e-04,0.205000, 8.063496e-07,0.205000, 3.141190e-06,0.205000, 1.249639e-06,
0.206000, 6.417841e-04,0.206000, 8.063496e-07,0.206000, 3.141190e-06,0.206000, 1.249639e-06,
0.207000, 5.770745e-04,0.207000, 8.063496e-07,0.207000, 3.141190e-06,0.207000, 1.249639e-06,
0.208000, 5.209608e-04,0.208000, 8.063496e-07,0.208000, 3.141190e-06,0.208000, 1.249639e-06,
0.209000, 4.806962e-04,0.209000, 8.063496e-07,0.209000, 3.141190e-06,0.209000, 1.249639e-06,
0.210000, 4.404315e-04,0.210000, 8.063496e-07,0.210000, 3.141190e-06,0.210000, 1.249639e-06,
0.211000, 4.001669e-04,0.211000, 8.063496e-07,0.211000, 3.141190e-06,0.211000, 1.249639e-06,
0.212000, 3.599022e-04,0.212000, 8.063496e-07,0.212000, 3.141190e-06,0.212000, 1.249639e-06,
0.213000, 3.269521e-04,0.213000, 8.063496e-07,0.213000, 3.141190e-06,0.213000, 1.249639e-06,
0.214000, 3.023290e-04,0.214000, 8.063496e-07,0.214000, 3.141190e-06,0.214000, 1.249639e-06,
0.215000, 2.777058e-04,0.215000, 8.063496e-07,0.215000, 3.141190e-06,0.215000, 1.249639e-06,
0.216000, 2.530826e-04,0.216000, 8.063496e-07,0.216000, 3.141190e-06,0.216000, 1.249639e-06,
0.217000, 2.284595e-04,0.217000, 8.063496e-07,0.217000, 3.141190e-06,0.217000, 1.249639e-06,
0.218000, 2.070412e-04,0.218000, 8.063496e-07,0.218000, 3.141190e-06,0.218000, 1.249639e-06,
0.219000, 1.922314e-04,0.219000, 8.063496e-07,0.219000, 3.141190e-06,0.219000, 1.249639e-06,
0.220000, 1.774217e-04,0.220000, 8.063496e-07,0.220000, 3.141190e-06,0.220000, 1.249639e-06,
0.221000, 1.626120e-04,0.221000, 8.063496e-07,0.221000, 3.141190e-06,0.221000, 1.249639e-06,
0.222000, 1.478023e-04,0.222000, 8.063496e-07,0.222000, 3.141190e-06,0.222000, 1.249639e-06,
0.223000, 1.329925e-04,0.223000, 8.063496e-07,0.223000, 3.141190e-06,0.223000, 1.249639e-06,
0.224000, 1.216780e-04,0.224000, 8.063496e-07,0.224000, 3.141190e-06,0.224000, 1.249639e-06,
0.225000, 1.106884e-04,0.225000, 8.063496e-07,0.225000, 3.141190e-06,0.225000, 1.249639e-06,
0.226000, 9.969879e-05,0.226000, 8.063496e-07,0.226000, 3.141190e-06,0.226000, 1.249639e-06,
0.227000, 8.870920e-05,0.227000, 8.063496e-07,0.227000, 3.141190e-06,0.227000, 1.249639e-06,
0.228000, 7.771961e-05,0.228000, 8.063496e-07,0.228000, 3.141190e-06,0.228000, 1.249639e-06,
0.229000, 6.832105e-05,0.229000, 8.063496e-07,0.229000, 3.141190e-06,0.229000, 1.249639e-06,
0.230000, 6.461404e-05,0.230000, 8.063496e-07,0.230000, 3.141190e-06,0.230000, 1.249639e-06,
0.231000, 6.090704e-05,0.231000, 8.063496e-07,0.231000, 3.141190e-06,0.231000, 1.249639e-06,
0.232000, 5.720003e-05,0.232000, 8.063496e-07,0.232000, 3.141190e-06,0.232000, 1.249639e-06,
0.233000, 5.349303e-05,0.233000, 8.063496e-07,0.233000, 3.141190e-06,0.233000, 1.249639e-06,
0.234000, 4.978602e-05,0.234000, 8.063496e-07,0.234000, 3.141190e-06,0.234000, 1.249639e-06,
0.235000, 4.586523e-05,0.235000, 8.063496e-07,0.235000, 3.141190e-06,0.235000, 1.249639e-06,
0.236000, 4.119608e-05,0.236000, 8.063496e-07,0.236000, 3.141190e-06,0.236000, 1.249639e-06,
0.237000, 3.652692e-05,0.237000, 8.063496e-07,0.237000, 3.141190e-06,0.237000, 1.249639e-06,
0.238000, 3.185777e-05,0.238000, 8.063496e-07,0.238000, 3.141190e-06,0.238000, 1.249639e-06,
0.239000, 2.718861e-05,0.239000, 8.063496e-07,0.239000, 3.141190e-06,0.239000, 1.249639e-06,
0.240000, 2.251946e-05,0.240000, 8.063496e-07,0.240000, 3.141190e-06,0.240000, 1.249639e-06,
0.241000, 1.785030e-05,0.241000, 8.063496e-07,0.241000, 3.141190e-06,0.241000, 1.249639e-06,
0.242000, 1.743157e-05,0.242000, 8.063496e-07,0.242000, 3.141190e-06,0.242000, 1.249639e-06,
0.243000, 1.743157e-05,0.243000, 8.063496e-07,0.243000, 3.141190e-06,0.243000, 1.249639e-06,
0.244000, 1.743157e-05,0.244000, 8.063496e-07,0.244000, 3.141190e-06,0.244000, 1.249639e-06,
0.245000, 1.743157e-05,0.245000, 8.063496e-07,0.245000, 3.141190e-06,0.245000, 1.249639e-06,
0.246000, 1.743157e-05,0.246000, 8.063496e-07,0.246000, 3.141190e-06,0.246000, 1.249639e-06,
0.247000, 1.743157e-05,0.247000, 8.063496e-07,0.247000, 3.141190e-06,0.247000, 1.249639e-06,
0.248000, 1.743157e-05,0.248000, 8.063496e-07,0.248000, 3.141190e-06,0.248000, 1.249639e-06,
0.249000, 1.743157e-05,0.249000, 8.063496e-07,0.249000, 3.141190e-06,0.249000, 1.249639e-06,
0.250000, 1.743157e-05,0.250000, 8.063496e-07,0.250000, 3.141190e-06,0.250000, 1.249639e-06,
0.251000, 1.743157e-05,0.251000, 8.063496e-07,0.251000, 3.141190e-06,0.251000, 1.249639e-06,
0.252000, 1.743157e-05,0.252000, 8.063496e-07,0.252000, 3.141190e-06,0.252000, 1.249639e-06,
0.253000, 1.743157e-05,0.253000, 8.063496e-07,0.253000, 3.141190e-06,0.253000, 1.249639e-06,
0.254000, 1.743157e-05,0.254000, 8.063496e-07,0.254000, 3.141190e-06,0.254000, 1.249639e-06,
0.255000, 1.743157e-05,0.255000, 8.063496e-07,0.255000, 3.141190e-06,0.255000, 1.249639e-06,
0.256000, 1.743157e-05,0.256000, 8.063496e-07,0.256000, 3.141190e-06,0.256000, 1.249639e-06,
0.257000, 1.743157e-05,0.257000, 8.063496e-07,0.257000, 3.141190e-06,0.257000, 1.249639e-06,
0.258000, 1.743157e-05,0.258000, 8.063496e-07,0.258000, 3.141190e-06,0.258000, 1.249639e-06,
0.259000, 1.743157e-05,0.259000, 8.063496e-07,0.259000, 3.141190e-06,0.259000, 1.249639e-06,
0.260000, 1.743157e-05,0.260000, 8.063496e-07,0.260000, 3.141190e-06,0.260000, 1.249639e-06,
0.261000, 1.743157e-05,0.261000, 8.063496e-07,0.261000, 3.141190e-06,0.261000, 1.249639e-06,
0.262000, 1.743157e-05,0.262000, 8.063496e-07,0.262000, 3.141190e-06,0.262000, 1.249639e-06,
0.263000, 1.743157e-05,0.263000, 8.063496e-07,0.263000, 3.141190e-06,0.263000, 1.249639e-06,
0.264000, 1.743157e-05,0.264000, 8.063496e-07,0.264000, 3.141190e-06,0.264000, 1.249639e-06,
0.265000, 1.743157e-05,0.265000, 8.063496e-07,0.265000, 3.141190e-06,0.265000, 1.249639e-06,
0.266000, 1.743157e-05,0.266000, 8.063496e-07,0.266000, 3.141190e-06,0.266000, 1.249639e-06,
0.267000, 1.743157e-05,0.267000, 8.063496e-07,0.267000, 3.141190e-06,0.267000, 1.249639e-06,
0.268000, 1.743157e-05,0.268000, 8.063496e-07,0.268000, 3.141190e-06,0.268000, 1.249639e-06,
0.269000, 1.743157e-05,0.269000, 8.063496e-07,0.269000, 3.141190e-06,0.269000, 1.249639e-06,
0.270000, 1.743157e-05,0.270000, 8.063496e-07,0.270000, 3.141190e-06,0.270000, 1.249639e-06,
0.271000, 1.743157e-05,0.271000, 8.063496e-07,0.271000, 3.141190e-06,0.271000, 1.249639e-06,
0.272000, 1.743157e-05,0.272000, 8.063496e-07,0.272000, 3.141190e-06,0.272000, 1.249639e-06,
0.273000, 1.743157e-05,0.273000, 8.063496e-07,0.273000, 3.141190e-06,0.273000, 1.249639e-06,
0.274000, 1.743157e-05,0.274000, 8.063496e-07,0.274000, 3.141190e-06,0.274000, 1.249639e-06,
0.275000, 1.743157e-05,0.275000, 8.063496e-07,0.275000, 3.141190e-06,0.275000, 1.249639e-06,
0.276000, 1.743157e-05,0.276000, 8.063496e-07,0.276000, 3.141190e-06,0.276000, 1.249639e-06,
0.277000, 1.743157e-05,0.277000, 8.063496e-07,0.277000, 3.141190e-06,0.277000, 1.249639e-06,
0.278000, 1.743157e-05,0.278000, 8.063496e-07,0.278000, 3.141190e-06,0.278000, 1.249639e-06,
0.279000, 1.743157e-05,0.279000, 8.063496e-07,0.279000, 3.141190e-06,0.279000, 1.249639e-06,
0.280000, 1.743157e-05,0.280000, 8.063496e-07,0.280000, 3.141190e-06,0.280000, 1.249639e-06,
0.281000, 1.743157e-05,0.281000, 8.063496e-07,0.281000, 3.141190e-06,0.281000, 1.249639e-06,
0.282000, 1.743157e-05,0.282000, 8.063496e-07,0.282000, 3.141190e-06,0.282000, 1.249639e-06,
0.283000, 1.743157e-05,0.283000, 8.063496e-07,0.283000, 3.141190e-06,0.283000, 1.249639e-06,
0.284000, 1.743157e-05,0.284000, 8.063496e-07,0.284000, 3.141190e-06,0.284000, 1.249639e-06,
0.285000, 1.743157e-05,0.285000, 8.063496e-07,0.285000, 3.141190e-06,0.285000, 1.249639e-06,
0.286000, 1.743157e-05,0.286000, 8.063496e-07,0.286000, 3.141190e-06,0.286000, 1.249639e-06,
0.287000, 1.743157e-05,0.287000, 8.063496e-07,0.287000, 3.141190e-06,0.287000, 1.249639e-06,
0.288000, 1.743157e-05,0.288000, 8.063496e-07,0.288000, 3.141190e-06,0.288000, 1.249639e-06,
0.289000, 1.743157e-05,0.289000, 8.063496e-07,0.289000, 3.141190e-06,0.289000, 1.249639e-06,
0.290000, 1.743157e-05,0.290000, 8.063496e-07,0.290000, 3.141190e-06,0.290000, 1.249639e-06,
0.291000, 1.743157e-05,0.291000, 8.063496e-07,0.291000, 3.141190e-06,0.291000, 1.249639e-06,
0.292000, 1.743157e-05,0.292000, 8.063496e-07,0.292000, 3.141190e-06,0.292000, 1.249639e-06,
0.293000, 1.743157e-05,0.293000, 8.063496e-07,0.293000, 3.141190e-06,0.293000, 1.249639e-06,
0.294000, 1.743157e-05,0.294000, 8.063496e-07,0.294000, 3.141190e-06,0.294000, 1.249639e-06,
0.295000, 1.743157e-05,0.295000, 8.063496e-07,0.295000, 3.141190e-06,0.295000, 1.249639e-06,
0.296000, 1.743157e-05,0.296000, 8.063496e-07,0.296000, 3.141190e-06,0.296000, 1.249639e-06,
0.297000, 1.743157e-05,0.297000, 8.063496e-07,0.297000, 3.141190e-06,0.297000, 1.249639e-06,
0.298000, 1.743157e-05,0.298000, 8.063496e-07,0.298000, 3.141190e-06,0.298000, 1.249639e-06,
0.299000, 1.743157e-05,0.299000, 8.063496e-07,0.299000, 3.141190e-06,0.299000, 1.249639e-06,
0.300000, 1.743157e-05,0.300000, 8.063496e-07,0.300000, 3.141190e-06,0.300000, 1.249639e-06,
0.301000, 1.743157e-05,0.301000, 8.063496e-07,0.301000, 3.141190e-06,0.301000, 1.249639e-06,
0.302000, 1.743157e-05,0.302000, 8.063496e-07,0.302000, 3.141190e-06,0.302000, 1.249639e-06,
0.303000, 1.743157e-05,0.303000, 8.063496e-07,0.303000, 3.141190e-06,0.303000, 1.249639e-06,
0.304000, 1.743157e-05,0.304000, 8.063496e-07,0.304000, 3.141190e-06,0.304000, 1.249639e-06,
0.305000, 1.743157e-05,0.305000, 8.063496e-07,0.305000, 3.141190e-06,0.305000, 1.249639e-06,
0.306000, 1.743157e-05,0.306000, 8.063496e-07,0.306000, 3.141190e-06,0.306000, 1.249639e-06,
0.307000, 1.743157e-05,0.307000, 8.063496e-07,0.307000, 3.141190e-06,0.307000, 1.249639e-06,
0.308000, 1.743157e-05,0.308000, 8.063496e-07,0.308000, 3.141190e-06,0.308000, 1.249639e-06,
0.309000, 1.743157e-05,0.309000, 8.063496e-07,0.309000, 3.141190e-06,0.309000, 1.249639e-06,
0.310000, 1.743157e-05,0.310000, 8.063496e-07,0.310000, 3.141190e-06,0.310000, 1.249639e-06,
0.311000, 1.743157e-05,0.311000, 8.063496e-07,0.311000, 3.141190e-06,0.311000, 1.249639e-06,
0.312000, 1.743157e-05,0.312000, 8.063496e-07,0.312000, 3.141190e-06,0.312000, 1.249639e-06,
0.313000, 1.743157e-05,0.313000, 8.063496e-07,0.313000, 3.141190e-06,0.313000, 1.249639e-06,
0.314000, 1.743157e-05,0.314000, 8.063496e-07,0.314000, 3.141190e-06,0.314000, 1.249639e-06,
0.315000, 1.743157e-05,0.315000, 8.063496e-07,0.315000, 3.141190e-06,0.315000, 1.249639e-06,
0.316000, 1.743157e-05,0.316000, 8.063496e-07,0.316000, 3.141190e-06,0.316000, 1.249639e-06,
0.317000, 1.743157e-05,0.317000, 8.063496e-07,0.317000, 3.141190e-06,0.317000, 1.249639e-06,
0.318000, 1.743157e-05,0.318000, 8.063496e-07,0.318000, 3.141190e-06,0.318000, 1.249639e-06,
0.319000, 1.743157e-05,0.319000, 8.063496e-07,0.319000, 3.141190e-06,0.319000, 1.249639e-06,
0.320000, 1.743157e-05,0.320000, 8.063496e-07,0.320000, 3.141190e-06,0.320000, 1.249639e-06,
0.321000, 1.743157e-05,0.321000, 8.063496e-07,0.321000, 3.141190e-06,0.321000, 1.249639e-06,
0.322000, 1.743157e-05,0.322000, 8.063496e-07,0.322000, 3.141190e-06,0.322000, 1.249639e-06,
0.323000, 1.743157e-05,0.323000, 8.063496e-07,0.323000, 3.141190e-06,0.323000, 1.249639e-06,
0.324000, 1.743157e-05,0.324000, 8.063496e-07,0.324000, 3.141190e-06,0.324000, 1.249639e-06,
0.325000, 1.743157e-05,0.325000, 8.063496e-07,0.325000, 3.141190e-06,0.325000, 1.249639e-06,
0.326000, 1.743157e-05,0.326000, 8.063496e-07,0.326000, 3.141190e-06,0.326000, 1.249639e-06,
0.327000, 1.743157e-05,0.327000, 8.063496e-07,0.327000, 3.141190e-06,0.327000, 1.249639e-06,
0.328000, 1.743157e-05,0.328000, 8.063496e-07,0.328000, 3.141190e-06,0.328000, 1.249639e-06,
0.329000, 1.743157e-05,0.329000, 8.063496e-07,0.329000, 3.141190e-06,0.329000, 1.249639e-06,
0.330000, 1.743157e-05,0.330000, 8.063496e-07,0.330000, 3.141190e-06,0.330000, 1.249639e-06,
0.331000, 1.743157e-05,0.331000, 8.063496e-07,0.331000, 3.141190e-06,0.331000, 1.249639e-06,
0.332000, 1.743157e-05,0.332000, 8.063496e-07,0.332000, 3.141190e-06,0.332000, 1.249639e-06,
0.333000, 1.743157e-05,0.333000, 8.063496e-07,0.333000, 3.141190e-06,0.333000, 1.249639e-06,
0.334000, 1.743157e-05,0.334000, 8.063496e-07,0.334000, 3.141190e-06,0.334000, 1.249639e-06,
0.335000, 1.743157e-05,0.335000, 8.063496e-07,0.335000, 3.141190e-06,0.335000, 1.249639e-06,
0.336000, 1.743157e-05,0.336000, 8.063496e-07,0.336000, 3.141190e-06,0.336000, 1.249639e-06,
0.337000, 1.743157e-05,0.337000, 8.063496e-07,0.337000, 3.141190e-06,0.337000, 1.249639e-06,
0.338000, 1.743157e-05,0.338000, 8.063496e-07,0.338000, 3.141190e-06,0.338000, 1.249639e-06,
0.339000, 1.743157e-05,0.339000, 8.063496e-07,0.339000, 3.141190e-06,0.339000, 1.249639e-06,
0.340000, 1.743157e-05,0.340000, 8.063496e-07,0.340000, 3.141190e-06,0.340000, 1.249639e-06,
0.341000, 1.743157e-05,0.341000, 8.063496e-07,0.341000, 3.141190e-06,0.341000, 1.249639e-06,
0.342000, 1.743157e-05,0.342000, 8.063496e-07,0.342000, 3.141190e-06,0.342000, 1.249639e-06,
0.343000, 1.743157e-05,0.343000, 8.063496e-07,0.343000, 3.141190e-06,0.343000, 1.249639e-06,
0.344000, 1.743157e-05,0.344000, 8.063496e-07,0.344000, 3.141190e-06,0.344000, 1.249639e-06,
0.345000, 1.743157e-05,0.345000, 8.063496e-07,0.345000, 3.141190e-06,0.345000, 1.249639e-06,
0.346000, 1.743157e-05,0.346000, 8.063496e-07,0.346000, 3.141190e-06,0.346000, 1.249639e-06,
0.347000, 1.743157e-05,0.347000, 8.063496e-07,0.347000, 3.141190e-06,0.347000, 1.249639e-06,
0.348000, 1.743157e-05,0.348000, 8.063496e-07,0.348000, 3.141190e-06,0.348000, 1.249639e-06,
0.349000, 1.743157e-05,0.349000, 8.063496e-07,0.349000, 3.141190e-06,0.349000, 1.249639e-06,
0.350000, 1.743157e-05,0.350000, 8.063496e-07,0.350000, 3.141190e-06,0.350000, 1.249639e-06,
0.351000, 1.743157e-05,0.351000, 8.063496e-07,0.351000, 3.141190e-06,0.351000, 1.249639e-06,
0.352000, 1.743157e-05,0.352000, 8.063496e-07,0.352000, 3.141190e-06,0.352000, 1.249639e-06,
0.353000, 1.743157e-05,0.353000, 8.063496e-07,0.353000, 3.141190e-06,0.353000, 1.249639e-06,
0.354000, 1.743157e-05,0.354000, 8.063496e-07,0.354000, 3.141190e-06,0.354000, 1.249639e-06,
0.355000, 1.743157e-05,0.355000, 8.063496e-07,0.355000, 3.141190e-06,0.355000, 1.249639e-06,
0.356000, 1.743157e-05,0.356000, 8.063496e-07,0.356000, 3.141190e-06,0.356000, 1.249639e-06,
0.357000, 1.743157e-05,0.357000, 8.063496e-07,0.357000, 3.141190e-06,0.357000, 1.249639e-06,
0.358000, 1.743157e-05,0.358000, 8.063496e-07,0.358000, 3.141190e-06,0.358000, 1.249639e-06,
0.359000, 1.743157e-05,0.359000, 8.063496e-07,0.359000, 3.141190e-06,0.359000, 1.249639e-06,
0.360000, 1.743157e-05,0.360000, 8.063496e-07,0.360000, 3.141190e-06,0.360000, 1.249639e-06,
0.361000, 1.743157e-05,0.361000, 8.063496e-07,0.361000, 3.141190e-06,0.361000, 1.249639e-06,
0.362000, 1.743157e-05,0.362000, 8.063496e-07,0.362000, 3.141190e-06,0.362000, 1.249639e-06,
0.363000, 1.743157e-05,0.363000, 8.063496e-07,0.363000, 3.141190e-06,0.363000, 1.249639e-06,
0.364000, 1.743157e-05,0.364000, 8.063496e-07,0.364000, 3.141190e-06,0.364000, 1.249639e-06,
0.365000, 1.743157e-05,0.365000, 8.063496e-07,0.365000, 3.141190e-06,0.365000, 1.249639e-06,
0.366000, 1.743157e-05,0.366000, 8.063496e-07,0.366000, 3.141190e-06,0.366000, 1.249639e-06,
0.367000, 1.743157e-05,0.367000, 8.063496e-07,0.367000, 3.141190e-06,0.367000, 1.249639e-06,
0.368000, 1.743157e-05,0.368000, 8.063496e-07,0.368000, 3.141190e-06,0.368000, 1.249639e-06,
0.369000, 1.743157e-05,0.369000, 8.063496e-07,0.369000, 3.141190e-06,0.369000, 1.249639e-06,
0.370000, 1.743157e-05,0.370000, 8.063496e-07,0.370000, 3.141190e-06,0.370000, 1.249639e-06,
0.371000, 1.743157e-05,0.371000, 8.063496e-07,0.371000, 3.141190e-06,0.371000, 1.249639e-06,
0.372000, 1.743157e-05,0.372000, 8.063496e-07,0.372000, 3.141190e-06,0.372000, 1.249639e-06,
0.373000, 1.743157e-05,0.373000, 8.063496e-07,0.373000, 3.141190e-06,0.373000, 1.249639e-06,
0.374000, 1.743157e-05,0.374000, 8.063496e-07,0.374000, 3.141190e-06,0.374000, 1.249639e-06,
0.375000, 1.743157e-05,0.375000, 8.063496e-07,0.375000, 3.141190e-06,0.375000, 1.249639e-06,
0.376000, 1.743157e-05,0.376000, 8.063496e-07,0.376000, 3.141190e-06,0.376000, 1.249639e-06,
0.377000, 1.743157e-05,0.377000, 8.063496e-07,0.377000, 3.141190e-06,0.377000, 1.249639e-06,
0.378000, 1.743157e-05,0.378000, 8.063496e-07,0.378000, 3.141190e-06,0.378000, 1.249639e-06,
0.379000, 1.743157e-05,0.379000, 8.063496e-07,0.379000, 3.141190e-06,0.379000, 1.249639e-06,
0.380000, 1.743157e-05,0.380000, 8.063496e-07,0.380000, 3.141190e-06,0.380000, 1.249639e-06,
0.381000, 1.743157e-05,0.381000, 8.063496e-07,0.381000, 3.141190e-06,0.381000, 1.249639e-06,
0.382000, 1.743157e-05,0.382000, 8.063496e-07,0.382000, 3.141190e-06,0.382000, 1.249639e-06,
0.383000, 1.743157e-05,0.383000, 8.063496e-07,0.383000, 3.141190e-06,0.383000, 1.249639e-06,
0.384000, 1.743157e-05,0.384000, 8.063496e-07,0.384000, 3.141190e-06,0.384000, 1.249639e-06,
0.385000, 1.743157e-05,0.385000, 8.063496e-07,0.385000, 3.141190e-06,0.385000, 1.249639e-06,
0.386000, 1.743157e-05,0.386000, 8.063496e-07,0.386000, 3.141190e-06,0.386000, 1.249639e-06,
0.387000, 1.743157e-05,0.387000, 8.063496e-07,0.387000, 3.141190e-06,0.387000, 1.249639e-06,
0.388000, 1.743157e-05,0.388000, 8.063496e-07,0.388000, 3.141190e-06,0.388000, 1.249639e-06,
0.389000, 1.743157e-05,0.389000, 8.063496e-07,0.389000, 3.141190e-06,0.389000, 1.249639e-06,
0.390000, 1.743157e-05,0.390000, 8.063496e-07,0.390000, 3.141190e-06,0.390000, 1.249639e-06,
0.391000, 1.743157e-05,0.391000, 8.063496e-07,0.391000, 3.141190e-06,0.391000, 1.249639e-06,
0.392000, 1.743157e-05,0.392000, 8.063496e-07,0.392000, 3.141190e-06,0.392000, 1.249639e-06,
0.393000, 1.743157e-05,0.393000, 8.063496e-07,0.393000, 3.141190e-06,0.393000, 1.249639e-06,
0.394000, 1.743157e-05,0.394000, 8.063496e-07,0.394000, 3.141190e-06,0.394000, 1.249639e-06,
0.395000, 1.743157e-05,0.395000, 8.063496e-07,0.395000, 3.141190e-06,0.395000, 1.249639e-06,
0.396000, 1.743157e-05,0.396000, 8.063496e-07,0.396000, 3.141190e-06,0.396000, 1.249639e-06,
0.397000, 1.743157e-05,0.397000, 8.063496e-07,0.397000, 3.141190e-06,0.397000, 1.249639e-06,
0.398000, 1.743157e-05,0.398000, 8.063496e-07,0.398000, 3.141190e-06,0.398000, 1.249639e-06,
0.399000, 1.743157e-05,0.399000, 8.063496e-07,0.399000, 3.141190e-06,0.399000, 1.249639e-06,
0.400000, 1.743157e-05,0.400000, 8.063496e-07,0.400000, 3.141190e-06,0.400000, 1.249639e-06,
0.401000, 1.743157e-05,0.401000, 8.063496e-07,0.401000, 3.141190e-06,0.401000, 1.249639e-06,
0.402000, 1.743157e-05,0.402000, 8.063496e-07,0.402000, 3.141190e-06,0.402000, 1.249639e-06,
0.403000, 1.743157e-05,0.403000, 8.063496e-07,0.403000, 3.141190e-06,0.403000, 1.249639e-06,
0.404000, 1.743157e-05,0.404000, 8.063496e-07,0.404000, 3.141190e-06,0.404000, 1.249639e-06,
0.405000, 1.743157e-05,0.405000, 8.063496e-07,0.405000, 3.141190e-06,0.405000, 1.249639e-06,
0.406000, 1.743157e-05,0.406000, 8.063496e-07,0.406000, 3.141190e-06,0.406000, 1.249639e-06,
0.407000, 1.743157e-05,0.407000, 8.063496e-07,0.407000, 3.141190e-06,0.407000, 1.249639e-06,
0.408000, 1.743157e-05,0.408000, 8.063496e-07,0.408000, 3.141190e-06,0.408000, 1.249639e-06,
0.409000, 1.743157e-05,0.409000, 8.063496e-07,0.409000, 3.141190e-06,0.409000, 1.249639e-06,
0.410000, 1.743157e-05,0.410000, 8.063496e-07,0.410000, 3.141190e-06,0.410000, 1.249639e-06,
0.411000, 1.743157e-05,0.411000, 8.063496e-07,0.411000, 3.141190e-06,0.411000, 1.249639e-06,
0.412000, 1.743157e-05,0.412000, 8.063496e-07,0.412000, 3.141190e-06,0.412000, 1.249639e-06,
0.413000, 1.743157e-05,0.413000, 8.063496e-07,0.413000, 3.141190e-06,0.413000, 1.249639e-06,
0.414000, 1.743157e-05,0.414000, 8.063496e-07,0.414000, 3.141190e-06,0.414000, 1.249639e-06,
0.415000, 1.743157e-05,0.415000, 8.063496e-07,0.415000, 3.141190e-06,0.415000, 1.249639e-06,
0.416000, 1.743157e-05,0.416000, 8.063496e-07,0.416000, 3.141190e-06,0.416000, 1.249639e-06,
0.417000, 1.743157e-05,0.417000, 8.063496e-07,0.417000, 3.141190e-06,0.417000, 1.249639e-06,
0.418000, 1.743157e-05,0.418000, 8.063496e-07,0.418000, 3.141190e-06,0.418000, 1.249639e-06,
0.419000, 1.743157e-05,0.419000, 8.063496e-07,0.419000, 3.141190e-06,0.419000, 1.249639e-06,
0.420000, 1.743157e-05,0.420000, 8.063496e-07,0.420000, 3.141190e-06,0.420000, 1.249639e-06,
0.421000, 1.743157e-05,0.421000, 8.063496e-07,0.421000, 3.141190e-06,0.421000, 1.249639e-06,
0.422000, 1.743157e-05,0.422000, 8.063496e-07,0.422000, 3.141190e-06,0.422000, 1.249639e-06,
0.423000, 1.743157e-05,0.423000, 8.063496e-07,0.423000, 3.141190e-06,0.423000, 1.249639e-06,
0.424000, 1.743157e-05,0.424000, 8.063496e-07,0.424000, 3.141190e-06,0.424000, 1.249639e-06,
0.425000, 1.743157e-05,0.425000, 8.063496e-07,0.425000, 3.141190e-06,0.425000, 1.249639e-06,
0.426000, 1.743157e-05,0.426000, 8.063496e-07,0.426000, 3.141190e-06,0.426000, 1.249639e-06,
0.427000, 1.743157e-05,0.427000, 8.063496e-07,0.427000, 3.141190e-06,0.427000, 1.249639e-06,
0.428000, 1.743157e-05,0.428000, 8.063496e-07,0.428000, 3.141190e-06,0.428000, 1.249639e-06,
0.429000, 1.743157e-05,0.429000, 8.063496e-07,0.429000, 3.141190e-06,0.429000, 1.249639e-06,
0.430000, 1.743157e-05,0.430000, 8.063496e-07,0.430000, 3.141190e-06,0.430000, 1.249639e-06,
0.431000, 1.743157e-05,0.431000, 8.063496e-07,0.431000, 3.141190e-06,0.431000, 1.249639e-06,
0.432000, 1.743157e-05,0.432000, 8.063496e-07,0.432000, 3.141190e-06,0.432000, 1.249639e-06,
0.433000, 1.743157e-05,0.433000, 8.063496e-07,0.433000, 3.141190e-06,0.433000, 1.249639e-06,
0.434000, 1.743157e-05,0.434000, 8.063496e-07,0.434000, 3.141190e-06,0.434000, 1.249639e-06,
0.435000, 1.743157e-05,0.435000, 8.063496e-07,0.435000, 3.141190e-06,0.435000, 1.249639e-06,
0.436000, 1.743157e-05,0.436000, 8.063496e-07,0.436000, 3.141190e-06,0.436000, 1.249639e-06,
0.437000, 1.743157e-05,0.437000, 8.063496e-07,0.437000, 3.141190e-06,0.437000, 1.249639e-06,
0.438000, 1.743157e-05,0.438000, 8.063496e-07,0.438000, 3.141190e-06,0.438000, 1.249639e-06,
0.439000, 1.743157e-05,0.439000, 8.063496e-07,0.439000, 3.141190e-06,0.439000, 1.249639e-06,
0.440000, 1.743157e-05,0.440000, 8.063496e-07,0.440000, 3.141190e-06,0.440000, 1.249639e-06,
0.441000, 1.743157e-05,0.441000, 8.063496e-07,0.441000, 3.141190e-06,0.441000, 1.249639e-06,
0.442000, 1.743157e-05,0.442000, 8.063496e-07,0.442000, 3.141190e-06,0.442000, 1.249639e-06,
0.443000, 1.743157e-05,0.443000, 8.063496e-07,0.443000, 3.141190e-06,0.443000, 1.249639e-06,
0.444000, 1.743157e-05,0.444000, 8.063496e-07,0.444000, 3.141190e-06,0.444000, 1.249639e-06,
0.445000, 1.743157e-05,0.445000, 8.063496e-07,0.445000, 3.141190e-06,0.445000, 1.249639e-06,
0.446000, 1.743157e-05,0.446000, 8.063496e-07,0.446000, 3.141190e-06,0.446000, 1.249639e-06,
0.447000, 1.743157e-05,0.447000, 8.063496e-07,0.447000, 3.141190e-06,0.447000, 1.249639e-06,
0.448000, 1.743157e-05,0.448000, 8.063496e-07,0.448000, 3.141190e-06,0.448000, 1.249639e-06,
0.449000, 1.743157e-05,0.449000, 8.063496e-07,0.449000, 3.141190e-06,0.449000, 1.249639e-06,
0.450000, 1.743157e-05,0.450000, 8.063496e-07,0.450000, 3.141190e-06,0.450000, 1.249639e-06,
0.451000, 1.743157e-05,0.451000, 8.063496e-07,0.451000, 3.141190e-06,0.451000, 1.249639e-06,
0.452000, 1.743157e-05,0.452000, 8.063496e-07,0.452000, 3.141190e-06,0.452000, 1.249639e-06,
0.453000, 1.743157e-05,0.453000, 8.063496e-07,0.453000, 3.141190e-06,0.453000, 1.249639e-06,
0.454000, 1.743157e-05,0.454000, 8.063496e-07,0.454000, 3.141190e-06,0.454000, 1.249639e-06,
0.455000, 1.743157e-05,0.455000, 8.063496e-07,0.455000, 3.141190e-06,0.455000, 1.249639e-06,
0.456000, 1.743157e-05,0.456000, 8.063496e-07,0.456000, 3.141190e-06,0.456000, 1.249639e-06,
0.457000, 1.743157e-05,0.457000, 8.063496e-07,0.457000, 3.141190e-06,0.457000, 1.249639e-06,
0.458000, 1.743157e-05,0.458000, 8.063496e-07,0.458000, 3.141190e-06,0.458000, 1.249639e-06,
0.459000, 1.743157e-05,0.459000, 8.063496e-07,0.459000, 3.141190e-06,0.459000, 1.249639e-06,
0.460000, 1.743157e-05,0.460000, 8.063496e-07,0.460000, 3.141190e-06,0.460000, 1.249639e-06,
0.461000, 1.743157e-05,0.461000, 8.063496e-07,0.461000, 3.141190e-06,0.461000, 1.249639e-06,
0.462000, 1.743157e-05,0.462000, 8.063496e-07,0.462000, 3.141190e-06,0.462000, 1.249639e-06,
0.463000, 1.743157e-05,0.463000, 8.063496e-07,0.463000, 3.141190e-06,0.463000, 1.249639e-06,
0.464000, 1.743157e-05,0.464000, 8.063496e-07,0.464000, 3.141190e-06,0.464000, 1.249639e-06,
0.465000, 1.743157e-05,0.465000, 8.063496e-07,0.465000, 3.141190e-06,0.465000, 1.249639e-06,
0.466000, 1.743157e-05,0.466000, 8.063496e-07,0.466000, 3.141190e-06,0.466000, 1.249639e-06,
0.467000, 1.743157e-05,0.467000, 8.063496e-07,0.467000, 3.141190e-06,0.467000, 1.249639e-06,
0.468000, 1.743157e-05,0.468000, 8.063496e-07,0.468000, 3.141190e-06,0.468000, 1.249639e-06,
0.469000, 1.743157e-05,0.469000, 8.063496e-07,0.469000, 3.141190e-06,0.469000, 1.249639e-06,
0.470000, 1.743157e-05,0.470000, 8.063496e-07,0.470000, 3.141190e-06,0.470000, 1.249639e-06,
0.471000, 1.743157e-05,0.471000, 8.063496e-07,0.471000, 3.141190e-06,0.471000, 1.249639e-06,
0.472000, 1.743157e-05,0.472000, 8.063496e-07,0.472000, 3.141190e-06,0.472000, 1.249639e-06,
0.473000, 1.743157e-05,0.473000, 8.063496e-07,0.473000, 3.141190e-06,0.473000, 1.249639e-06,
0.474000, 1.743157e-05,0.474000, 8.063496e-07,0.474000, 3.141190e-06,0.474000, 1.249639e-06,
0.475000, 1.743157e-05,0.475000, 8.063496e-07,0.475000, 3.141190e-06,0.475000, 1.249639e-06,
0.476000, 1.743157e-05,0.476000, 8.063496e-07,0.476000, 3.141190e-06,0.476000, 1.249639e-06,
0.477000, 1.743157e-05,0.477000, 8.063496e-07,0.477000, 3.141190e-06,0.477000, 1.249639e-06,
0.478000, 1.743157e-05,0.478000, 8.063496e-07,0.478000, 3.141190e-06,0.478000, 1.249639e-06,
0.479000, 1.743157e-05,0.479000, 8.063496e-07,0.479000, 3.141190e-06,0.479000, 1.249639e-06,
0.480000, 1.743157e-05,0.480000, 8.063496e-07,0.480000, 3.141190e-06,0.480000, 1.249639e-06,
0.481000, 1.743157e-05,0.481000, 8.063496e-07,0.481000, 3.141190e-06,0.481000, 1.249639e-06,
0.482000, 1.743157e-05,0.482000, 8.063496e-07,0.482000, 3.141190e-06,0.482000, 1.249639e-06,
0.483000, 1.743157e-05,0.483000, 8.063496e-07,0.483000, 3.141190e-06,0.483000, 1.249639e-06,
0.484000, 1.743157e-05,0.484000, 8.063496e-07,0.484000, 3.141190e-06,0.484000, 1.249639e-06,
0.485000, 1.743157e-05,0.485000, 8.063496e-07,0.485000, 3.141190e-06,0.485000, 1.249639e-06,
0.486000, 1.743157e-05,0.486000, 8.063496e-07,0.486000, 3.141190e-06,0.486000, 1.249639e-06,
0.487000, 1.743157e-05,0.487000, 8.063496e-07,0.487000, 3.141190e-06,0.487000, 1.249639e-06,
0.488000, 1.743157e-05,0.488000, 8.063496e-07,0.488000, 3.141190e-06,0.488000, 1.249639e-06,
0.489000, 1.743157e-05,0.489000, 8.063496e-07,0.489000, 3.141190e-06,0.489000, 1.249639e-06,
0.490000, 1.743157e-05,0.490000, 8.063496e-07,0.490000, 3.141190e-06,0.490000, 1.249639e-06,
0.491000, 1.743157e-05,0.491000, 8.063496e-07,0.491000, 3.141190e-06,0.491000, 1.249639e-06,
0.492000, 1.743157e-05,0.492000, 8.063496e-07,0.492000, 3.141190e-06,0.492000, 1.249639e-06,
0.493000, 1.743157e-05,0.493000, 8.063496e-07,0.493000, 3.141190e-06,0.493000, 1.249639e-06,
0.494000, 1.743157e-05,0.494000, 8.063496e-07,0.494000, 3.141190e-06,0.494000, 1.249639e-06,
0.495000, 1.743157e-05,0.495000, 8.063496e-07,0.495000, 3.141190e-06,0.495000, 1.249639e-06,
0.496000, 1.743157e-05,0.496000, 8.063496e-07,0.496000, 3.141190e-06,0.496000, 1.249639e-06,
0.497000, 1.743157e-05,0.497000, 8.063496e-07,0.497000, 3.141190e-06,0.497000, 1.249639e-06,
0.498000, 1.743157e-05,0.498000, 8.063496e-07,0.498000, 3.141190e-06,0.498000, 1.249639e-06,
0.499000, 1.743157e-05,0.499000, 8.063496e-07,0.499000, 3.141190e-06,0.499000, 1.249639e-06,
0.500000, 1.743157e-05,0.500000, 8.063496e-07,0.500000, 3.141190e-06,0.500000, 1.249639e-06,
0.501000, 1.743157e-05,0.501000, 8.063496e-07,0.501000, 3.141190e-06,0.501000, 1.249639e-06,
0.502000, 1.743157e-05,0.502000, 8.063496e-07,0.502000, 3.141190e-06,0.502000, 1.249639e-06,
0.503000, 1.743157e-05,0.503000, 8.063496e-07,0.503000, 3.141190e-06,0.503000, 1.249639e-06,
0.504000, 1.743157e-05,0.504000, 8.063496e-07,0.504000, 3.141190e-06,0.504000, 1.249639e-06,
0.505000, 1.743157e-05,0.505000, 8.063496e-07,0.505000, 3.141190e-06,0.505000, 1.249639e-06,
0.506000, 1.743157e-05,0.506000, 8.063496e-07,0.506000, 3.141190e-06,0.506000, 1.249639e-06,
0.507000, 1.743157e-05,0.507000, 8.063496e-07,0.507000, 3.141190e-06,0.507000, 1.249639e-06,
0.508000, 1.743157e-05,0.508000, 8.063496e-07,0.508000, 3.141190e-06,0.508000, 1.249639e-06,
0.509000, 1.743157e-05,0.509000, 8.063496e-07,0.509000, 3.141190e-06,0.509000, 1.249639e-06,
0.510000, 1.743157e-05,0.510000, 8.063496e-07,0.510000, 3.141190e-06,0.510000, 1.249639e-06,
0.511000, 1.743157e-05,0.511000, 8.063496e-07,0.511000, 3.141190e-06,0.511000, 1.249639e-06,
0.512000, 1.743157e-05,0.512000, 8.063496e-07,0.512000, 3.141190e-06,0.512000, 1.249639e-06,
0.513000, 1.743157e-05,0.513000, 8.063496e-07,0.513000, 3.141190e-06,0.513000, 1.249639e-06,
0.514000, 1.743157e-05,0.514000, 8.063496e-07,0.514000, 3.141190e-06,0.514000, 1.249639e-06,
0.515000, 1.743157e-05,0.515000, 8.063496e-07,0.515000, 3.141190e-06,0.515000, 1.249639e-06,
0.516000, 1.743157e-05,0.516000, 8.063496e-07,0.516000, 3.141190e-06,0.516000, 1.249639e-06,
0.517000, 1.743157e-05,0.517000, 8.063496e-07,0.517000, 3.141190e-06,0.517000, 1.249639e-06,
0.518000, 1.743157e-05,0.518000, 8.063496e-07,0.518000, 3.141190e-06,0.518000, 1.249639e-06,
0.519000, 1.743157e-05,0.519000, 8.063496e-07,0.519000, 3.141190e-06,0.519000, 1.249639e-06,
0.520000, 1.743157e-05,0.520000, 8.063496e-07,0.520000, 3.141190e-06,0.520000, 1.249639e-06,
0.521000, 1.743157e-05,0.521000, 8.063496e-07,0.521000, 3.141190e-06,0.521000, 1.249639e-06,
0.522000, 1.743157e-05,0.522000, 8.063496e-07,0.522000, 3.141190e-06,0.522000, 1.249639e-06,
0.523000, 1.743157e-05,0.523000, 8.063496e-07,0.523000, 3.141190e-06,0.523000, 1.249639e-06,
0.524000, 1.743157e-05,0.524000, 8.063496e-07,0.524000, 3.141190e-06,0.524000, 1.249639e-06,
0.525000, 1.743157e-05,0.525000, 8.063496e-07,0.525000, 3.141190e-06,0.525000, 1.249639e-06,
0.526000, 1.743157e-05,0.526000, 8.063496e-07,0.526000, 3.141190e-06,0.526000, 1.249639e-06,
0.527000, 1.743157e-05,0.527000, 8.063496e-07,0.527000, 3.141190e-06,0.527000, 1.249639e-06,
0.528000, 1.743157e-05,0.528000, 8.063496e-07,0.528000, 3.141190e-06,0.528000, 1.249639e-06,
0.529000, 1.743157e-05,0.529000, 8.063496e-07,0.529000, 3.141190e-06,0.529000, 1.249639e-06,
0.530000, 1.743157e-05,0.530000, 8.063496e-07,0.530000, 3.141190e-06,0.530000, 1.249639e-06,
0.531000, 1.743157e-05,0.531000, 8.063496e-07,0.531000, 3.141190e-06,0.531000, 1.249639e-06,
0.532000, 1.743157e-05,0.532000, 8.063496e-07,0.532000, 3.141190e-06,0.532000, 1.249639e-06,
0.533000, 1.743157e-05,0.533000, 8.063496e-07,0.533000, 3.141190e-06,0.533000, 1.249639e-06,
0.534000, 1.743157e-05,0.534000, 8.063496e-07,0.534000, 3.141190e-06,0.534000, 1.249639e-06,
0.535000, 1.743157e-05,0.535000, 8.063496e-07,0.535000, 3.141190e-06,0.535000, 1.249639e-06,
0.536000, 1.743157e-05,0.536000, 8.063496e-07,0.536000, 3.141190e-06,0.536000, 1.249639e-06,
0.537000, 1.743157e-05,0.537000, 8.063496e-07,0.537000, 3.141190e-06,0.537000, 1.249639e-06,
0.538000, 1.743157e-05,0.538000, 8.063496e-07,0.538000, 3.141190e-06,0.538000, 1.249639e-06,
0.539000, 1.743157e-05,0.539000, 8.063496e-07,0.539000, 3.141190e-06,0.539000, 1.249639e-06,
0.540000, 1.743157e-05,0.540000, 8.063496e-07,0.540000, 3.141190e-06,0.540000, 1.249639e-06,
0.541000, 1.743157e-05,0.541000, 8.063496e-07,0.541000, 3.141190e-06,0.541000, 1.249639e-06,
0.542000, 1.743157e-05,0.542000, 8.063496e-07,0.542000, 3.141190e-06,0.542000, 1.249639e-06,
0.543000, 1.743157e-05,0.543000, 8.063496e-07,0.543000, 3.141190e-06,0.543000, 1.249639e-06,
0.544000, 1.743157e-05,0.544000, 8.063496e-07,0.544000, 3.141190e-06,0.544000, 1.249639e-06,
0.545000, 1.743157e-05,0.545000, 8.063496e-07,0.545000, 3.141190e-06,0.545000, 1.249639e-06,
0.546000, 1.743157e-05,0.546000, 8.063496e-07,0.546000, 3.141190e-06,0.546000, 1.249639e-06,
0.547000, 1.743157e-05,0.547000, 8.063496e-07,0.547000, 3.141190e-06,0.547000, 1.249639e-06,
0.548000, 1.743157e-05,0.548000, 8.063496e-07,0.548000, 3.141190e-06,0.548000, 1.249639e-06,
0.549000, 1.743157e-05,0.549000, 8.063496e-07,0.549000, 3.141190e-06,0.549000, 1.249639e-06,
0.550000, 1.743157e-05,0.550000, 8.063496e-07,0.550000, 3.141190e-06,0.550000, 1.249639e-06,
0.551000, 1.743157e-05,0.551000, 8.063496e-07,0.551000, 3.141190e-06,0.551000, 1.249639e-06,
0.552000, 1.743157e-05,0.552000, 8.063496e-07,0.552000, 3.141190e-06,0.552000, 1.249639e-06,
0.553000, 1.743157e-05,0.553000, 8.063496e-07,0.553000, 3.141190e-06,0.553000, 1.249639e-06,
0.554000, 1.743157e-05,0.554000, 8.063496e-07,0.554000, 3.141190e-06,0.554000, 1.249639e-06,
0.555000, 1.743157e-05,0.555000, 8.063496e-07,0.555000, 3.141190e-06,0.555000, 1.249639e-06,
0.556000, 1.743157e-05,0.556000, 8.063496e-07,0.556000, 3.141190e-06,0.556000, 1.249639e-06,
0.557000, 1.743157e-05,0.557000, 8.063496e-07,0.557000, 3.141190e-06,0.557000, 1.249639e-06,
0.558000, 1.743157e-05,0.558000, 8.063496e-07,0.558000, 3.141190e-06,0.558000, 1.249639e-06,
0.559000, 1.743157e-05,0.559000, 8.063496e-07,0.559000, 3.141190e-06,0.559000, 1.249639e-06,
0.560000, 1.743157e-05,0.560000, 8.063496e-07,0.560000, 3.141190e-06,0.560000, 1.249639e-06,
0.561000, 1.743157e-05,0.561000, 8.063496e-07,0.561000, 3.141190e-06,0.561000, 1.249639e-06,
0.562000, 1.743157e-05,0.562000, 8.063496e-07,0.562000, 3.141190e-06,0.562000, 1.249639e-06,
0.563000, 1.743157e-05,0.563000, 8.063496e-07,0.563000, 3.141190e-06,0.563000, 1.249639e-06,
0.564000, 1.743157e-05,0.564000, 8.063496e-07,0.564000, 3.141190e-06,0.564000, 1.249639e-06,
0.565000, 1.743157e-05,0.565000, 8.063496e-07,0.565000, 3.141190e-06,0.565000, 1.249639e-06,
0.566000, 1.743157e-05,0.566000, 8.063496e-07,0.566000, 3.141190e-06,0.566000, 1.249639e-06,
0.567000, 1.743157e-05,0.567000, 8.063496e-07,0.567000, 3.141190e-06,0.567000, 1.249639e-06,
0.568000, 1.743157e-05,0.568000, 8.063496e-07,0.568000, 3.141190e-06,0.568000, 1.249639e-06,
0.569000, 1.743157e-05,0.569000, 8.063496e-07,0.569000, 3.141190e-06,0.569000, 1.249639e-06,
0.570000, 1.743157e-05,0.570000, 8.063496e-07,0.570000, 3.141190e-06,0.570000, 1.249639e-06,
0.571000, 1.743157e-05,0.571000, 8.063496e-07,0.571000, 3.141190e-06,0.571000, 1.249639e-06,
0.572000, 1.743157e-05,0.572000, 8.063496e-07,0.572000, 3.141190e-06,0.572000, 1.249639e-06,
0.573000, 1.743157e-05,0.573000, 8.063496e-07,0.573000, 3.141190e-06,0.573000, 1.249639e-06,
0.574000, 1.743157e-05,0.574000, 8.063496e-07,0.574000, 3.141190e-06,0.574000, 1.249639e-06,
0.575000, 1.743157e-05,0.575000, 8.063496e-07,0.575000, 3.141190e-06,0.575000, 1.249639e-06,
0.576000, 1.743157e-05,0.576000, 8.063496e-07,0.576000, 3.141190e-06,0.576000, 1.249639e-06,
0.577000, 1.743157e-05,0.577000, 8.063496e-07,0.577000, 3.141190e-06,0.577000, 1.249639e-06,
0.578000, 1.743157e-05,0.578000, 8.063496e-07,0.578000, 3.141190e-06,0.578000, 1.249639e-06,
0.579000, 1.743157e-05,0.579000, 8.063496e-07,0.579000, 3.141190e-06,0.579000, 1.249639e-06,
0.580000, 1.743157e-05,0.580000, 8.063496e-07,0.580000, 3.141190e-06,0.580000, 1.249639e-06,
0.581000, 1.743157e-05,0.581000, 8.063496e-07,0.581000, 3.141190e-06,0.581000, 1.249639e-06,
0.582000, 1.743157e-05,0.582000, 8.063496e-07,0.582000, 3.141190e-06,0.582000, 1.249639e-06,
0.583000, 1.743157e-05,0.583000, 8.063496e-07,0.583000, 3.141190e-06,0.583000, 1.249639e-06,
0.584000, 1.743157e-05,0.584000, 8.063496e-07,0.584000, 3.141190e-06,0.584000, 1.249639e-06,
0.585000, 1.743157e-05,0.585000, 8.063496e-07,0.585000, 3.141190e-06,0.585000, 1.249639e-06,
0.586000, 1.743157e-05,0.586000, 8.063496e-07,0.586000, 3.141190e-06,0.586000, 1.249639e-06,
0.587000, 1.743157e-05,0.587000, 8.063496e-07,0.587000, 3.141190e-06,0.587000, 1.249639e-06,
0.588000, 1.743157e-05,0.588000, 8.063496e-07,0.588000, 3.141190e-06,0.588000, 1.249639e-06,
0.589000, 1.743157e-05,0.589000, 8.063496e-07,0.589000, 3.141190e-06,0.589000, 1.249639e-06,
0.590000, 1.743157e-05,0.590000, 8.063496e-07,0.590000, 3.141190e-06,0.590000, 1.249639e-06,
0.591000, 1.743157e-05,0.591000, 8.063496e-07,0.591000, 3.141190e-06,0.591000, 1.249639e-06,
0.592000, 1.743157e-05,0.592000, 8.063496e-07,0.592000, 3.141190e-06,0.592000, 1.249639e-06,
0.593000, 1.743157e-05,0.593000, 8.063496e-07,0.593000, 3.141190e-06,0.593000, 1.249639e-06,
0.594000, 1.743157e-05,0.594000, 8.063496e-07,0.594000, 3.141190e-06,0.594000, 1.249639e-06,
0.595000, 1.743157e-05,0.595000, 8.063496e-07,0.595000, 3.141190e-06,0.595000, 1.249639e-06,
0.596000, 1.743157e-05,0.596000, 8.063496e-07,0.596000, 3.141190e-06,0.596000, 1.249639e-06,
0.597000, 1.743157e-05,0.597000, 8.063496e-07,0.597000, 3.141190e-06,0.597000, 1.249639e-06,
0.598000, 1.743157e-05,0.598000, 8.063496e-07,0.598000, 3.141190e-06,0.598000, 1.249639e-06,
0.599000, 1.743157e-05,0.599000, 8.063496e-07,0.599000, 3.141190e-06,0.599000, 1.249639e-06,
0.600000, 1.743157e-05,0.600000, 8.063496e-07,0.600000, 3.141190e-06,0.600000, 1.249639e-06,
0.601000, 1.743157e-05,0.601000, 8.063496e-07,0.601000, 3.141190e-06,0.601000, 1.249639e-06,
0.602000, 1.743157e-05,0.602000, 8.063496e-07,0.602000, 3.141190e-06,0.602000, 1.249639e-06,
0.603000, 1.743157e-05,0.603000, 8.063496e-07,0.603000, 3.141190e-06,0.603000, 1.249639e-06,
0.604000, 1.743157e-05,0.604000, 8.063496e-07,0.604000, 3.141190e-06,0.604000, 1.249639e-06,
0.605000, 1.743157e-05,0.605000, 8.063496e-07,0.605000, 3.141190e-06,0.605000, 1.249639e-06,
0.606000, 1.743157e-05,0.606000, 8.063496e-07,0.606000, 3.141190e-06,0.606000, 1.249639e-06,
0.607000, 1.743157e-05,0.607000, 8.063496e-07,0.607000, 3.141190e-06,0.607000, 1.249639e-06,
0.608000, 1.743157e-05,0.608000, 8.063496e-07,0.608000, 3.141190e-06,0.608000, 1.249639e-06,
0.609000, 1.743157e-05,0.609000, 8.063496e-07,0.609000, 3.141190e-06,0.609000, 1.249639e-06,
0.610000, 1.743157e-05,0.610000, 8.063496e-07,0.610000, 3.141190e-06,0.610000, 1.249639e-06,
0.611000, 1.743157e-05,0.611000, 8.063496e-07,0.611000, 3.141190e-06,0.611000, 1.249639e-06,
0.612000, 1.743157e-05,0.612000, 8.063496e-07,0.612000, 3.141190e-06,0.612000, 1.249639e-06,
0.613000, 1.743157e-05,0.613000, 8.063496e-07,0.613000, 3.141190e-06,0.613000, 1.249639e-06,
0.614000, 1.743157e-05,0.614000, 8.063496e-07,0.614000, 3.141190e-06,0.614000, 1.249639e-06,
0.615000, 1.743157e-05,0.615000, 8.063496e-07,0.615000, 3.141190e-06,0.615000, 1.249639e-06,
0.616000, 1.743157e-05,0.616000, 8.063496e-07,0.616000, 3.141190e-06,0.616000, 1.249639e-06,
0.617000, 1.743157e-05,0.617000, 8.063496e-07,0.617000, 3.141190e-06,0.617000, 1.249639e-06,
0.618000, 1.743157e-05,0.618000, 8.063496e-07,0.618000, 3.141190e-06,0.618000, 1.249639e-06,
0.619000, 1.743157e-05,0.619000, 8.063496e-07,0.619000, 3.141190e-06,0.619000, 1.249639e-06,
0.620000, 1.743157e-05,0.620000, 8.063496e-07,0.620000, 3.141190e-06,0.620000, 1.249639e-06,
0.621000, 1.743157e-05,0.621000, 8.063496e-07,0.621000, 3.141190e-06,0.621000, 1.249639e-06,
0.622000, 1.743157e-05,0.622000, 8.063496e-07,0.622000, 3.141190e-06,0.622000, 1.249639e-06,
0.623000, 1.743157e-05,0.623000, 8.063496e-07,0.623000, 3.141190e-06,0.623000, 1.249639e-06,
0.624000, 1.743157e-05,0.624000, 8.063496e-07,0.624000, 3.141190e-06,0.624000, 1.249639e-06,
0.625000, 1.743157e-05,0.625000, 8.063496e-07,0.625000, 3.141190e-06,0.625000, 1.249639e-06,
0.626000, 1.743157e-05,0.626000, 8.063496e-07,0.626000, 3.141190e-06,0.626000, 1.249639e-06,
0.627000, 1.743157e-05,0.627000, 8.063496e-07,0.627000, 3.141190e-06,0.627000, 1.249639e-06,
0.628000, 1.743157e-05,0.628000, 8.063496e-07,0.628000, 3.141190e-06,0.628000, 1.249639e-06,
0.629000, 1.743157e-05,0.629000, 8.063496e-07,0.629000, 3.141190e-06,0.629000, 1.249639e-06,
0.630000, 1.743157e-05,0.630000, 8.063496e-07,0.630000, 3.141190e-06,0.630000, 1.249639e-06,
0.631000, 1.743157e-05,0.631000, 8.063496e-07,0.631000, 3.141190e-06,0.631000, 1.249639e-06,
0.632000, 1.743157e-05,0.632000, 8.063496e-07,0.632000, 3.141190e-06,0.632000, 1.249639e-06,
0.633000, 1.743157e-05,0.633000, 8.063496e-07,0.633000, 3.141190e-06,0.633000, 1.249639e-06,
0.634000, 1.743157e-05,0.634000, 8.063496e-07,0.634000, 3.141190e-06,0.634000, 1.249639e-06,
0.635000, 1.743157e-05,0.635000, 8.063496e-07,0.635000, 3.141190e-06,0.635000, 1.249639e-06,
0.636000, 1.743157e-05,0.636000, 8.063496e-07,0.636000, 3.141190e-06,0.636000, 1.249639e-06,
0.637000, 1.743157e-05,0.637000, 8.063496e-07,0.637000, 3.141190e-06,0.637000, 1.249639e-06,
0.638000, 1.743157e-05,0.638000, 8.063496e-07,0.638000, 3.141190e-06,0.638000, 1.249639e-06,
0.639000, 1.743157e-05,0.639000, 8.063496e-07,0.639000, 3.141190e-06,0.639000, 1.249639e-06,
0.640000, 1.743157e-05,0.640000, 8.063496e-07,0.640000, 3.141190e-06,0.640000, 1.249639e-06,
0.641000, 1.743157e-05,0.641000, 8.063496e-07,0.641000, 3.141190e-06,0.641000, 1.249639e-06,
0.642000, 1.743157e-05,0.642000, 8.063496e-07,0.642000, 3.141190e-06,0.642000, 1.249639e-06,
0.643000, 1.743157e-05,0.643000, 8.063496e-07,0.643000, 3.141190e-06,0.643000, 1.249639e-06,
0.644000, 1.743157e-05,0.644000, 8.063496e-07,0.644000, 3.141190e-06,0.644000, 1.249639e-06,
0.645000, 1.743157e-05,0.645000, 8.063496e-07,0.645000, 3.141190e-06,0.645000, 1.249639e-06,
0.646000, 1.743157e-05,0.646000, 8.063496e-07,0.646000, 3.141190e-06,0.646000, 1.249639e-06,
0.647000, 1.743157e-05,0.647000, 8.063496e-07,0.647000, 3.141190e-06,0.647000, 1.249639e-06,
0.648000, 1.743157e-05,0.648000, 8.063496e-07,0.648000, 3.141190e-06,0.648000, 1.249639e-06,
0.649000, 1.743157e-05,0.649000, 8.063496e-07,0.649000, 3.141190e-06,0.649000, 1.249639e-06,
0.650000, 1.743157e-05,0.650000, 8.063496e-07,0.650000, 3.141190e-06,0.650000, 1.249639e-06,
0.651000, 1.743157e-05,0.651000, 8.063496e-07,0.651000, 3.141190e-06,0.651000, 1.249639e-06,
0.652000, 1.743157e-05,0.652000, 8.063496e-07,0.652000, 3.141190e-06,0.652000, 1.249639e-06,
0.653000, 1.743157e-05,0.653000, 8.063496e-07,0.653000, 3.141190e-06,0.653000, 1.249639e-06,
0.654000, 1.743157e-05,0.654000, 8.063496e-07,0.654000, 3.141190e-06,0.654000, 1.249639e-06,
0.655000, 1.743157e-05,0.655000, 8.063496e-07,0.655000, 3.141190e-06,0.655000, 1.249639e-06,
0.656000, 1.743157e-05,0.656000, 8.063496e-07,0.656000, 3.141190e-06,0.656000, 1.249639e-06,
0.657000, 1.743157e-05,0.657000, 8.063496e-07,0.657000, 3.141190e-06,0.657000, 1.249639e-06,
0.658000, 1.743157e-05,0.658000, 8.063496e-07,0.658000, 3.141190e-06,0.658000, 1.249639e-06,
0.659000, 1.743157e-05,0.659000, 8.063496e-07,0.659000, 3.141190e-06,0.659000, 1.249639e-06,
0.660000, 1.743157e-05,0.660000, 8.063496e-07,0.660000, 3.141190e-06,0.660000, 1.249639e-06,
0.661000, 1.743157e-05,0.661000, 8.063496e-07,0.661000, 3.141190e-06,0.661000, 1.249639e-06,
0.662000, 1.743157e-05,0.662000, 8.063496e-07,0.662000, 3.141190e-06,0.662000, 1.249639e-06,
0.663000, 1.743157e-05,0.663000, 8.063496e-07,0.663000, 3.141190e-06,0.663000, 1.249639e-06,
0.664000, 1.743157e-05,0.664000, 8.063496e-07,0.664000, 3.141190e-06,0.664000, 1.249639e-06,
0.665000, 1.743157e-05,0.665000, 8.063496e-07,0.665000, 3.141190e-06,0.665000, 1.249639e-06,
0.666000, 1.743157e-05,0.666000, 8.063496e-07,0.666000, 3.141190e-06,0.666000, 1.249639e-06,
0.667000, 1.743157e-05,0.667000, 8.063496e-07,0.667000, 3.141190e-06,0.667000, 1.249639e-06,
0.668000, 1.743157e-05,0.668000, 8.063496e-07,0.668000, 3.141190e-06,0.668000, 1.249639e-06,
0.669000, 1.743157e-05,0.669000, 8.063496e-07,0.669000, 3.141190e-06,0.669000, 1.249639e-06,
0.670000, 1.743157e-05,0.670000, 8.063496e-07,0.670000, 3.141190e-06,0.670000, 1.249639e-06,
0.671000, 1.743157e-05,0.671000, 8.063496e-07,0.671000, 3.141190e-06,0.671000, 1.249639e-06,
0.672000, 1.743157e-05,0.672000, 8.063496e-07,0.672000, 3.141190e-06,0.672000, 1.249639e-06,
0.673000, 1.743157e-05,0.673000, 8.063496e-07,0.673000, 3.141190e-06,0.673000, 1.249639e-06,
0.674000, 1.743157e-05,0.674000, 8.063496e-07,0.674000, 3.141190e-06,0.674000, 1.249639e-06,
0.675000, 1.743157e-05,0.675000, 8.063496e-07,0.675000, 3.141190e-06,0.675000, 1.249639e-06,
0.676000, 1.743157e-05,0.676000, 8.063496e-07,0.676000, 3.141190e-06,0.676000, 1.249639e-06,
0.677000, 1.743157e-05,0.677000, 8.063496e-07,0.677000, 3.141190e-06,0.677000, 1.249639e-06,
0.678000, 1.743157e-05,0.678000, 8.063496e-07,0.678000, 3.141190e-06,0.678000, 1.249639e-06,
0.679000, 1.743157e-05,0.679000, 8.063496e-07,0.679000, 3.141190e-06,0.679000, 1.249639e-06,
0.680000, 1.743157e-05,0.680000, 8.063496e-07,0.680000, 3.141190e-06,0.680000, 1.249639e-06,
0.681000, 1.743157e-05,0.681000, 8.063496e-07,0.681000, 3.141190e-06,0.681000, 1.249639e-06,
0.682000, 1.743157e-05,0.682000, 8.063496e-07,0.682000, 3.141190e-06,0.682000, 1.249639e-06,
0.683000, 1.743157e-05,0.683000, 8.063496e-07,0.683000, 3.141190e-06,0.683000, 1.249639e-06,
0.684000, 1.743157e-05,0.684000, 8.063496e-07,0.684000, 3.141190e-06,0.684000, 1.249639e-06,
0.685000, 1.743157e-05,0.685000, 8.063496e-07,0.685000, 3.141190e-06,0.685000, 1.249639e-06,
0.686000, 1.743157e-05,0.686000, 8.063496e-07,0.686000, 3.141190e-06,0.686000, 1.249639e-06,
0.687000, 1.743157e-05,0.687000, 8.063496e-07,0.687000, 3.141190e-06,0.687000, 1.249639e-06,
0.688000, 1.743157e-05,0.688000, 8.063496e-07,0.688000, 3.141190e-06,0.688000, 1.249639e-06,
0.689000, 1.743157e-05,0.689000, 8.063496e-07,0.689000, 3.141190e-06,0.689000, 1.249639e-06,
0.690000, 1.743157e-05,0.690000, 8.063496e-07,0.690000, 3.141190e-06,0.690000, 1.249639e-06,
0.691000, 1.743157e-05,0.691000, 8.063496e-07,0.691000, 3.141190e-06,0.691000, 1.249639e-06,
0.692000, 1.743157e-05,0.692000, 8.063496e-07,0.692000, 3.141190e-06,0.692000, 1.249639e-06,
0.693000, 1.743157e-05,0.693000, 8.063496e-07,0.693000, 3.141190e-06,0.693000, 1.249639e-06,
0.694000, 1.743157e-05,0.694000, 8.063496e-07,0.694000, 3.141190e-06,0.694000, 1.249639e-06,
0.695000, 1.743157e-05,0.695000, 8.063496e-07,0.695000, 3.141190e-06,0.695000, 1.249639e-06,
0.696000, 1.743157e-05,0.696000, 8.063496e-07,0.696000, 3.141190e-06,0.696000, 1.249639e-06,
0.697000, 1.743157e-05,0.697000, 8.063496e-07,0.697000, 3.141190e-06,0.697000, 1.249639e-06,
0.698000, 1.743157e-05,0.698000, 8.063496e-07,0.698000, 3.141190e-06,0.698000, 1.249639e-06,
0.699000, 1.743157e-05,0.699000, 8.063496e-07,0.699000, 3.141190e-06,0.699000, 1.249639e-06,
0.700000, 1.743157e-05,0.700000, 8.063496e-07,0.700000, 3.141190e-06,0.700000, 1.249639e-06,
0.701000, 1.743157e-05,0.701000, 8.063496e-07,0.701000, 3.141190e-06,0.701000, 1.249639e-06,
0.702000, 1.743157e-05,0.702000, 8.063496e-07,0.702000, 3.141190e-06,0.702000, 1.249639e-06,
0.703000, 1.743157e-05,0.703000, 8.063496e-07,0.703000, 3.141190e-06,0.703000, 1.249639e-06,
0.704000, 1.743157e-05,0.704000, 8.063496e-07,0.704000, 3.141190e-06,0.704000, 1.249639e-06,
0.705000, 1.743157e-05,0.705000, 8.063496e-07,0.705000, 3.141190e-06,0.705000, 1.249639e-06,
0.706000, 1.743157e-05,0.706000, 8.063496e-07,0.706000, 3.141190e-06,0.706000, 1.249639e-06,
0.707000, 1.743157e-05,0.707000, 8.063496e-07,0.707000, 3.141190e-06,0.707000, 1.249639e-06,
0.708000, 1.743157e-05,0.708000, 8.063496e-07,0.708000, 3.141190e-06,0.708000, 1.249639e-06,
0.709000, 1.743157e-05,0.709000, 8.063496e-07,0.709000, 3.141190e-06,0.709000, 1.249639e-06,
0.710000, 1.743157e-05,0.710000, 8.063496e-07,0.710000, 3.141190e-06,0.710000, 1.249639e-06,
0.711000, 1.743157e-05,0.711000, 8.063496e-07,0.711000, 3.141190e-06,0.711000, 1.249639e-06,
0.712000, 1.743157e-05,0.712000, 8.063496e-07,0.712000, 3.141190e-06,0.712000, 1.249639e-06,
0.713000, 1.743157e-05,0.713000, 8.063496e-07,0.713000, 3.141190e-06,0.713000, 1.249639e-06,
0.714000, 1.743157e-05,0.714000, 8.063496e-07,0.714000, 3.141190e-06,0.714000, 1.249639e-06,
0.715000, 1.743157e-05,0.715000, 8.063496e-07,0.715000, 3.141190e-06,0.715000, 1.249639e-06,
0.716000, 1.743157e-05,0.716000, 8.063496e-07,0.716000, 3.141190e-06,0.716000, 1.249639e-06,
0.717000, 1.743157e-05,0.717000, 8.063496e-07,0.717000, 3.141190e-06,0.717000, 1.249639e-06,
0.718000, 1.743157e-05,0.718000, 8.063496e-07,0.718000, 3.141190e-06,0.718000, 1.249639e-06,
0.719000, 1.743157e-05,0.719000, 8.063496e-07,0.719000, 3.141190e-06,0.719000, 1.249639e-06,
0.720000, 1.743157e-05,0.720000, 8.063496e-07,0.720000, 3.141190e-06,0.720000, 1.249639e-06,
0.721000, 1.743157e-05,0.721000, 8.063496e-07,0.721000, 3.141190e-06,0.721000, 1.249639e-06,
0.722000, 1.743157e-05,0.722000, 8.063496e-07,0.722000, 3.141190e-06,0.722000, 1.249639e-06,
0.723000, 1.743157e-05,0.723000, 8.063496e-07,0.723000, 3.141190e-06,0.723000, 1.249639e-06,
0.724000, 1.743157e-05,0.724000, 8.063496e-07,0.724000, 3.141190e-06,0.724000, 1.249639e-06,
0.725000, 1.743157e-05,0.725000, 8.063496e-07,0.725000, 3.141190e-06,0.725000, 1.249639e-06,
0.726000, 1.743157e-05,0.726000, 8.063496e-07,0.726000, 3.141190e-06,0.726000, 1.249639e-06,
0.727000, 1.743157e-05,0.727000, 8.063496e-07,0.727000, 3.141190e-06,0.727000, 1.249639e-06,
0.728000, 1.743157e-05,0.728000, 8.063496e-07,0.728000, 3.141190e-06,0.728000, 1.249639e-06,
0.729000, 1.743157e-05,0.729000, 8.063496e-07,0.729000, 3.141190e-06,0.729000, 1.249639e-06,
0.730000, 1.743157e-05,0.730000, 8.063496e-07,0.730000, 3.141190e-06,0.730000, 1.249639e-06,
0.731000, 1.743157e-05,0.731000, 8.063496e-07,0.731000, 3.141190e-06,0.731000, 1.249639e-06,
0.732000, 1.743157e-05,0.732000, 8.063496e-07,0.732000, 3.141190e-06,0.732000, 1.249639e-06,
0.733000, 1.743157e-05,0.733000, 8.063496e-07,0.733000, 3.141190e-06,0.733000, 1.249639e-06,
0.734000, 1.743157e-05,0.734000, 8.063496e-07,0.734000, 3.141190e-06,0.734000, 1.249639e-06,
0.735000, 1.743157e-05,0.735000, 8.063496e-07,0.735000, 3.141190e-06,0.735000, 1.249639e-06,
0.736000, 1.743157e-05,0.736000, 8.063496e-07,0.736000, 3.141190e-06,0.736000, 1.249639e-06,
0.737000, 1.743157e-05,0.737000, 8.063496e-07,0.737000, 3.141190e-06,0.737000, 1.249639e-06,
0.738000, 1.743157e-05,0.738000, 8.063496e-07,0.738000, 3.141190e-06,0.738000, 1.249639e-06,
0.739000, 1.743157e-05,0.739000, 8.063496e-07,0.739000, 3.141190e-06,0.739000, 1.249639e-06,
0.740000, 1.743157e-05,0.740000, 8.063496e-07,0.740000, 3.141190e-06,0.740000, 1.249639e-06,
0.741000, 1.743157e-05,0.741000, 8.063496e-07,0.741000, 3.141190e-06,0.741000, 1.249639e-06,
0.742000, 1.743157e-05,0.742000, 8.063496e-07,0.742000, 3.141190e-06,0.742000, 1.249639e-06,
0.743000, 1.743157e-05,0.743000, 8.063496e-07,0.743000, 3.141190e-06,0.743000, 1.249639e-06,
0.744000, 1.743157e-05,0.744000, 8.063496e-07,0.744000, 3.141190e-06,0.744000, 1.249639e-06,
0.745000, 1.743157e-05,0.745000, 8.063496e-07,0.745000, 3.141190e-06,0.745000, 1.249639e-06,
0.746000, 1.743157e-05,0.746000, 8.063496e-07,0.746000, 3.141190e-06,0.746000, 1.249639e-06,
0.747000, 1.743157e-05,0.747000, 8.063496e-07,0.747000, 3.141190e-06,0.747000, 1.249639e-06,
0.748000, 1.743157e-05,0.748000, 8.063496e-07,0.748000, 3.141190e-06,0.748000, 1.249639e-06,
0.749000, 1.743157e-05,0.749000, 8.063496e-07,0.749000, 3.141190e-06,0.749000, 1.249639e-06,
0.750000, 1.743157e-05,0.750000, 8.063496e-07,0.750000, 3.141190e-06,0.750000, 1.249639e-06,
0.751000, 1.743157e-05,0.751000, 8.063496e-07,0.751000, 3.141190e-06,0.751000, 1.249639e-06,
0.752000, 1.743157e-05,0.752000, 8.063496e-07,0.752000, 3.141190e-06,0.752000, 1.249639e-06,
0.753000, 1.743157e-05,0.753000, 8.063496e-07,0.753000, 3.141190e-06,0.753000, 1.249639e-06,
0.754000, 1.743157e-05,0.754000, 8.063496e-07,0.754000, 3.141190e-06,0.754000, 1.249639e-06,
0.755000, 1.743157e-05,0.755000, 8.063496e-07,0.755000, 3.141190e-06,0.755000, 1.249639e-06,
0.756000, 1.743157e-05,0.756000, 8.063496e-07,0.756000, 3.141190e-06,0.756000, 1.249639e-06,
0.757000, 1.743157e-05,0.757000, 8.063496e-07,0.757000, 3.141190e-06,0.757000, 1.249639e-06,
0.758000, 1.743157e-05,0.758000, 8.063496e-07,0.758000, 3.141190e-06,0.758000, 1.249639e-06,
0.759000, 1.743157e-05,0.759000, 8.063496e-07,0.759000, 3.141190e-06,0.759000, 1.249639e-06,
0.760000, 1.743157e-05,0.760000, 8.063496e-07,0.760000, 3.141190e-06,0.760000, 1.249639e-06,
0.761000, 1.743157e-05,0.761000, 8.063496e-07,0.761000, 3.141190e-06,0.761000, 1.249639e-06,
0.762000, 1.743157e-05,0.762000, 8.063496e-07,0.762000, 3.141190e-06,0.762000, 1.249639e-06,
0.763000, 1.743157e-05,0.763000, 8.063496e-07,0.763000, 3.141190e-06,0.763000, 1.249639e-06,
0.764000, 1.743157e-05,0.764000, 8.063496e-07,0.764000, 3.141190e-06,0.764000, 1.249639e-06,
0.765000, 1.743157e-05,0.765000, 8.063496e-07,0.765000, 3.141190e-06,0.765000, 1.249639e-06,
0.766000, 1.743157e-05,0.766000, 8.063496e-07,0.766000, 3.141190e-06,0.766000, 1.249639e-06,
0.767000, 1.743157e-05,0.767000, 8.063496e-07,0.767000, 3.141190e-06,0.767000, 1.249639e-06,
0.768000, 1.743157e-05,0.768000, 8.063496e-07,0.768000, 3.141190e-06,0.768000, 1.249639e-06,
0.769000, 1.743157e-05,0.769000, 8.063496e-07,0.769000, 3.141190e-06,0.769000, 1.249639e-06,
0.770000, 1.743157e-05,0.770000, 8.063496e-07,0.770000, 3.141190e-06,0.770000, 1.249639e-06,
0.771000, 1.743157e-05,0.771000, 8.063496e-07,0.771000, 3.141190e-06,0.771000, 1.249639e-06,
0.772000, 1.743157e-05,0.772000, 8.063496e-07,0.772000, 3.141190e-06,0.772000, 1.249639e-06,
0.773000, 1.743157e-05,0.773000, 8.063496e-07,0.773000, 3.141190e-06,0.773000, 1.249639e-06,
0.774000, 1.743157e-05,0.774000, 8.063496e-07,0.774000, 3.141190e-06,0.774000, 1.249639e-06,
0.775000, 1.743157e-05,0.775000, 8.063496e-07,0.775000, 3.141190e-06,0.775000, 1.249639e-06,
0.776000, 1.743157e-05,0.776000, 8.063496e-07,0.776000, 3.141190e-06,0.776000, 1.249639e-06,
0.777000, 1.743157e-05,0.777000, 8.063496e-07,0.777000, 3.141190e-06,0.777000, 1.249639e-06,
0.778000, 1.743157e-05,0.778000, 8.063496e-07,0.778000, 3.141190e-06,0.778000, 1.249639e-06,
0.779000, 1.743157e-05,0.779000, 8.063496e-07,0.779000, 3.141190e-06,0.779000, 1.249639e-06,
0.780000, 1.743157e-05,0.780000, 8.063496e-07,0.780000, 3.141190e-06,0.780000, 1.249639e-06,
0.781000, 1.743157e-05,0.781000, 8.063496e-07,0.781000, 3.141190e-06,0.781000, 1.249639e-06,
0.782000, 1.743157e-05,0.782000, 8.063496e-07,0.782000, 3.141190e-06,0.782000, 1.249639e-06,
0.783000, 1.743157e-05,0.783000, 8.063496e-07,0.783000, 3.141190e-06,0.783000, 1.249639e-06,
0.784000, 1.743157e-05,0.784000, 8.063496e-07,0.784000, 3.141190e-06,0.784000, 1.249639e-06,
0.785000, 1.743157e-05,0.785000, 8.063496e-07,0.785000, 3.141190e-06,0.785000, 1.249639e-06,
0.786000, 1.743157e-05,0.786000, 8.063496e-07,0.786000, 3.141190e-06,0.786000, 1.249639e-06,
0.787000, 1.743157e-05,0.787000, 8.063496e-07,0.787000, 3.141190e-06,0.787000, 1.249639e-06,
0.788000, 1.743157e-05,0.788000, 8.063496e-07,0.788000, 3.141190e-06,0.788000, 1.249639e-06,
0.789000, 1.743157e-05,0.789000, 8.063496e-07,0.789000, 3.141190e-06,0.789000, 1.249639e-06,
0.790000, 1.743157e-05,0.790000, 8.063496e-07,0.790000, 3.141190e-06,0.790000, 1.249639e-06,
0.791000, 1.743157e-05,0.791000, 8.063496e-07,0.791000, 3.141190e-06,0.791000, 1.249639e-06,
0.792000, 1.743157e-05,0.792000, 8.063496e-07,0.792000, 3.141190e-06,0.792000, 1.249639e-06,
0.793000, 1.743157e-05,0.793000, 8.063496e-07,0.793000, 3.141190e-06,0.793000, 1.249639e-06,
0.794000, 1.743157e-05,0.794000, 8.063496e-07,0.794000, 3.141190e-06,0.794000, 1.249639e-06,
0.795000, 1.743157e-05,0.795000, 8.063496e-07,0.795000, 3.141190e-06,0.795000, 1.249639e-06,
0.796000, 1.743157e-05,0.796000, 8.063496e-07,0.796000, 3.141190e-06,0.796000, 1.249639e-06,
0.797000, 1.743157e-05,0.797000, 8.063496e-07,0.797000, 3.141190e-06,0.797000, 1.249639e-06,
0.798000, 1.743157e-05,0.798000, 8.063496e-07,0.798000, 3.141190e-06,0.798000, 1.249639e-06,
0.799000, 1.743157e-05,0.799000, 8.063496e-07,0.799000, 3.141190e-06,0.799000, 1.249639e-06,
0.800000, 1.743157e-05,0.800000, 8.063496e-07,0.800000, 3.141190e-06,0.800000, 1.249639e-06,
0.801000, 1.743157e-05,0.801000, 8.063496e-07,0.801000, 3.141190e-06,0.801000, 1.249639e-06,
0.802000, 1.743157e-05,0.802000, 8.063496e-07,0.802000, 3.141190e-06,0.802000, 1.249639e-06,
0.803000, 1.743157e-05,0.803000, 8.063496e-07,0.803000, 3.141190e-06,0.803000, 1.249639e-06,
0.804000, 1.743157e-05,0.804000, 8.063496e-07,0.804000, 3.141190e-06,0.804000, 1.249639e-06,
0.805000, 1.743157e-05,0.805000, 8.063496e-07,0.805000, 3.141190e-06,0.805000, 1.249639e-06,
0.806000, 1.743157e-05,0.806000, 8.063496e-07,0.806000, 3.141190e-06,0.806000, 1.249639e-06,
0.807000, 1.743157e-05,0.807000, 8.063496e-07,0.807000, 3.141190e-06,0.807000, 1.249639e-06,
0.808000, 1.743157e-05,0.808000, 8.063496e-07,0.808000, 3.141190e-06,0.808000, 1.249639e-06,
0.809000, 1.743157e-05,0.809000, 8.063496e-07,0.809000, 3.141190e-06,0.809000, 1.249639e-06,
0.810000, 1.743157e-05,0.810000, 8.063496e-07,0.810000, 3.141190e-06,0.810000, 1.249639e-06,
0.811000, 1.743157e-05,0.811000, 8.063496e-07,0.811000, 3.141190e-06,0.811000, 1.249639e-06,
0.812000, 1.743157e-05,0.812000, 8.063496e-07,0.812000, 3.141190e-06,0.812000, 1.249639e-06,
0.813000, 1.743157e-05,0.813000, 8.063496e-07,0.813000, 3.141190e-06,0.813000, 1.249639e-06,
0.814000, 1.743157e-05,0.814000, 8.063496e-07,0.814000, 3.141190e-06,0.814000, 1.249639e-06,
0.815000, 1.743157e-05,0.815000, 8.063496e-07,0.815000, 3.141190e-06,0.815000, 1.249639e-06,
0.816000, 1.743157e-05,0.816000, 8.063496e-07,0.816000, 3.141190e-06,0.816000, 1.249639e-06,
0.817000, 1.743157e-05,0.817000, 8.063496e-07,0.817000, 3.141190e-06,0.817000, 1.249639e-06,
0.818000, 1.743157e-05,0.818000, 8.063496e-07,0.818000, 3.141190e-06,0.818000, 1.249639e-06,
0.819000, 1.743157e-05,0.819000, 8.063496e-07,0.819000, 3.141190e-06,0.819000, 1.249639e-06,
0.820000, 1.743157e-05,0.820000, 8.063496e-07,0.820000, 3.141190e-06,0.820000, 1.249639e-06,
0.821000, 1.743157e-05,0.821000, 8.063496e-07,0.821000, 3.141190e-06,0.821000, 1.249639e-06,
0.822000, 1.743157e-05,0.822000, 8.063496e-07,0.822000, 3.141190e-06,0.822000, 1.249639e-06,
0.823000, 1.743157e-05,0.823000, 8.063496e-07,0.823000, 3.141190e-06,0.823000, 1.249639e-06,
0.824000, 1.743157e-05,0.824000, 8.063496e-07,0.824000, 3.141190e-06,0.824000, 1.249639e-06,
0.825000, 1.743157e-05,0.825000, 8.063496e-07,0.825000, 3.141190e-06,0.825000, 1.249639e-06,
0.826000, 1.743157e-05,0.826000, 8.063496e-07,0.826000, 3.141190e-06,0.826000, 1.249639e-06,
0.827000, 1.743157e-05,0.827000, 8.063496e-07,0.827000, 3.141190e-06,0.827000, 1.249639e-06,
0.828000, 1.743157e-05,0.828000, 8.063496e-07,0.828000, 3.141190e-06,0.828000, 1.249639e-06,
0.829000, 1.743157e-05,0.829000, 8.063496e-07,0.829000, 3.141190e-06,0.829000, 1.249639e-06,
0.830000, 1.743157e-05,0.830000, 8.063496e-07,0.830000, 3.141190e-06,0.830000, 1.249639e-06,
0.831000, 1.743157e-05,0.831000, 8.063496e-07,0.831000, 3.141190e-06,0.831000, 1.249639e-06,
0.832000, 1.743157e-05,0.832000, 8.063496e-07,0.832000, 3.141190e-06,0.832000, 1.249639e-06,
0.833000, 1.743157e-05,0.833000, 8.063496e-07,0.833000, 3.141190e-06,0.833000, 1.249639e-06,
0.834000, 1.743157e-05,0.834000, 8.063496e-07,0.834000, 3.141190e-06,0.834000, 1.249639e-06,
0.835000, 1.743157e-05,0.835000, 8.063496e-07,0.835000, 3.141190e-06,0.835000, 1.249639e-06,
0.836000, 1.743157e-05,0.836000, 8.063496e-07,0.836000, 3.141190e-06,0.836000, 1.249639e-06,
0.837000, 1.743157e-05,0.837000, 8.063496e-07,0.837000, 3.141190e-06,0.837000, 1.249639e-06,
0.838000, 1.743157e-05,0.838000, 8.063496e-07,0.838000, 3.141190e-06,0.838000, 1.249639e-06,
0.839000, 1.743157e-05,0.839000, 8.063496e-07,0.839000, 3.141190e-06,0.839000, 1.249639e-06,
0.840000, 1.743157e-05,0.840000, 8.063496e-07,0.840000, 3.141190e-06,0.840000, 1.249639e-06,
0.841000, 1.743157e-05,0.841000, 8.063496e-07,0.841000, 3.141190e-06,0.841000, 1.249639e-06,
0.842000, 1.743157e-05,0.842000, 8.063496e-07,0.842000, 3.141190e-06,0.842000, 1.249639e-06,
0.843000, 1.743157e-05,0.843000, 8.063496e-07,0.843000, 3.141190e-06,0.843000, 1.249639e-06,
0.844000, 1.743157e-05,0.844000, 8.063496e-07,0.844000, 3.141190e-06,0.844000, 1.249639e-06,
0.845000, 1.743157e-05,0.845000, 8.063496e-07,0.845000, 3.141190e-06,0.845000, 1.249639e-06,
0.846000, 1.743157e-05,0.846000, 8.063496e-07,0.846000, 3.141190e-06,0.846000, 1.249639e-06,
0.847000, 1.743157e-05,0.847000, 8.063496e-07,0.847000, 3.141190e-06,0.847000, 1.249639e-06,
0.848000, 1.743157e-05,0.848000, 8.063496e-07,0.848000, 3.141190e-06,0.848000, 1.249639e-06,
0.849000, 1.743157e-05,0.849000, 8.063496e-07,0.849000, 3.141190e-06,0.849000, 1.249639e-06,
0.850000, 1.743157e-05,0.850000, 8.063496e-07,0.850000, 3.141190e-06,0.850000, 1.249639e-06,
0.851000, 1.743157e-05,0.851000, 8.063496e-07,0.851000, 3.141190e-06,0.851000, 1.249639e-06,
0.852000, 1.743157e-05,0.852000, 8.063496e-07,0.852000, 3.141190e-06,0.852000, 1.249639e-06,
0.853000, 1.743157e-05,0.853000, 8.063496e-07,0.853000, 3.141190e-06,0.853000, 1.249639e-06,
0.854000, 1.743157e-05,0.854000, 8.063496e-07,0.854000, 3.141190e-06,0.854000, 1.249639e-06,
0.855000, 1.743157e-05,0.855000, 8.063496e-07,0.855000, 3.141190e-06,0.855000, 1.249639e-06,
0.856000, 1.743157e-05,0.856000, 8.063496e-07,0.856000, 3.141190e-06,0.856000, 1.249639e-06,
0.857000, 1.743157e-05,0.857000, 8.063496e-07,0.857000, 3.141190e-06,0.857000, 1.249639e-06,
0.858000, 1.743157e-05,0.858000, 8.063496e-07,0.858000, 3.141190e-06,0.858000, 1.249639e-06,
0.859000, 1.743157e-05,0.859000, 8.063496e-07,0.859000, 3.141190e-06,0.859000, 1.249639e-06,
0.860000, 1.743157e-05,0.860000, 8.063496e-07,0.860000, 3.141190e-06,0.860000, 1.249639e-06,
0.861000, 1.743157e-05,0.861000, 8.063496e-07,0.861000, 3.141190e-06,0.861000, 1.249639e-06,
0.862000, 1.743157e-05,0.862000, 8.063496e-07,0.862000, 3.141190e-06,0.862000, 1.249639e-06,
0.863000, 1.743157e-05,0.863000, 8.063496e-07,0.863000, 3.141190e-06,0.863000, 1.249639e-06,
0.864000, 1.743157e-05,0.864000, 8.063496e-07,0.864000, 3.141190e-06,0.864000, 1.249639e-06,
0.865000, 1.743157e-05,0.865000, 8.063496e-07,0.865000, 3.141190e-06,0.865000, 1.249639e-06,
0.866000, 1.743157e-05,0.866000, 8.063496e-07,0.866000, 3.141190e-06,0.866000, 1.249639e-06,
0.867000, 1.743157e-05,0.867000, 8.063496e-07,0.867000, 3.141190e-06,0.867000, 1.249639e-06,
0.868000, 1.743157e-05,0.868000, 8.063496e-07,0.868000, 3.141190e-06,0.868000, 1.249639e-06,
0.869000, 1.743157e-05,0.869000, 8.063496e-07,0.869000, 3.141190e-06,0.869000, 1.249639e-06,
0.870000, 1.743157e-05,0.870000, 8.063496e-07,0.870000, 3.141190e-06,0.870000, 1.249639e-06,
0.871000, 1.743157e-05,0.871000, 8.063496e-07,0.871000, 3.141190e-06,0.871000, 1.249639e-06,
0.872000, 1.743157e-05,0.872000, 8.063496e-07,0.872000, 3.141190e-06,0.872000, 1.249639e-06,
0.873000, 1.743157e-05,0.873000, 8.063496e-07,0.873000, 3.141190e-06,0.873000, 1.249639e-06,
0.874000, 1.743157e-05,0.874000, 8.063496e-07,0.874000, 3.141190e-06,0.874000, 1.249639e-06,
0.875000, 1.743157e-05,0.875000, 8.063496e-07,0.875000, 3.141190e-06,0.875000, 1.249639e-06,
0.876000, 1.743157e-05,0.876000, 8.063496e-07,0.876000, 3.141190e-06,0.876000, 1.249639e-06,
0.877000, 1.743157e-05,0.877000, 8.063496e-07,0.877000, 3.141190e-06,0.877000, 1.249639e-06,
0.878000, 1.743157e-05,0.878000, 8.063496e-07,0.878000, 3.141190e-06,0.878000, 1.249639e-06,
0.879000, 1.743157e-05,0.879000, 8.063496e-07,0.879000, 3.141190e-06,0.879000, 1.249639e-06,
0.880000, 1.743157e-05,0.880000, 8.063496e-07,0.880000, 3.141190e-06,0.880000, 1.249639e-06,
0.881000, 1.743157e-05,0.881000, 8.063496e-07,0.881000, 3.141190e-06,0.881000, 1.249639e-06,
0.882000, 1.743157e-05,0.882000, 8.063496e-07,0.882000, 3.141190e-06,0.882000, 1.249639e-06,
0.883000, 1.743157e-05,0.883000, 8.063496e-07,0.883000, 3.141190e-06,0.883000, 1.249639e-06,
0.884000, 1.743157e-05,0.884000, 8.063496e-07,0.884000, 3.141190e-06,0.884000, 1.249639e-06,
0.885000, 1.743157e-05,0.885000, 8.063496e-07,0.885000, 3.141190e-06,0.885000, 1.249639e-06,
0.886000, 1.743157e-05,0.886000, 8.063496e-07,0.886000, 3.141190e-06,0.886000, 1.249639e-06,
0.887000, 1.743157e-05,0.887000, 8.063496e-07,0.887000, 3.141190e-06,0.887000, 1.249639e-06,
0.888000, 1.743157e-05,0.888000, 8.063496e-07,0.888000, 3.141190e-06,0.888000, 1.249639e-06,
0.889000, 1.743157e-05,0.889000, 8.063496e-07,0.889000, 3.141190e-06,0.889000, 1.249639e-06,
0.890000, 1.743157e-05,0.890000, 8.063496e-07,0.890000, 3.141190e-06,0.890000, 1.249639e-06,
0.891000, 1.743157e-05,0.891000, 8.063496e-07,0.891000, 3.141190e-06,0.891000, 1.249639e-06,
0.892000, 1.743157e-05,0.892000, 8.063496e-07,0.892000, 3.141190e-06,0.892000, 1.249639e-06,
0.893000, 1.743157e-05,0.893000, 8.063496e-07,0.893000, 3.141190e-06,0.893000, 1.249639e-06,
0.894000, 1.743157e-05,0.894000, 8.063496e-07,0.894000, 3.141190e-06,0.894000, 1.249639e-06,
0.895000, 1.743157e-05,0.895000, 8.063496e-07,0.895000, 3.141190e-06,0.895000, 1.249639e-06,
0.896000, 1.743157e-05,0.896000, 8.063496e-07,0.896000, 3.141190e-06,0.896000, 1.249639e-06,
0.897000, 1.743157e-05,0.897000, 8.063496e-07,0.897000, 3.141190e-06,0.897000, 1.249639e-06,
0.898000, 1.743157e-05,0.898000, 8.063496e-07,0.898000, 3.141190e-06,0.898000, 1.249639e-06,
0.899000, 1.743157e-05,0.899000, 8.063496e-07,0.899000, 3.141190e-06,0.899000, 1.249639e-06,
0.900000, 1.743157e-05,0.900000, 8.063496e-07,0.900000, 3.141190e-06,0.900000, 1.249639e-06,
0.901000, 1.743157e-05,0.901000, 8.063496e-07,0.901000, 3.141190e-06,0.901000, 1.249639e-06,
0.902000, 1.743157e-05,0.902000, 8.063496e-07,0.902000, 3.141190e-06,0.902000, 1.249639e-06,
0.903000, 1.743157e-05,0.903000, 8.063496e-07,0.903000, 3.141190e-06,0.903000, 1.249639e-06,
0.904000, 1.743157e-05,0.904000, 8.063496e-07,0.904000, 3.141190e-06,0.904000, 1.249639e-06,
0.905000, 1.743157e-05,0.905000, 8.063496e-07,0.905000, 3.141190e-06,0.905000, 1.249639e-06,
0.906000, 1.743157e-05,0.906000, 8.063496e-07,0.906000, 3.141190e-06,0.906000, 1.249639e-06,
0.907000, 1.743157e-05,0.907000, 8.063496e-07,0.907000, 3.141190e-06,0.907000, 1.249639e-06,
0.908000, 1.743157e-05,0.908000, 8.063496e-07,0.908000, 3.141190e-06,0.908000, 1.249639e-06,
0.909000, 1.743157e-05,0.909000, 8.063496e-07,0.909000, 3.141190e-06,0.909000, 1.249639e-06,
0.910000, 1.743157e-05,0.910000, 8.063496e-07,0.910000, 3.141190e-06,0.910000, 1.249639e-06,
0.911000, 1.743157e-05,0.911000, 8.063496e-07,0.911000, 3.141190e-06,0.911000, 1.249639e-06,
0.912000, 1.743157e-05,0.912000, 8.063496e-07,0.912000, 3.141190e-06,0.912000, 1.249639e-06,
0.913000, 1.743157e-05,0.913000, 8.063496e-07,0.913000, 3.141190e-06,0.913000, 1.249639e-06,
0.914000, 1.743157e-05,0.914000, 8.063496e-07,0.914000, 3.141190e-06,0.914000, 1.249639e-06,
0.915000, 1.743157e-05,0.915000, 8.063496e-07,0.915000, 3.141190e-06,0.915000, 1.249639e-06,
0.916000, 1.743157e-05,0.916000, 8.063496e-07,0.916000, 3.141190e-06,0.916000, 1.249639e-06,
0.917000, 1.743157e-05,0.917000, 8.063496e-07,0.917000, 3.141190e-06,0.917000, 1.249639e-06,
0.918000, 1.743157e-05,0.918000, 8.063496e-07,0.918000, 3.141190e-06,0.918000, 1.249639e-06,
0.919000, 1.743157e-05,0.919000, 8.063496e-07,0.919000, 3.141190e-06,0.919000, 1.249639e-06,
0.920000, 1.743157e-05,0.920000, 8.063496e-07,0.920000, 3.141190e-06,0.920000, 1.249639e-06,
0.921000, 1.743157e-05,0.921000, 8.063496e-07,0.921000, 3.141190e-06,0.921000, 1.249639e-06,
0.922000, 1.743157e-05,0.922000, 8.063496e-07,0.922000, 3.141190e-06,0.922000, 1.249639e-06,
0.923000, 1.743157e-05,0.923000, 8.063496e-07,0.923000, 3.141190e-06,0.923000, 1.249639e-06,
0.924000, 1.743157e-05,0.924000, 8.063496e-07,0.924000, 3.141190e-06,0.924000, 1.249639e-06,
0.925000, 1.743157e-05,0.925000, 8.063496e-07,0.925000, 3.141190e-06,0.925000, 1.249639e-06,
0.926000, 1.743157e-05,0.926000, 8.063496e-07,0.926000, 3.141190e-06,0.926000, 1.249639e-06,
0.927000, 1.743157e-05,0.927000, 8.063496e-07,0.927000, 3.141190e-06,0.927000, 1.249639e-06,
0.928000, 1.743157e-05,0.928000, 8.063496e-07,0.928000, 3.141190e-06,0.928000, 1.249639e-06,
0.929000, 1.743157e-05,0.929000, 8.063496e-07,0.929000, 3.141190e-06,0.929000, 1.249639e-06,
0.930000, 1.743157e-05,0.930000, 8.063496e-07,0.930000, 3.141190e-06,0.930000, 1.249639e-06,
0.931000, 1.743157e-05,0.931000, 8.063496e-07,0.931000, 3.141190e-06,0.931000, 1.249639e-06,
0.932000, 1.743157e-05,0.932000, 8.063496e-07,0.932000, 3.141190e-06,0.932000, 1.249639e-06,
0.933000, 1.743157e-05,0.933000, 8.063496e-07,0.933000, 3.141190e-06,0.933000, 1.249639e-06,
0.934000, 1.743157e-05,0.934000, 8.063496e-07,0.934000, 3.141190e-06,0.934000, 1.249639e-06,
0.935000, 1.743157e-05,0.935000, 8.063496e-07,0.935000, 3.141190e-06,0.935000, 1.249639e-06,
0.936000, 1.743157e-05,0.936000, 8.063496e-07,0.936000, 3.141190e-06,0.936000, 1.249639e-06,
0.937000, 1.743157e-05,0.937000, 8.063496e-07,0.937000, 3.141190e-06,0.937000, 1.249639e-06,
0.938000, 1.743157e-05,0.938000, 8.063496e-07,0.938000, 3.141190e-06,0.938000, 1.249639e-06,
0.939000, 1.743157e-05,0.939000, 8.063496e-07,0.939000, 3.141190e-06,0.939000, 1.249639e-06,
0.940000, 1.743157e-05,0.940000, 8.063496e-07,0.940000, 3.141190e-06,0.940000, 1.249639e-06,
0.941000, 1.743157e-05,0.941000, 8.063496e-07,0.941000, 3.141190e-06,0.941000, 1.249639e-06,
0.942000, 1.743157e-05,0.942000, 8.063496e-07,0.942000, 3.141190e-06,0.942000, 1.249639e-06,
0.943000, 1.743157e-05,0.943000, 8.063496e-07,0.943000, 3.141190e-06,0.943000, 1.249639e-06,
0.944000, 1.743157e-05,0.944000, 8.063496e-07,0.944000, 3.141190e-06,0.944000, 1.249639e-06,
0.945000, 1.743157e-05,0.945000, 8.063496e-07,0.945000, 3.141190e-06,0.945000, 1.249639e-06,
0.946000, 1.743157e-05,0.946000, 8.063496e-07,0.946000, 3.141190e-06,0.946000, 1.249639e-06,
0.947000, 1.743157e-05,0.947000, 8.063496e-07,0.947000, 3.141190e-06,0.947000, 1.249639e-06,
0.948000, 1.743157e-05,0.948000, 8.063496e-07,0.948000, 3.141190e-06,0.948000, 1.249639e-06,
0.949000, 1.743157e-05,0.949000, 8.063496e-07,0.949000, 3.141190e-06,0.949000, 1.249639e-06,
0.950000, 1.743157e-05,0.950000, 8.063496e-07,0.950000, 3.141190e-06,0.950000, 1.249639e-06,
0.951000, 1.743157e-05,0.951000, 8.063496e-07,0.951000, 3.141190e-06,0.951000, 1.249639e-06,
0.952000, 1.743157e-05,0.952000, 8.063496e-07,0.952000, 3.141190e-06,0.952000, 1.249639e-06,
0.953000, 1.743157e-05,0.953000, 8.063496e-07,0.953000, 3.141190e-06,0.953000, 1.249639e-06,
0.954000, 1.743157e-05,0.954000, 8.063496e-07,0.954000, 3.141190e-06,0.954000, 1.249639e-06,
0.955000, 1.743157e-05,0.955000, 8.063496e-07,0.955000, 3.141190e-06,0.955000, 1.249639e-06,
0.956000, 1.743157e-05,0.956000, 8.063496e-07,0.956000, 3.141190e-06,0.956000, 1.249639e-06,
0.957000, 1.743157e-05,0.957000, 8.063496e-07,0.957000, 3.141190e-06,0.957000, 1.249639e-06,
0.958000, 1.743157e-05,0.958000, 8.063496e-07,0.958000, 3.141190e-06,0.958000, 1.249639e-06,
0.959000, 1.743157e-05,0.959000, 8.063496e-07,0.959000, 3.141190e-06,0.959000, 1.249639e-06,
0.960000, 1.743157e-05,0.960000, 8.063496e-07,0.960000, 3.141190e-06,0.960000, 1.249639e-06,
0.961000, 1.743157e-05,0.961000, 8.063496e-07,0.961000, 3.141190e-06,0.961000, 1.249639e-06,
0.962000, 1.743157e-05,0.962000, 8.063496e-07,0.962000, 3.141190e-06,0.962000, 1.249639e-06,
0.963000, 1.743157e-05,0.963000, 8.063496e-07,0.963000, 3.141190e-06,0.963000, 1.249639e-06,
0.964000, 1.743157e-05,0.964000, 8.063496e-07,0.964000, 3.141190e-06,0.964000, 1.249639e-06,
0.965000, 1.743157e-05,0.965000, 8.063496e-07,0.965000, 3.141190e-06,0.965000, 1.249639e-06,
0.966000, 1.743157e-05,0.966000, 8.063496e-07,0.966000, 3.141190e-06,0.966000, 1.249639e-06,
0.967000, 1.743157e-05,0.967000, 8.063496e-07,0.967000, 3.141190e-06,0.967000, 1.249639e-06,
0.968000, 1.743157e-05,0.968000, 8.063496e-07,0.968000, 3.141190e-06,0.968000, 1.249639e-06,
0.969000, 1.743157e-05,0.969000, 8.063496e-07,0.969000, 3.141190e-06,0.969000, 1.249639e-06,
0.970000, 1.743157e-05,0.970000, 8.063496e-07,0.970000, 3.141190e-06,0.970000, 1.249639e-06,
0.971000, 1.743157e-05,0.971000, 8.063496e-07,0.971000, 3.141190e-06,0.971000, 1.249639e-06,
0.972000, 1.743157e-05,0.972000, 8.063496e-07,0.972000, 3.141190e-06,0.972000, 1.249639e-06,
0.973000, 1.743157e-05,0.973000, 8.063496e-07,0.973000, 3.141190e-06,0.973000, 1.249639e-06,
0.974000, 1.743157e-05,0.974000, 8.063496e-07,0.974000, 3.141190e-06,0.974000, 1.249639e-06,
0.975000, 1.743157e-05,0.975000, 8.063496e-07,0.975000, 3.141190e-06,0.975000, 1.249639e-06,
0.976000, 1.743157e-05,0.976000, 8.063496e-07,0.976000, 3.141190e-06,0.976000, 1.249639e-06,
0.977000, 1.743157e-05,0.977000, 8.063496e-07,0.977000, 3.141190e-06,0.977000, 1.249639e-06,
0.978000, 1.743157e-05,0.978000, 8.063496e-07,0.978000, 3.141190e-06,0.978000, 1.249639e-06,
0.979000, 1.743157e-05,0.979000, 8.063496e-07,0.979000, 3.141190e-06,0.979000, 1.249639e-06,
0.980000, 1.743157e-05,0.980000, 8.063496e-07,0.980000, 3.141190e-06,0.980000, 1.249639e-06,
0.981000, 1.743157e-05,0.981000, 8.063496e-07,0.981000, 3.141190e-06,0.981000, 1.249639e-06,
0.982000, 1.743157e-05,0.982000, 8.063496e-07,0.982000, 3.141190e-06,0.982000, 1.249639e-06,
0.983000, 1.743157e-05,0.983000, 8.063496e-07,0.983000, 3.141190e-06,0.983000, 1.249639e-06,
0.984000, 1.743157e-05,0.984000, 8.063496e-07,0.984000, 3.141190e-06,0.984000, 1.249639e-06,
0.985000, 1.743157e-05,0.985000, 8.063496e-07,0.985000, 3.141190e-06,0.985000, 1.249639e-06,
0.986000, 1.743157e-05,0.986000, 8.063496e-07,0.986000, 3.141190e-06,0.986000, 1.249639e-06,
0.987000, 1.743157e-05,0.987000, 8.063496e-07,0.987000, 3.141190e-06,0.987000, 1.249639e-06,
0.988000, 1.743157e-05,0.988000, 8.063496e-07,0.988000, 3.141190e-06,0.988000, 1.249639e-06,
0.989000, 1.743157e-05,0.989000, 8.063496e-07,0.989000, 3.141190e-06,0.989000, 1.249639e-06,
0.990000, 1.743157e-05,0.990000, 8.063496e-07,0.990000, 3.141190e-06,0.990000, 1.249639e-06,
0.991000, 1.743157e-05,0.991000, 8.063496e-07,0.991000, 3.141190e-06,0.991000, 1.249639e-06,
0.992000, 1.743157e-05,0.992000, 8.063496e-07,0.992000, 3.141190e-06,0.992000, 1.249639e-06,
0.993000, 1.743157e-05,0.993000, 8.063496e-07,0.993000, 3.141190e-06,0.993000, 1.249639e-06,
0.994000, 1.743157e-05,0.994000, 8.063496e-07,0.994000, 3.141190e-06,0.994000, 1.249639e-06,
0.995000, 1.743157e-05,0.995000, 8.063496e-07,0.995000, 3.141190e-06,0.995000, 1.249639e-06,
0.996000, 1.743157e-05,0.996000, 8.063496e-07,0.996000, 3.141190e-06,0.996000, 1.249639e-06,
0.997000, 1.743157e-05,0.997000, 8.063496e-07,0.997000, 3.141190e-06,0.997000, 1.249639e-06,
0.998000, 1.743157e-05,0.998000, 8.063496e-07,0.998000, 3.141190e-06,0.998000, 1.249639e-06,
0.999000, 1.743157e-05,0.999000, 8.063496e-07,0.999000, 3.141190e-06,0.999000, 1.249639e-06,
1.000000, 1.743157e-05,1.000000, 8.063496e-07,1.000000, 3.141190e-06,1.000000, 1.249639e-06,
1.001000, 1.743157e-05,1.001000, 8.063496e-07,1.001000, 3.141190e-06,1.001000, 1.249639e-06,
, ,1.002000, 8.063496e-07,1.002000, 3.141190e-06,1.002000, 1.249639e-06,
, ,1.003000, 8.063496e-07,1.003000, 3.141190e-06,1.003000, 1.249639e-06,
, ,1.004000, 8.063496e-07,1.004000, 3.141190e-06,1.004000, 1.249639e-06,
, ,1.005000, 8.063496e-07,1.005000, 3.141190e-06,1.005000, 1.249639e-06,
, ,1.006000, 8.063496e-07,1.006000, 3.141190e-06,1.006000, 1.249639e-06,
, ,1.007000, 8.063496e-07,1.007000, 3.141190e-06,1.007000, 1.249639e-06,
, ,1.008000, 8.063496e-07,1.008000, 3.141190e-06,1.008000, 1.249639e-06,
, ,1.009000, 8.063496e-07,1.009000, 3.141190e-06,1.009000, 1.249639e-06,
, ,1.010000, 8.063496e-07,1.010000, 3.141190e-06,1.010000, 1.249639e-06,
, ,1.011000, 8.063496e-07,1.011000, 3.141190e-06,1.011000, 1.249639e-06,
, ,1.012000, 8.063496e-07,1.012000, 3.141190e-06,1.012000, 1.249639e-06,
, ,1.013000, 8.063496e-07,1.013000, 3.141190e-06,1.013000, 1.249639e-06,
, ,1.014000, 8.063496e-07,1.014000, 3.141190e-06,1.014000, 1.249639e-06,
, ,1.015000, 8.063496e-07,, ,1.015000, 1.249639e-06,
, ,1.016000, 8.063496e-07,, ,1.016000, 1.249639e-06,
, ,1.017000, 8.063496e-07,, ,1.017000, 1.249639e-06,
, ,1.018000, 8.063496e-07,, ,1.018000, 1.249639e-06,
