//t, S_Pond (1), 
0.000000, 0.000000e+000,
0.001053, 0.000000e+000,
0.002161, 0.000000e+000,
0.003327, 0.000000e+000,
0.004555, 0.000000e+000,
0.005847, 0.000000e+000,
0.007207, 0.000000e+000,
0.008639, 0.000000e+000,
0.010147, 0.000000e+000,
0.011733, 0.000000e+000,
0.013404, 0.000000e+000,
0.015162, 0.000000e+000,
0.017012, 0.000000e+000,
0.018960, 0.000000e+000,
0.021011, 0.000000e+000,
0.023169, 0.000000e+000,
0.025441, 0.000000e+000,
0.027833, 0.000000e+000,
0.030351, 0.000000e+000,
0.033001, 0.000000e+000,
0.035790, 0.000000e+000,
0.038727, 0.000000e+000,
0.041817, 0.000000e+000,
0.045071, 0.000000e+000,
0.048496, 0.000000e+000,
0.052101, 0.000000e+000,
0.055896, 0.000000e+000,
0.059890, 0.000000e+000,
0.064095, 0.000000e+000,
0.068521, 0.000000e+000,
0.073180, 0.000000e+000,
0.078084, 0.000000e+000,
0.083246, 0.000000e+000,
0.085963, 0.000000e+000,
0.088823, 0.000000e+000,
0.091834, 0.000000e+000,
0.095003, 0.000000e+000,
0.098339, 0.000000e+000,
0.101850, 0.000000e+000,
0.105546, 0.000000e+000,
0.109437, 0.000000e+000,
0.113532, 0.000000e+000,
0.117843, 0.000000e+000,
0.122381, 0.000000e+000,
0.127158, 0.000000e+000,
0.132186, 0.000000e+000,
0.137479, 0.000000e+000,
0.143050, 0.000000e+000,
0.148915, 0.000000e+000,
0.155088, 0.000000e+000,
0.161586, 0.000000e+000,
0.168426, 0.000000e+000,
0.175626, 0.000000e+000,
0.183206, 0.000000e+000,
0.191184, 0.000000e+000,
0.199582, 0.000000e+000,
0.208421, 0.000000e+000,
