//t, Mean, t, 2.500000 %, t, 50.000000 %, t, 97.500002 %, 
0.000000, 0.000000e+000,0.000000, 0.000000e+000,0.000000, 0.000000e+000,0.000000, 0.000000e+000,
0.000000, 0.000000e+000,0.000000, 0.000000e+000,0.000000, 0.000000e+000,0.000000, 0.000000e+000,
0.000000, 0.000000e+000,0.000000, 0.000000e+000,0.000000, 0.000000e+000,0.000000, 0.000000e+000,
0.000000, 0.000000e+000,0.000000, 0.000000e+000,0.000000, 0.000000e+000,0.000000, 0.000000e+000,
0.000001, 0.000000e+000,0.000001, 0.000000e+000,0.000001, 0.000000e+000,0.000001, 0.000000e+000,
0.000001, 0.000000e+000,0.000001, 0.000000e+000,0.000001, 0.000000e+000,0.000001, 0.000000e+000,
0.000001, 0.000000e+000,0.000001, 0.000000e+000,0.000001, 0.000000e+000,0.000001, 0.000000e+000,
0.000001, 0.000000e+000,0.000001, 0.000000e+000,0.000001, 0.000000e+000,0.000001, 0.000000e+000,
0.000001, 0.000000e+000,0.000001, 0.000000e+000,0.000001, 0.000000e+000,0.000001, 0.000000e+000,
0.000001, 0.000000e+000,0.000001, 0.000000e+000,0.000001, 0.000000e+000,0.000001, 0.000000e+000,
0.000002, 0.000000e+000,0.000002, 0.000000e+000,0.000002, 0.000000e+000,0.000002, 0.000000e+000,
0.000002, 0.000000e+000,0.000002, 0.000000e+000,0.000002, 0.000000e+000,0.000002, 0.000000e+000,
0.000002, 0.000000e+000,0.000002, 0.000000e+000,0.000002, 0.000000e+000,0.000002, 0.000000e+000,
0.000002, 0.000000e+000,0.000002, 0.000000e+000,0.000002, 0.000000e+000,0.000002, 0.000000e+000,
0.000002, 0.000000e+000,0.000002, 0.000000e+000,0.000002, 0.000000e+000,0.000002, 0.000000e+000,
0.000003, 0.000000e+000,0.000003, 0.000000e+000,0.000003, 0.000000e+000,0.000003, 0.000000e+000,
0.000003, 0.000000e+000,0.000003, 0.000000e+000,0.000003, 0.000000e+000,0.000003, 0.000000e+000,
0.000003, 0.000000e+000,0.000003, 0.000000e+000,0.000003, 0.000000e+000,0.000003, 0.000000e+000,
0.000003, 0.000000e+000,0.000003, 0.000000e+000,0.000003, 0.000000e+000,0.000003, 0.000000e+000,
0.000004, 0.000000e+000,0.000004, 0.000000e+000,0.000004, 0.000000e+000,0.000004, 0.000000e+000,
0.000004, 0.000000e+000,0.000004, 0.000000e+000,0.000004, 0.000000e+000,0.000004, 0.000000e+000,
0.000004, 0.000000e+000,0.000004, 0.000000e+000,0.000004, 0.000000e+000,0.000004, 0.000000e+000,
0.000004, 0.000000e+000,0.000004, 0.000000e+000,0.000004, 0.000000e+000,0.000004, 0.000000e+000,
0.000004, 0.000000e+000,0.000004, 0.000000e+000,0.000004, 0.000000e+000,0.000004, 0.000000e+000,
0.000005, 0.000000e+000,0.000005, 0.000000e+000,0.000005, 0.000000e+000,0.000005, 0.000000e+000,
0.000005, 0.000000e+000,0.000005, 0.000000e+000,0.000005, 0.000000e+000,0.000005, 0.000000e+000,
0.000005, 0.000000e+000,0.000005, 0.000000e+000,0.000005, 0.000000e+000,0.000005, 0.000000e+000,
0.000005, 0.000000e+000,0.000005, 0.000000e+000,0.000005, 0.000000e+000,0.000005, 0.000000e+000,
0.000006, 0.000000e+000,0.000006, 0.000000e+000,0.000006, 0.000000e+000,0.000006, 0.000000e+000,
0.000006, 0.000000e+000,0.000006, 0.000000e+000,0.000006, 0.000000e+000,0.000006, 0.000000e+000,
0.000006, 0.000000e+000,0.000006, 0.000000e+000,0.000006, 0.000000e+000,0.000006, 0.000000e+000,
0.000007, 3.542831e-310,0.000007, 0.000000e+000,0.000007, 0.000000e+000,0.000007, 0.000000e+000,
0.000007, 4.241437e-297,0.000007, 0.000000e+000,0.000007, 0.000000e+000,0.000007, 0.000000e+000,
0.000007, 7.699083e-285,0.000007, 0.000000e+000,0.000007, 0.000000e+000,0.000007, 0.000000e+000,
0.000007, 2.503185e-273,0.000007, 0.000000e+000,0.000007, 0.000000e+000,0.000007, 0.000000e+000,
0.000008, 1.689546e-262,0.000008, 0.000000e+000,0.000008, 0.000000e+000,0.000008, 0.000000e+000,
0.000008, 2.699255e-252,0.000008, 0.000000e+000,0.000008, 0.000000e+000,0.000008, 0.000000e+000,
0.000008, 1.147440e-242,0.000008, 0.000000e+000,0.000008, 0.000000e+000,0.000008, 0.000000e+000,
0.000009, 1.441106e-233,0.000009, 0.000000e+000,0.000009, 0.000000e+000,0.000009, 0.000000e+000,
0.000009, 5.874159e-225,0.000009, 0.000000e+000,0.000009, 0.000000e+000,0.000009, 0.000000e+000,
0.000009, 8.456774e-217,0.000009, 0.000000e+000,0.000009, 0.000000e+000,0.000009, 0.000000e+000,
0.000010, 4.641045e-209,0.000010, 0.000000e+000,0.000010, 0.000000e+000,0.000010, 0.000000e+000,
0.000010, 1.040318e-201,0.000010, 0.000000e+000,0.000010, 0.000000e+000,0.000010, 0.000000e+000,
0.000010, 1.014038e-194,0.000010, 0.000000e+000,0.000010, 0.000000e+000,0.000010, 0.000000e+000,
0.000011, 4.549955e-188,0.000011, 0.000000e+000,0.000011, 0.000000e+000,0.000011, 0.000000e+000,
0.000011, 9.898150e-182,0.000011, 0.000000e+000,0.000011, 0.000000e+000,0.000011, 0.000000e+000,
0.000011, 1.094628e-175,0.000011, 0.000000e+000,0.000011, 0.000000e+000,0.000011, 0.000000e+000,
0.000012, 6.426372e-170,0.000012, 0.000000e+000,0.000012, 0.000000e+000,0.000012, 0.000000e+000,
0.000012, 2.084039e-164,0.000012, 0.000000e+000,0.000012, 0.000000e+000,0.000012, 0.000000e+000,
0.000013, 3.871972e-159,0.000013, 0.000000e+000,0.000013, 0.000000e+000,0.000013, 0.000000e+000,
0.000013, 4.262107e-154,0.000013, 0.000000e+000,0.000013, 0.000000e+000,0.000013, 0.000000e+000,
0.000013, 2.866938e-149,0.000013, 0.000000e+000,0.000013, 0.000000e+000,0.000013, 0.000000e+000,
0.000014, 1.212600e-144,0.000014, 0.000000e+000,0.000014, 0.000000e+000,0.000014, 0.000000e+000,
0.000014, 3.311238e-140,0.000014, 0.000000e+000,0.000014, 0.000000e+000,0.000014, 0.000000e+000,
0.000015, 5.982130e-136,0.000015, 0.000000e+000,0.000015, 0.000000e+000,0.000015, 0.000000e+000,
0.000015, 7.314112e-132,0.000015, 0.000000e+000,0.000015, 0.000000e+000,0.000015, 0.000000e+000,
0.000016, 6.180911e-128,0.000016, 0.000000e+000,0.000016, 0.000000e+000,0.000016, 0.000000e+000,
0.000016, 3.681563e-124,0.000016, 0.000000e+000,0.000016, 0.000000e+000,0.000016, 0.000000e+000,
0.000017, 1.574051e-120,0.000017, 0.000000e+000,0.000017, 0.000000e+000,0.000017, 0.000000e+000,
0.000017, 4.913529e-117,0.000017, 0.000000e+000,0.000017, 0.000000e+000,0.000017, 0.000000e+000,
0.000018, 1.137750e-113,0.000018, 0.000000e+000,0.000018, 0.000000e+000,0.000018, 2.509346e-315,
0.000018, 1.983434e-110,0.000018, 0.000000e+000,0.000018, 0.000000e+000,0.000018, 2.199552e-306,
0.000019, 2.639550e-107,0.000019, 0.000000e+000,0.000019, 0.000000e+000,0.000019, 9.166836e-298,
0.000019, 2.716598e-104,0.000019, 0.000000e+000,0.000019, 0.000000e+000,0.000019, 1.883740e-289,
0.000020, 2.188741e-101,0.000020, 0.000000e+000,0.000020, 0.000000e+000,0.000020, 1.973738e-281,
0.000020, 1.396373e-098,0.000020, 0.000000e+000,0.000020, 0.000000e+000,0.000020, 1.088133e-273,
0.000021, 7.130357e-096,0.000021, 0.000000e+000,0.000021, 0.000000e+000,0.000021, 3.251087e-266,
0.000021, 2.943813e-093,0.000021, 0.000000e+000,0.000021, 0.000000e+000,0.000021, 5.412467e-259,
0.000022, 9.920353e-091,0.000022, 0.000000e+000,0.000022, 0.000000e+000,0.000022, 5.153941e-252,
0.000022, 2.753290e-088,0.000022, 0.000000e+000,0.000022, 0.000000e+000,0.000022, 2.877143e-245,
0.000023, 6.346767e-086,0.000023, 0.000000e+000,0.000023, 0.000000e+000,0.000023, 9.637209e-239,
0.000024, 1.224873e-083,0.000024, 0.000000e+000,0.000024, 0.000000e+000,0.000024, 1.979848e-232,
0.000024, 1.994054e-081,0.000024, 0.000000e+000,0.000024, 0.000000e+000,0.000024, 2.546817e-226,
0.000025, 2.757918e-079,0.000025, 0.000000e+000,0.000025, 0.000000e+000,0.000025, 2.091954e-220,
0.000026, 3.262487e-077,0.000026, 0.000000e+000,0.000026, 0.000000e+000,0.000026, 1.117737e-214,
0.000026, 3.322062e-075,0.000026, 0.000000e+000,0.000026, 0.000000e+000,0.000026, 3.953454e-209,
0.000027, 2.929419e-073,0.000027, 0.000000e+000,0.000027, 0.000000e+000,0.000027, 9.411951e-204,
0.000028, 2.249870e-071,0.000028, 0.000000e+000,0.000028, 0.000000e+000,0.000028, 1.532114e-198,
0.000028, 1.513197e-069,0.000028, 0.000000e+000,0.000028, 0.000000e+000,0.000028, 1.731027e-193,
0.000029, 8.958530e-068,0.000029, 0.000000e+000,0.000029, 0.000000e+000,0.000029, 1.376835e-188,
0.000030, 4.691482e-066,0.000030, 0.000000e+000,0.000030, 0.000000e+000,0.000030, 7.814175e-184,
0.000031, 2.183431e-064,0.000031, 0.000000e+000,0.000031, 0.000000e+000,0.000031, 3.205352e-179,
0.000031, 9.070914e-063,0.000031, 0.000000e+000,0.000031, 0.000000e+000,0.000031, 9.619615e-175,
0.000032, 3.378139e-061,0.000032, 0.000000e+000,0.000032, 0.000000e+000,0.000032, 2.136840e-170,
0.000033, 1.132310e-059,0.000033, 0.000000e+000,0.000033, 0.000000e+000,0.000033, 3.552404e-166,
0.000034, 3.429083e-058,0.000034, 0.000000e+000,0.000034, 0.000000e+000,0.000034, 4.466701e-162,
0.000035, 9.416789e-057,0.000035, 0.000000e+000,0.000035, 0.000000e+000,0.000035, 4.290733e-158,
0.000035, 2.353173e-055,0.000035, 0.000000e+000,0.000035, 0.000000e+000,0.000035, 3.179228e-154,
0.000036, 5.368790e-054,0.000036, 0.000000e+000,0.000036, 0.000000e+000,0.000036, 1.833726e-150,
0.000037, 1.121892e-052,0.000037, 0.000000e+000,0.000037, 0.000000e+000,0.000037, 8.305547e-147,
0.000038, 2.153762e-051,0.000038, 0.000000e+000,0.000038, 0.000000e+000,0.000038, 2.978882e-143,
0.000039, 3.809584e-050,0.000039, 0.000000e+000,0.000039, 0.000000e+000,0.000039, 8.528263e-140,
0.000040, 6.225834e-049,0.000040, 0.000000e+000,0.000040, 0.000000e+000,0.000040, 1.963861e-136,
0.000041, 9.425680e-048,0.000041, 0.000000e+000,0.000041, 0.000000e+000,0.000041, 3.664222e-133,
0.000042, 1.325346e-046,0.000042, 0.000000e+000,0.000042, 0.000000e+000,0.000042, 5.578493e-130,
0.000043, 1.735028e-045,0.000043, 0.000000e+000,0.000043, 0.000000e+000,0.000043, 6.976402e-127,
0.000044, 2.119631e-044,0.000044, 0.000000e+000,0.000044, 0.000000e+000,0.000044, 7.213063e-124,
0.000045, 2.421945e-043,0.000045, 0.000000e+000,0.000045, 0.000000e+000,0.000045, 6.203843e-121,
0.000046, 2.593895e-042,0.000046, 0.000000e+000,0.000046, 0.000000e+000,0.000046, 4.465035e-118,
0.000047, 2.609283e-041,0.000047, 0.000000e+000,0.000047, 0.000000e+000,0.000047, 2.704447e-115,
0.000048, 2.470196e-040,0.000048, 0.000000e+000,0.000048, 0.000000e+000,0.000048, 1.386084e-112,
0.000049, 2.205004e-039,0.000049, 0.000000e+000,0.000049, 0.000000e+000,0.000049, 6.042721e-110,
0.000050, 1.859299e-038,0.000050, 0.000000e+000,0.000050, 0.000000e+000,0.000050, 2.252127e-107,
0.000051, 1.483593e-037,0.000051, 0.000000e+000,0.000051, 0.000000e+000,0.000051, 7.210594e-105,
0.000053, 1.122122e-036,0.000053, 0.000000e+000,0.000053, 0.000000e+000,0.000053, 1.992449e-102,
0.000054, 8.058067e-036,0.000054, 0.000000e+000,0.000054, 0.000000e+000,0.000054, 4.772921e-100,
0.000055, 5.502589e-035,0.000055, 0.000000e+000,0.000055, 0.000000e+000,0.000055, 9.954789e-098,
0.000056, 3.578513e-034,0.000056, 0.000000e+000,0.000056, 0.000000e+000,0.000056, 1.815226e-095,
0.000058, 2.219564e-033,0.000058, 0.000000e+000,0.000058, 0.000000e+000,0.000058, 2.905451e-093,
0.000059, 1.314827e-032,0.000059, 0.000000e+000,0.000059, 0.000000e+000,0.000059, 4.097795e-091,
0.000060, 7.448874e-032,0.000060, 0.000000e+000,0.000060, 0.000000e+000,0.000060, 5.111517e-089,
0.000062, 4.041077e-031,0.000062, 0.000000e+000,0.000062, 0.000000e+000,0.000062, 5.659308e-087,
0.000063, 2.101994e-030,0.000063, 0.000000e+000,0.000063, 0.000000e+000,0.000063, 5.580672e-085,
0.000064, 1.049587e-029,0.000064, 0.000000e+000,0.000064, 0.000000e+000,0.000064, 4.917698e-083,
0.000066, 5.036898e-029,0.000066, 0.000000e+000,0.000066, 0.000000e+000,0.000066, 3.884913e-081,
0.000067, 2.325703e-028,0.000067, 0.000000e+000,0.000067, 0.000000e+000,0.000067, 2.759868e-079,
0.000069, 1.034339e-027,0.000069, 0.000000e+000,0.000069, 0.000000e+000,0.000069, 1.768397e-077,
0.000070, 4.435520e-027,0.000070, 0.000000e+000,0.000070, 0.000000e+000,0.000070, 1.024964e-075,
0.000072, 1.835855e-026,0.000072, 0.000000e+000,0.000072, 0.000000e+000,0.000072, 5.388702e-074,
0.000073, 7.341245e-026,0.000073, 0.000000e+000,0.000073, 0.000000e+000,0.000073, 2.576773e-072,
0.000075, 2.838892e-025,0.000075, 0.000000e+000,0.000075, 0.000000e+000,0.000075, 1.123607e-070,
0.000077, 1.062608e-024,0.000077, 0.000000e+000,0.000077, 0.000000e+000,0.000077, 4.479109e-069,
0.000078, 3.853239e-024,0.000078, 0.000000e+000,0.000078, 0.000000e+000,0.000078, 1.636305e-067,
0.000080, 1.354812e-023,0.000080, 0.000000e+000,0.000080, 0.000000e+000,0.000080, 5.491032e-066,
0.000082, 4.622659e-023,0.000082, 0.000000e+000,0.000082, 0.000000e+000,0.000082, 1.696485e-064,
0.000084, 1.531834e-022,0.000084, 0.000000e+000,0.000084, 0.000000e+000,0.000084, 4.836256e-063,
0.000085, 4.933734e-022,0.000085, 0.000000e+000,0.000085, 0.000000e+000,0.000085, 1.274847e-061,
0.000087, 1.545644e-021,0.000087, 0.000000e+000,0.000087, 0.000000e+000,0.000087, 3.113820e-060,
0.000089, 4.713337e-021,0.000089, 0.000000e+000,0.000089, 0.000000e+000,0.000089, 7.061292e-059,
0.000091, 1.400035e-020,0.000091, 0.000000e+000,0.000091, 0.000000e+000,0.000091, 1.489607e-057,
0.000093, 4.053562e-020,0.000093, 0.000000e+000,0.000093, 0.000000e+000,0.000093, 2.928675e-056,
0.000095, 1.144747e-019,0.000095, 0.000000e+000,0.000095, 0.000000e+000,0.000095, 5.376174e-055,
0.000097, 3.155259e-019,0.000097, 0.000000e+000,0.000097, 0.000000e+000,0.000097, 9.230895e-054,
0.000099, 8.493437e-019,0.000099, 0.000000e+000,0.000099, 0.000000e+000,0.000099, 1.484997e-052,
0.000101, 2.234171e-018,0.000101, 0.000000e+000,0.000101, 0.000000e+000,0.000101, 2.242015e-051,
0.000104, 5.746295e-018,0.000104, 0.000000e+000,0.000104, 0.000000e+000,0.000104, 3.181864e-050,
0.000106, 1.445919e-017,0.000106, 0.000000e+000,0.000106, 0.000000e+000,0.000106, 4.251404e-049,
0.000108, 3.561423e-017,0.000108, 0.000000e+000,0.000108, 0.000000e+000,0.000108, 5.356100e-048,
0.000110, 8.591298e-017,0.000110, 0.000000e+000,0.000110, 0.000000e+000,0.000110, 6.371896e-047,
0.000113, 2.030835e-016,0.000113, 0.000000e+000,0.000113, 0.000000e+000,0.000113, 7.168231e-046,
0.000115, 4.706409e-016,0.000115, 0.000000e+000,0.000115, 0.000000e+000,0.000115, 7.636252e-045,
0.000118, 1.069834e-015,0.000118, 0.000000e+000,0.000118, 0.000000e+000,0.000118, 7.713610e-044,
0.000120, 2.386495e-015,0.000120, 0.000000e+000,0.000120, 0.000000e+000,0.000120, 7.397954e-043,
0.000123, 5.226640e-015,0.000123, 0.000000e+000,0.000123, 0.000000e+000,0.000123, 6.745176e-042,
0.000125, 1.124339e-014,0.000125, 0.000000e+000,0.000125, 0.000000e+000,0.000125, 5.853804e-041,
0.000128, 2.376695e-014,0.000128, 0.000000e+000,0.000128, 0.000000e+000,0.000128, 4.841353e-040,
0.000131, 4.938953e-014,0.000131, 0.000000e+000,0.000131, 0.000000e+000,0.000131, 3.820188e-039,
0.000133, 1.009393e-013,0.000133, 0.000000e+000,0.000133, 0.000000e+000,0.000133, 2.879280e-038,
0.000136, 2.029661e-013,0.000136, 0.000000e+000,0.000136, 0.000000e+000,0.000136, 2.075116e-037,
0.000139, 4.016920e-013,0.000139, 0.000000e+000,0.000139, 0.000000e+000,0.000139, 1.431610e-036,
0.000142, 7.827691e-013,0.000142, 0.000000e+000,0.000142, 0.000000e+000,0.000142, 9.464185e-036,
0.000145, 1.502466e-012,0.000145, 0.000000e+000,0.000145, 0.000000e+000,0.000145, 6.001469e-035,
0.000148, 2.841592e-012,0.000148, 0.000000e+000,0.000148, 0.000000e+000,0.000148, 3.654059e-034,
0.000151, 5.297316e-012,0.000151, 0.000000e+000,0.000151, 0.000000e+000,0.000151, 2.138225e-033,
0.000154, 9.737208e-012,0.000154, 0.000000e+000,0.000154, 0.000000e+000,0.000154, 1.203639e-032,
0.000158, 1.765389e-011,0.000158, 0.000000e+000,0.000158, 0.000000e+000,0.000158, 6.523761e-032,
0.000161, 3.158011e-011,0.000161, 0.000000e+000,0.000161, 0.000000e+000,0.000161, 3.407554e-031,
0.000164, 5.575572e-011,0.000164, 0.000000e+000,0.000164, 0.000000e+000,0.000164, 1.716737e-030,
0.000168, 9.718517e-011,0.000168, 0.000000e+000,0.000168, 0.000000e+000,0.000168, 8.349203e-030,
0.000171, 1.672916e-010,0.000171, 0.000000e+000,0.000171, 0.000000e+000,0.000171, 3.923020e-029,
0.000175, 2.844704e-010,0.000175, 0.000000e+000,0.000175, 0.000000e+000,0.000175, 1.782277e-028,
0.000179, 4.779813e-010,0.000179, 0.000000e+000,0.000179, 0.000000e+000,0.000179, 7.835110e-028,
0.000182, 7.938062e-010,0.000182, 0.000000e+000,0.000182, 0.000000e+000,0.000182, 3.335474e-027,
0.000186, 1.303358e-009,0.000186, 0.000000e+000,0.000186, 0.000000e+000,0.000186, 1.376041e-026,
0.000190, 2.116272e-009,0.000190, 0.000000e+000,0.000190, 0.000000e+000,0.000190, 5.505251e-026,
0.000194, 3.398974e-009,0.000194, 0.000000e+000,0.000194, 0.000000e+000,0.000194, 2.137459e-025,
0.000198, 5.401318e-009,0.000198, 0.000000e+000,0.000198, 0.000000e+000,0.000198, 8.059136e-025,
0.000202, 8.494385e-009,0.000202, 0.000000e+000,0.000202, 0.000000e+000,0.000202, 2.952818e-024,
0.000206, 1.322349e-008,0.000206, 0.000000e+000,0.000206, 0.000000e+000,0.000206, 1.052017e-023,
0.000211, 2.038177e-008,0.000211, 0.000000e+000,0.000211, 0.000000e+000,0.000211, 3.646870e-023,
0.000215, 3.111112e-008,0.000215, 0.000000e+000,0.000215, 0.000000e+000,0.000215, 1.230823e-022,
0.000219, 4.703944e-008,0.000219, 0.000000e+000,0.000219, 0.000000e+000,0.000219, 4.046771e-022,
0.000224, 7.046497e-008,0.000224, 0.000000e+000,0.000224, 0.000000e+000,0.000224, 1.296919e-021,
0.000229, 1.046017e-007,0.000229, 0.000000e+000,0.000229, 0.000000e+000,0.000229, 4.053736e-021,
0.000233, 1.539029e-007,0.000233, 0.000000e+000,0.000233, 0.000000e+000,0.000233, 1.236453e-020,
0.000238, 2.244823e-007,0.000238, 0.000000e+000,0.000238, 0.000000e+000,0.000238, 3.682262e-020,
0.000243, 3.246596e-007,0.000243, 0.000000e+000,0.000243, 0.000000e+000,0.000243, 1.071263e-019,
0.000248, 4.656578e-007,0.000248, 0.000000e+000,0.000248, 0.000000e+000,0.000248, 3.046110e-019,
0.000253, 6.624866e-007,0.000253, 0.000000e+000,0.000253, 0.000000e+000,0.000253, 8.469968e-019,
0.000258, 9.350535e-007,0.000258, 0.000000e+000,0.000258, 0.000000e+000,0.000258, 2.304189e-018,
0.000264, 1.309545e-006,0.000264, 0.000000e+000,0.000264, 0.000000e+000,0.000264, 6.135674e-018,
0.000269, 1.820133e-006,0.000269, 0.000000e+000,0.000269, 0.000000e+000,0.000269, 1.599992e-017,
0.000275, 2.511056e-006,0.000275, 0.000000e+000,0.000275, 0.000000e+000,0.000275, 4.087735e-017,
0.000280, 3.439144e-006,0.000280, 0.000000e+000,0.000280, 0.000000e+000,0.000280, 1.023648e-016,
0.000286, 4.676855e-006,0.000286, 0.000000e+000,0.000286, 0.000000e+000,0.000286, 2.513685e-016,
0.000292, 6.315882e-006,0.000292, 0.000000e+000,0.000292, 0.000000e+000,0.000292, 6.055464e-016,
0.000298, 8.471418e-006,0.000298, 0.000000e+000,0.000298, 0.000000e+000,0.000298, 1.431662e-015,
0.000304, 1.128715e-005,0.000304, 0.000000e+000,0.000304, 0.000000e+000,0.000304, 3.323277e-015,
0.000310, 1.494103e-005,0.000310, 0.000000e+000,0.000310, 0.000000e+000,0.000310, 7.576993e-015,
0.000317, 1.965197e-005,0.000317, 0.000000e+000,0.000317, 0.000000e+000,0.000317, 1.697460e-014,
0.000323, 2.568742e-005,0.000323, 0.000000e+000,0.000323, 0.000000e+000,0.000323, 3.737991e-014,
0.000330, 3.337197e-005,0.000330, 0.000000e+000,0.000330, 0.000000e+000,0.000330, 8.094187e-014,
0.000336, 4.309700e-005,0.000336, 0.000000e+000,0.000336, 0.000000e+000,0.000336, 1.724094e-013,
0.000343, 5.533139e-005,0.000343, 0.000000e+000,0.000343, 0.000000e+000,0.000343, 3.613717e-013,
0.000350, 7.063332e-005,0.000350, 0.000000e+000,0.000350, 0.000000e+000,0.000350, 7.455934e-013,
0.000358, 8.966319e-005,0.000358, 0.000000e+000,0.000358, 0.000000e+000,0.000358, 1.514784e-012,
0.000365, 1.131976e-004,0.000365, 0.000000e+000,0.000365, 4.305632e-316,0.000365, 3.031394e-012,
0.000372, 1.421441e-004,0.000372, 0.000000e+000,0.000372, 1.056086e-309,0.000372, 5.977459e-012,
0.000380, 1.775575e-004,0.000380, 0.000000e+000,0.000380, 1.917100e-303,0.000380, 1.161741e-011,
0.000388, 2.206560e-004,0.000388, 0.000000e+000,0.000388, 2.592322e-297,0.000388, 2.226146e-011,
0.000396, 2.728390e-004,0.000396, 0.000000e+000,0.000396, 2.627466e-291,0.000396, 4.207070e-011,
0.000404, 3.357045e-004,0.000404, 0.000000e+000,0.000404, 2.008319e-285,0.000404, 7.843581e-011,
0.000412, 4.110675e-004,0.000412, 0.000000e+000,0.000412, 1.164555e-279,0.000412, 1.443052e-010,
0.000420, 5.009777e-004,0.000420, 0.000000e+000,0.000420, 5.152820e-274,0.000420, 2.620620e-010,
0.000429, 6.077376e-004,0.000429, 0.000000e+000,0.000429, 1.749675e-268,0.000429, 4.698932e-010,
0.000438, 7.339194e-004,0.000438, 0.000000e+000,0.000438, 4.584711e-263,0.000438, 8.321151e-010,
0.000446, 8.823817e-004,0.000446, 0.000000e+000,0.000446, 9.321137e-258,0.000446, 1.455695e-009,
0.000456, 1.056284e-003,0.000456, 0.000000e+000,0.000456, 1.478212e-252,0.000456, 2.516349e-009,
0.000465, 1.259101e-003,0.000465, 0.000000e+000,0.000465, 1.838112e-247,0.000465, 4.299258e-009,
0.000474, 1.494632e-003,0.000474, 0.000000e+000,0.000474, 1.801284e-242,0.000474, 7.261801e-009,
0.000484, 1.767014e-003,0.000484, 0.000000e+000,0.000484, 1.398058e-237,0.000484, 1.212906e-008,
0.000494, 2.080723e-003,0.000494, 0.000000e+000,0.000494, 8.635990e-233,0.000494, 2.003749e-008,
0.000504, 2.440581e-003,0.000504, 0.000000e+000,0.000504, 4.265864e-228,0.000504, 3.274856e-008,
0.000514, 2.851755e-003,0.000514, 0.000000e+000,0.000514, 1.692891e-223,0.000514, 5.296279e-008,
0.000524, 3.319751e-003,0.000524, 0.000000e+000,0.000524, 5.421914e-219,0.000524, 8.477624e-008,
0.000535, 3.850410e-003,0.000535, 0.000000e+000,0.000535, 1.407699e-214,0.000535, 1.343368e-007,
0.000546, 4.449895e-003,0.000546, 0.000000e+000,0.000546, 2.975705e-210,0.000546, 2.107774e-007,
0.000557, 5.124670e-003,0.000557, 0.000000e+000,0.000557, 5.143294e-206,0.000557, 3.275295e-007,
0.000568, 5.881487e-003,0.000568, 0.000000e+000,0.000568, 7.299150e-202,0.000568, 5.041513e-007,
0.000580, 6.727356e-003,0.000580, 0.000000e+000,0.000580, 8.539881e-198,0.000580, 7.688481e-007,
0.000592, 7.669514e-003,0.000592, 0.000000e+000,0.000592, 8.270097e-194,0.000592, 1.161910e-006,
0.000604, 8.715396e-003,0.000604, 0.000000e+000,0.000604, 6.654906e-190,0.000604, 1.740357e-006,
0.000616, 9.872592e-003,0.000616, 0.000000e+000,0.000616, 4.466863e-186,0.000616, 2.584149e-006,
0.000628, 1.114881e-002,0.000628, 0.000000e+000,0.000628, 2.510232e-182,0.000628, 3.804416e-006,
0.000641, 1.255182e-002,0.000641, 0.000000e+000,0.000641, 1.185391e-178,0.000641, 5.554259e-006,
0.000654, 1.408941e-002,0.000654, 0.000000e+000,0.000654, 4.720615e-175,0.000654, 8.042784e-006,
0.000667, 1.576935e-002,0.000667, 0.000000e+000,0.000667, 1.590902e-171,0.000667, 1.155319e-005,
0.000681, 1.759930e-002,0.000681, 0.000000e+000,0.000681, 4.552845e-168,0.000681, 1.646585e-005,
0.000694, 1.958680e-002,0.000694, 0.000000e+000,0.000694, 1.110124e-164,0.000694, 2.328752e-005,
0.000708, 2.173917e-002,0.000708, 0.000000e+000,0.000708, 2.313839e-161,0.000708, 3.268791e-005,
0.000723, 2.406347e-002,0.000723, 0.000000e+000,0.000723, 4.135815e-158,0.000723, 4.554526e-005,
0.000737, 2.656644e-002,0.000737, 0.000000e+000,0.000737, 6.359450e-155,0.000737, 6.300236e-005,
0.000752, 2.925445e-002,0.000752, 0.000000e+000,0.000752, 8.438070e-152,0.000752, 8.653509e-005,
0.000767, 3.213343e-002,0.000767, 0.000000e+000,0.000767, 9.690329e-149,0.000767, 1.180354e-004,
0.000783, 3.520883e-002,0.000783, 0.000000e+000,0.000783, 9.660168e-146,0.000783, 1.599110e-004,
0.000799, 3.848555e-002,0.000799, 0.000000e+000,0.000799, 8.383658e-143,0.000799, 2.152042e-004,
0.000815, 4.196790e-002,0.000815, 0.000000e+000,0.000815, 6.352002e-140,0.000815, 2.877321e-004,
0.000831, 4.565956e-002,0.000831, 0.000000e+000,0.000831, 4.213235e-137,0.000831, 3.822511e-004,
0.000848, 4.956354e-002,0.000848, 0.000000e+000,0.000848, 2.453145e-134,0.000848, 5.046479e-004,
0.000865, 5.368216e-002,0.000865, 0.000000e+000,0.000865, 1.257138e-131,0.000865, 6.621598e-004,
0.000883, 5.801697e-002,0.000883, 0.000000e+000,0.000883, 5.684868e-129,0.000883, 8.636261e-004,
0.000901, 6.256882e-002,0.000901, 0.000000e+000,0.000901, 2.274248e-126,0.000901, 1.119774e-003,
0.000919, 6.733774e-002,0.000919, 0.000000e+000,0.000919, 8.068897e-124,0.000919, 1.443539e-003,
0.000937, 7.232301e-002,0.000937, 0.000000e+000,0.000937, 2.545106e-121,0.000937, 1.850424e-003,
0.000956, 7.752316e-002,0.000956, 0.000000e+000,0.000956, 7.153971e-119,0.000956, 2.358890e-003,
0.000975, 8.293592e-002,0.000975, 0.000000e+000,0.000975, 1.796185e-116,0.000975, 2.990798e-003,
0.000995, 8.855830e-002,0.000995, 0.000000e+000,0.000995, 4.037467e-114,0.000995, 3.771871e-003,
0.001015, 9.438660e-002,0.001015, 0.000000e+000,0.001015, 8.143147e-112,0.001015, 4.732205e-003,
0.001036, 1.004164e-001,0.001036, 0.000000e+000,0.001036, 1.476902e-109,0.001036, 5.906813e-003,
0.001056, 1.066427e-001,0.001056, 0.000000e+000,0.001056, 2.413894e-107,0.001056, 7.336186e-003,
0.001078, 1.130599e-001,0.001078, 0.000000e+000,0.001078, 3.562902e-105,0.001078, 9.066901e-003,
0.001099, 1.196618e-001,0.001099, 0.000000e+000,0.001099, 4.758845e-103,0.001099, 1.115223e-002,
0.001122, 1.264419e-001,0.001122, 0.000000e+000,0.001122, 5.763490e-101,0.001122, 1.365277e-002,
0.001144, 1.333932e-001,0.001144, 0.000000e+000,0.001144, 6.341798e-099,0.001144, 1.663710e-002,
0.001167, 1.405084e-001,0.001167, 0.000000e+000,0.001167, 6.352149e-097,0.001167, 2.018237e-002,
0.001191, 1.477800e-001,0.001191, 0.000000e+000,0.001191, 5.802723e-095,0.001191, 2.437496e-002,
0.001215, 1.552005e-001,0.001215, 0.000000e+000,0.001215, 4.843398e-093,0.001215, 2.931108e-002,
0.001239, 1.627622e-001,0.001239, 0.000000e+000,0.001239, 3.700528e-091,0.001239, 3.509728e-002,
0.001264, 1.704577e-001,0.001264, 0.000000e+000,0.001264, 2.592650e-089,0.001264, 4.185103e-002,
0.001289, 1.782796e-001,0.001289, 0.000000e+000,0.001289, 1.668579e-087,0.001289, 4.970111e-002,
0.001315, 1.862209e-001,0.001315, 0.000000e+000,0.001315, 9.881263e-086,0.001315, 5.878802e-002,
0.001342, 1.942750e-001,0.001342, 0.000000e+000,0.001342, 5.393443e-084,0.001342, 6.926428e-002,
0.001369, 2.024359e-001,0.001369, 0.000000e+000,0.001369, 2.717802e-082,0.001369, 8.129460e-002,
0.001396, 2.106981e-001,0.001396, 0.000000e+000,0.001396, 1.266378e-080,0.001396, 9.505597e-002,
0.001424, 2.190569e-001,0.001424, 0.000000e+000,0.001424, 5.464923e-079,0.001424, 1.107376e-001,
0.001453, 2.275085e-001,0.001453, 0.000000e+000,0.001453, 2.187497e-077,0.001453, 1.285408e-001,
0.001482, 2.360500e-001,0.001482, 0.000000e+000,0.001482, 8.134061e-076,0.001482, 1.486786e-001,
0.001512, 2.446796e-001,0.001512, 0.000000e+000,0.001512, 2.813872e-074,0.001512, 1.713753e-001,
0.001543, 2.533964e-001,0.001543, 0.000000e+000,0.001543, 9.069135e-073,0.001543, 1.968660e-001,
0.001574, 2.622009e-001,0.001574, 0.000000e+000,0.001574, 2.727134e-071,0.001574, 2.253954e-001,
0.001605, 2.710949e-001,0.001605, 0.000000e+000,0.001605, 7.661754e-070,0.001605, 2.572175e-001,
0.001637, 2.800815e-001,0.001637, 0.000000e+000,0.001637, 2.013822e-068,0.001637, 2.925940e-001,
0.001670, 2.891650e-001,0.001670, 0.000000e+000,0.001670, 4.958643e-067,0.001670, 3.317931e-001,
0.001704, 2.983512e-001,0.001704, 0.000000e+000,0.001704, 1.145301e-065,0.001704, 3.750884e-001,
0.001738, 3.076476e-001,0.001738, 0.000000e+000,0.001738, 2.484541e-064,0.001738, 4.227572e-001,
0.001773, 3.170627e-001,0.001773, 0.000000e+000,0.001773, 5.068571e-063,0.001773, 4.750787e-001,
0.001809, 3.266067e-001,0.001809, 0.000000e+000,0.001809, 9.735769e-062,0.001809, 5.323323e-001,
0.001845, 3.362911e-001,0.001845, 0.000000e+000,0.001845, 1.762876e-060,0.001845, 5.947957e-001,
0.001882, 3.461290e-001,0.001882, 0.000000e+000,0.001882, 3.012668e-059,0.001882, 6.627432e-001,
0.001920, 3.561345e-001,0.001920, 0.000000e+000,0.001920, 4.864733e-058,0.001920, 7.364430e-001,
0.001958, 3.663233e-001,0.001958, 0.000000e+000,0.001958, 7.430804e-057,0.001958, 8.161556e-001,
0.001998, 3.767121e-001,0.001998, 0.000000e+000,0.001998, 1.074885e-055,0.001998, 9.021317e-001,
0.002038, 3.873188e-001,0.002038, 0.000000e+000,0.002038, 1.474038e-054,0.002038, 9.946096e-001,
0.002079, 3.981622e-001,0.002079, 0.000000e+000,0.002079, 1.918390e-053,0.002079, 1.093813e+000,
0.002120, 4.092621e-001,0.002120, 0.000000e+000,0.002120, 2.371913e-052,0.002120, 1.199951e+000,
0.002163, 4.206390e-001,0.002163, 0.000000e+000,0.002163, 2.788929e-051,0.002163, 1.313212e+000,
0.002206, 4.323142e-001,0.002206, 0.000000e+000,0.002206, 3.121667e-050,0.002206, 1.433765e+000,
0.002251, 4.443094e-001,0.002251, 0.000000e+000,0.002251, 3.329444e-049,0.002251, 1.561756e+000,
0.002296, 4.566464e-001,0.002296, 0.000000e+000,0.002296, 3.386953e-048,0.002296, 1.697308e+000,
0.002342, 4.693477e-001,0.002342, 0.000000e+000,0.002342, 3.289331e-047,0.002342, 1.840518e+000,
0.002389, 4.824354e-001,0.002389, 0.000000e+000,0.002389, 3.052578e-046,0.002389, 1.991456e+000,
0.002437, 4.959316e-001,0.002437, 0.000000e+000,0.002437, 2.709435e-045,0.002437, 2.150162e+000,
0.002486, 5.098582e-001,0.002486, 0.000000e+000,0.002486, 2.302119e-044,0.002486, 2.316649e+000,
0.002536, 5.242364e-001,0.002536, 0.000000e+000,0.002536, 1.874089e-043,0.002536, 2.490897e+000,
0.002586, 5.390870e-001,0.002586, 0.000000e+000,0.002586, 1.462968e-042,0.002586, 2.672856e+000,
0.002638, 5.544300e-001,0.002638, 0.000000e+000,0.002638, 1.096032e-041,0.002638, 2.862444e+000,
0.002691, 5.702842e-001,0.002691, 0.000000e+000,0.002691, 7.886957e-041,0.002691, 3.059547e+000,
0.002745, 5.866676e-001,0.002745, 0.000000e+000,0.002745, 5.455577e-040,0.002745, 3.264019e+000,
0.002800, 6.035967e-001,0.002800, 0.000000e+000,0.002800, 3.630422e-039,0.002800, 3.475680e+000,
0.002857, 6.210868e-001,0.002857, 0.000000e+000,0.002857, 2.325905e-038,0.002857, 3.694322e+000,
0.002914, 6.391516e-001,0.002914, 0.000000e+000,0.002914, 1.435727e-037,0.002914, 3.919702e+000,
0.002972, 6.578032e-001,0.002972, 0.000000e+000,0.002972, 8.545095e-037,0.002972, 4.151549e+000,
0.003032, 6.770520e-001,0.003032, 0.000000e+000,0.003032, 4.907280e-036,0.003032, 4.389563e+000,
0.003093, 6.969063e-001,0.003093, 0.000000e+000,0.003093, 2.721141e-035,0.003093, 4.633413e+000,
0.003155, 7.173729e-001,0.003155, 0.000000e+000,0.003155, 1.457971e-034,0.003155, 4.882743e+000,
0.003218, 7.384563e-001,0.003218, 0.000000e+000,0.003218, 7.553174e-034,0.003218, 5.137172e+000,
0.003282, 7.601590e-001,0.003282, 0.000000e+000,0.003282, 3.786014e-033,0.003282, 5.396293e+000,
0.003348, 7.824816e-001,0.003348, 0.000000e+000,0.003348, 1.837345e-032,0.003348, 5.659680e+000,
0.003415, 8.054224e-001,0.003415, 0.000000e+000,0.003415, 8.638390e-032,0.003415, 5.926885e+000,
0.003484, 8.289774e-001,0.003484, 0.000000e+000,0.003484, 3.937140e-031,0.003484, 6.197442e+000,
0.003554, 8.531408e-001,0.003554, 0.000000e+000,0.003554, 1.740611e-030,0.003554, 6.470868e+000,
0.003625, 8.779044e-001,0.003625, 0.000000e+000,0.003625, 7.468911e-030,0.003625, 6.746669e+000,
0.003697, 9.032579e-001,0.003697, 0.000000e+000,0.003697, 3.112459e-029,0.003697, 7.024337e+000,
0.003772, 9.291890e-001,0.003772, 0.000000e+000,0.003772, 1.260353e-028,0.003772, 7.303355e+000,
0.003847, 9.556830e-001,0.003847, 0.000000e+000,0.003847, 4.962139e-028,0.003847, 7.583200e+000,
0.003924, 9.827236e-001,0.003924, 0.000000e+000,0.003924, 1.900533e-027,0.003924, 7.863342e+000,
0.004003, 1.010292e+000,0.004003, 0.000000e+000,0.004003, 7.085139e-027,0.004003, 8.143250e+000,
0.004083, 1.038368e+000,0.004083, 0.000000e+000,0.004083, 2.572287e-026,0.004083, 8.422392e+000,
0.004165, 1.066930e+000,0.004165, 0.000000e+000,0.004165, 9.099464e-026,0.004165, 8.700239e+000,
0.004248, 1.095953e+000,0.004248, 0.000000e+000,0.004248, 3.138053e-025,0.004248, 8.976265e+000,
0.004333, 1.125412e+000,0.004333, 0.000000e+000,0.004333, 1.055531e-024,0.004333, 9.249949e+000,
0.004420, 1.155279e+000,0.004420, 0.000000e+000,0.004420, 3.464672e-024,0.004420, 9.520780e+000,
0.004509, 1.185525e+000,0.004509, 0.000000e+000,0.004509, 1.110307e-023,0.004509, 9.788256e+000,
0.004599, 1.216121e+000,0.004599, 0.000000e+000,0.004599, 3.475517e-023,0.004599, 1.005189e+001,
0.004691, 1.247035e+000,0.004691, 0.000000e+000,0.004691, 1.063146e-022,0.004691, 1.031119e+001,
0.004785, 1.278234e+000,0.004785, 0.000000e+000,0.004785, 3.179511e-022,0.004785, 1.056572e+001,
0.004881, 1.309685e+000,0.004881, 0.000000e+000,0.004881, 9.300701e-022,0.004881, 1.081501e+001,
0.004979, 1.341352e+000,0.004979, 0.000000e+000,0.004979, 2.662248e-021,0.004979, 1.105865e+001,
0.005079, 1.373200e+000,0.005079, 0.000000e+000,0.005079, 7.460101e-021,0.005079, 1.129622e+001,
0.005180, 1.405193e+000,0.005180, 0.000000e+000,0.005180, 2.047323e-020,0.005180, 1.152733e+001,
0.005284, 1.437294e+000,0.005284, 0.000000e+000,0.005284, 5.504936e-020,0.005284, 1.175162e+001,
0.005390, 1.469464e+000,0.005390, 0.000000e+000,0.005390, 1.450833e-019,0.005390, 1.196875e+001,
0.005498, 1.501667e+000,0.005498, 0.000000e+000,0.005498, 3.749326e-019,0.005498, 1.217838e+001,
0.005608, 1.533864e+000,0.005608, 0.000000e+000,0.005608, 9.504472e-019,0.005608, 1.238022e+001,
0.005720, 1.566017e+000,0.005720, 0.000000e+000,0.005720, 2.364322e-018,0.005720, 1.257400e+001,
0.005835, 1.598086e+000,0.005835, 0.000000e+000,0.005835, 5.773651e-018,0.005835, 1.275946e+001,
0.005952, 1.630034e+000,0.005952, 0.000000e+000,0.005952, 1.384580e-017,0.005952, 1.293636e+001,
0.006071, 1.661821e+000,0.006071, 0.000000e+000,0.006071, 3.261856e-017,0.006071, 1.310452e+001,
0.006193, 1.693410e+000,0.006193, 0.000000e+000,0.006193, 7.551661e-017,0.006193, 1.326375e+001,
0.006317, 1.724762e+000,0.006317, 0.000000e+000,0.006317, 1.718702e-016,0.006317, 1.341389e+001,
0.006443, 1.755840e+000,0.006443, 0.000000e+000,0.006443, 3.846670e-016,0.006443, 1.355481e+001,
0.006572, 1.786607e+000,0.006572, 0.000000e+000,0.006572, 8.469137e-016,0.006572, 1.368641e+001,
0.006704, 1.817027e+000,0.006704, 0.000000e+000,0.006704, 1.834863e-015,0.006704, 1.380860e+001,
0.006838, 1.847063e+000,0.006838, 0.000000e+000,0.006838, 3.913055e-015,0.006838, 1.392132e+001,
0.006975, 1.876680e+000,0.006975, 0.000000e+000,0.006975, 8.216959e-015,0.006975, 1.402452e+001,
0.007114, 1.905845e+000,0.007114, 0.000000e+000,0.007114, 1.699501e-014,0.007114, 1.411820e+001,
0.007257, 1.934523e+000,0.007257, 0.000000e+000,0.007257, 3.463192e-014,0.007257, 1.420235e+001,
0.007402, 1.962682e+000,0.007402, 0.000000e+000,0.007402, 6.955104e-014,0.007402, 1.427700e+001,
0.007550, 1.990290e+000,0.007550, 0.000000e+000,0.007550, 1.376979e-013,0.007550, 1.434219e+001,
0.007702, 2.017318e+000,0.007702, 0.000000e+000,0.007702, 2.688249e-013,0.007702, 1.439798e+001,
0.007856, 2.043735e+000,0.007856, 0.000000e+000,0.007856, 5.176665e-013,0.007856, 1.444446e+001,
0.008013, 2.069513e+000,0.008013, 0.000000e+000,0.008013, 9.835272e-013,0.008013, 1.448171e+001,
0.008173, 2.094626e+000,0.008173, 0.000000e+000,0.008173, 1.844138e-012,0.008173, 1.450986e+001,
0.008337, 2.119048e+000,0.008337, 0.000000e+000,0.008337, 3.413375e-012,0.008337, 1.452903e+001,
0.008504, 2.142753e+000,0.008504, 0.000000e+000,0.008504, 6.238334e-012,0.008504, 1.453936e+001,
0.008674, 2.165720e+000,0.008674, 0.000000e+000,0.008674, 1.126045e-011,0.008674, 1.454100e+001,
0.008848, 2.187926e+000,0.008848, 0.000000e+000,0.008848, 2.007943e-011,0.008848, 1.453413e+001,
0.009025, 2.209350e+000,0.009025, 0.000000e+000,0.009025, 3.538015e-011,0.009025, 1.451893e+001,
0.009206, 2.229974e+000,0.009206, 0.000000e+000,0.009206, 6.161447e-011,0.009206, 1.449558e+001,
0.009390, 2.249779e+000,0.009390, 0.000000e+000,0.009390, 1.060769e-010,0.009390, 1.446428e+001,
0.009578, 2.268749e+000,0.009578, 0.000000e+000,0.009578, 1.805808e-010,0.009578, 1.442525e+001,
0.009769, 2.286870e+000,0.009769, 0.000000e+000,0.009769, 3.040404e-010,0.009769, 1.437869e+001,
0.009965, 2.304126e+000,0.009965, 0.000000e+000,0.009965, 5.064008e-010,0.009965, 1.432484e+001,
0.010164, 2.320507e+000,0.010164, 0.000000e+000,0.010164, 8.345514e-010,0.010164, 1.426392e+001,
0.010368, 2.336001e+000,0.010368, 0.000000e+000,0.010368, 1.361125e-009,0.010368, 1.419616e+001,
0.010575, 2.350599e+000,0.010575, 0.000000e+000,0.010575, 2.197444e-009,0.010575, 1.412180e+001,
0.010787, 2.364291e+000,0.010787, 0.000000e+000,0.010787, 3.512365e-009,0.010787, 1.404109e+001,
0.011003, 2.377073e+000,0.011003, 0.000000e+000,0.011003, 5.559410e-009,0.011003, 1.395428e+001,
0.011223, 2.388937e+000,0.011223, 0.000000e+000,0.011223, 8.715426e-009,0.011223, 1.386160e+001,
0.011448, 2.399880e+000,0.011448, 0.000000e+000,0.011448, 1.353510e-008,0.011448, 1.376331e+001,
0.011677, 2.409898e+000,0.011677, 0.000000e+000,0.011677, 2.082704e-008,0.011677, 1.365965e+001,
0.011911, 2.418991e+000,0.011911, 0.000000e+000,0.011911, 3.175890e-008,0.011911, 1.355089e+001,
0.012149, 2.427156e+000,0.012149, 0.000000e+000,0.012149, 4.800126e-008,0.012149, 1.343726e+001,
0.012392, 2.434396e+000,0.012392, 0.000000e+000,0.012392, 7.192250e-008,0.012392, 1.331901e+001,
0.012640, 2.440711e+000,0.012640, 0.000000e+000,0.012640, 1.068504e-007,0.012640, 1.319640e+001,
0.012893, 2.446106e+000,0.012893, 0.000000e+000,0.012893, 1.574197e-007,0.012893, 1.306967e+001,
0.013151, 2.450583e+000,0.013151, 0.000000e+000,0.013151, 2.300304e-007,0.013151, 1.293907e+001,
0.013414, 2.454148e+000,0.013414, 0.000000e+000,0.013414, 3.334452e-007,0.013414, 1.280482e+001,
0.013683, 2.456807e+000,0.013683, 0.000000e+000,0.013683, 4.795626e-007,0.013683, 1.266717e+001,
0.013956, 2.458568e+000,0.013956, 0.000000e+000,0.013956, 6.844078e-007,0.013956, 1.252636e+001,
0.014236, 2.459439e+000,0.014236, 0.000000e+000,0.014236, 9.693914e-007,0.014236, 1.238261e+001,
0.014521, 2.459428e+000,0.014521, 0.000000e+000,0.014521, 1.362895e-006,0.014521, 1.223614e+001,
0.014811, 2.458546e+000,0.014811, 0.000000e+000,0.014811, 1.902254e-006,0.014811, 1.208718e+001,
0.015108, 2.456804e+000,0.015108, 0.000000e+000,0.015108, 2.636202e-006,0.015108, 1.193595e+001,
0.015410, 2.454213e+000,0.015410, 0.000000e+000,0.015410, 3.627892e-006,0.015410, 1.178264e+001,
0.015718, 2.450787e+000,0.015718, 1.130373e-319,0.015718, 4.958554e-006,0.015718, 1.162748e+001,
0.016033, 2.446538e+000,0.016033, 2.310595e-313,0.016033, 6.731921e-006,0.016033, 1.147066e+001,
0.016354, 2.441481e+000,0.016354, 3.556388e-307,0.016354, 9.079536e-006,0.016354, 1.125202e+001,
0.016681, 2.435629e+000,0.016681, 4.136271e-301,0.016681, 1.216705e-005,0.016681, 1.098436e+001,
0.017015, 2.429000e+000,0.017015, 3.655221e-295,0.017015, 1.620163e-005,0.017015, 1.077749e+001,
0.017355, 2.421609e+000,0.017355, 2.467553e-289,0.017355, 2.144065e-005,0.017355, 1.063017e+001,
0.017702, 2.413471e+000,0.017702, 1.279277e-283,0.017702, 2.820176e-005,0.017702, 1.048158e+001,
0.018056, 2.404606e+000,0.018056, 5.119885e-278,0.018056, 3.687440e-005,0.018056, 1.033191e+001,
0.018418, 2.395030e+000,0.018418, 1.589868e-272,0.018418, 4.793309e-005,0.018418, 1.018131e+001,
0.018786, 2.384761e+000,0.018786, 3.849738e-267,0.018786, 6.195226e-005,0.018786, 1.002994e+001,
0.019162, 2.373818e+000,0.019162, 7.304533e-262,0.019162, 7.962313e-005,0.019162, 9.877974e+000,
0.019546, 2.362221e+000,0.019546, 1.091251e-256,0.019546, 1.017723e-004,0.019546, 9.725553e+000,
0.019937, 2.349988e+000,0.019937, 1.289637e-251,0.019937, 1.293823e-004,0.019937, 9.572824e+000,
0.020335, 2.337139e+000,0.020335, 1.211209e-246,0.020335, 1.636144e-004,0.020335, 9.419929e+000,
0.020742, 2.323693e+000,0.020742, 9.081121e-242,0.020742, 2.058328e-004,0.020742, 9.267001e+000,
0.021157, 2.309673e+000,0.021157, 5.459460e-237,0.021157, 2.576310e-004,0.021157, 9.114171e+000,
0.021581, 2.295096e+000,0.021581, 2.643219e-232,0.021581, 3.208601e-004,0.021581, 8.961562e+000,
0.022012, 2.279985e+000,0.022012, 1.034989e-227,0.022012, 3.976581e-004,0.022012, 8.809291e+000,
0.022453, 2.264360e+000,0.022453, 3.291306e-223,0.022453, 4.904810e-004,0.022453, 8.657474e+000,
0.022902, 2.248241e+000,0.022902, 8.535015e-219,0.022902, 6.021345e-004,0.022902, 8.506215e+000,
0.023360, 2.231650e+000,0.023360, 1.812106e-214,0.023360, 7.358073e-004,0.023360, 8.355619e+000,
0.023828, 2.214607e+000,0.023828, 3.162363e-210,0.023828, 8.951031e-004,0.023828, 8.205783e+000,
0.024304, 2.197134e+000,0.024304, 4.553656e-206,0.024304, 1.084074e-003,0.024304, 8.056798e+000,
0.024790, 2.179250e+000,0.024790, 5.430852e-202,0.024790, 1.307253e-003,0.024790, 7.908751e+000,
0.025286, 2.160977e+000,0.025286, 5.384455e-198,0.025286, 1.569683e-003,0.025286, 7.761726e+000,
0.025792, 2.142336e+000,0.025792, 4.454067e-194,0.025792, 1.876948e-003,0.025792, 7.612989e+000,
0.026308, 2.123347e+000,0.026308, 3.085013e-190,0.026308, 2.235199e-003,0.026308, 7.460449e+000,
0.026835, 2.104030e+000,0.026835, 1.795380e-186,0.026835, 2.651176e-003,0.026835, 7.309607e+000,
0.027372, 2.084406e+000,0.027372, 8.809253e-183,0.027372, 3.132229e-003,0.027372, 7.165992e+000,
0.027919, 2.064494e+000,0.027919, 3.656451e-179,0.027919, 3.686333e-003,0.027919, 7.032944e+000,
0.028478, 2.044314e+000,0.028478, 1.288086e-175,0.028478, 4.322098e-003,0.028478, 6.900882e+000,
0.029047, 2.023887e+000,0.029047, 3.863604e-172,0.029047, 5.048773e-003,0.029047, 6.769872e+000,
0.029628, 2.003230e+000,0.029628, 9.898602e-169,0.029628, 5.876246e-003,0.029628, 6.639976e+000,
0.030221, 1.982362e+000,0.030221, 2.172864e-165,0.030221, 6.815029e-003,0.030221, 6.511252e+000,
0.030826, 1.961303e+000,0.030826, 4.099075e-162,0.030826, 7.876252e-003,0.030826, 6.383756e+000,
0.031442, 1.940071e+000,0.031442, 6.665391e-159,0.031442, 9.071629e-003,0.031442, 6.257537e+000,
0.032071, 1.918683e+000,0.032071, 9.369534e-156,0.032071, 1.041343e-002,0.032071, 6.132642e+000,
0.032713, 1.897156e+000,0.032713, 1.141837e-152,0.032713, 1.191446e-002,0.032713, 6.009115e+000,
0.033367, 1.875508e+000,0.033367, 1.209766e-149,0.033367, 1.358796e-002,0.033367, 5.886995e+000,
0.034035, 1.853756e+000,0.034035, 1.117384e-146,0.034035, 1.544761e-002,0.034035, 5.766319e+000,
0.034716, 1.831915e+000,0.034716, 9.021460e-144,0.034716, 1.750742e-002,0.034716, 5.647121e+000,
0.035410, 1.810002e+000,0.035410, 6.383685e-141,0.035410, 1.978171e-002,0.035410, 5.537795e+000,
0.036119, 1.788031e+000,0.036119, 3.969266e-138,0.036119, 2.228495e-002,0.036119, 5.430023e+000,
0.036841, 1.766018e+000,0.036841, 2.174179e-135,0.036841, 2.503176e-002,0.036841, 5.323298e+000,
0.037578, 1.743978e+000,0.037578, 1.051736e-132,0.037578, 2.803674e-002,0.037578, 5.217662e+000,
0.038330, 1.721923e+000,0.038330, 4.504062e-130,0.038330, 3.131445e-002,0.038330, 5.118060e+000,
0.039097, 1.699868e+000,0.039097, 1.711693e-127,0.039097, 3.487924e-002,0.039097, 5.020384e+000,
0.039879, 1.677826e+000,0.039879, 5.786148e-125,0.039879, 3.874518e-002,0.039879, 4.923565e+000,
0.040676, 1.655809e+000,0.040676, 1.743786e-122,0.040676, 4.292592e-002,0.040676, 4.827644e+000,
0.041490, 1.633830e+000,0.041490, 4.695862e-120,0.041490, 4.743463e-002,0.041490, 4.732660e+000,
0.042320, 1.611900e+000,0.042320, 1.132440e-117,0.042320, 5.228384e-002,0.042320, 4.638650e+000,
0.043167, 1.590030e+000,0.043167, 2.450941e-115,0.043167, 5.748533e-002,0.043167, 4.545648e+000,
0.044030, 1.568231e+000,0.044030, 4.770790e-113,0.044030, 6.305006e-002,0.044030, 4.453685e+000,
0.044911, 1.546513e+000,0.044911, 8.369342e-111,0.044911, 6.898802e-002,0.044911, 4.362789e+000,
0.045809, 1.524886e+000,0.045809, 1.325934e-108,0.045809, 7.530816e-002,0.045809, 4.274686e+000,
0.046725, 1.503359e+000,0.046725, 1.900863e-106,0.046725, 8.201825e-002,0.046725, 4.184303e+000,
0.047660, 1.481942e+000,0.047660, 2.470753e-104,0.047660, 8.912483e-002,0.047660, 4.096757e+000,
0.048614, 1.460642e+000,0.048614, 2.917376e-102,0.048614, 9.663310e-002,0.048614, 4.010370e+000,
0.049586, 1.439467e+000,0.049586, 3.135153e-100,0.049586, 1.045468e-001,0.049586, 3.925158e+000,
0.050578, 1.418426e+000,0.050578, 3.072065e-098,0.050578, 1.128684e-001,0.050578, 3.848044e+000,
0.051590, 1.397524e+000,0.051590, 2.749756e-096,0.051590, 1.215985e-001,0.051590, 3.780821e+000,
0.052621, 1.376769e+000,0.052621, 2.252274e-094,0.052621, 1.307363e-001,0.052621, 3.713893e+000,
0.053674, 1.356167e+000,0.053674, 1.691093e-092,0.053674, 1.402793e-001,0.053674, 3.647302e+000,
0.054748, 1.335724e+000,0.054748, 1.165935e-090,0.054748, 1.502235e-001,0.054748, 3.581090e+000,
0.055843, 1.315445e+000,0.055843, 7.393814e-089,0.055843, 1.605631e-001,0.055843, 3.515294e+000,
0.056960, 1.295335e+000,0.056960, 4.319786e-087,0.056960, 1.712905e-001,0.056960, 3.449952e+000,
0.058099, 1.275399e+000,0.058099, 2.328916e-085,0.058099, 1.823966e-001,0.058099, 3.385098e+000,
0.059261, 1.255641e+000,0.059261, 1.160455e-083,0.059261, 1.938705e-001,0.059261, 3.320765e+000,
0.060447, 1.236066e+000,0.060447, 5.352499e-082,0.060447, 2.056999e-001,0.060447, 3.256982e+000,
0.061656, 1.216676e+000,0.061656, 2.288743e-080,0.061656, 2.178707e-001,0.061656, 3.193778e+000,
0.062889, 1.197475e+000,0.062889, 9.086459e-079,0.062889, 2.303671e-001,0.062889, 3.131180e+000,
0.064147, 1.178467e+000,0.064147, 3.354146e-077,0.064147, 2.431723e-001,0.064147, 3.069212e+000,
0.065430, 1.159653e+000,0.065430, 1.152867e-075,0.065430, 2.562675e-001,0.065430, 3.008567e+000,
0.066739, 1.141036e+000,0.066739, 3.694827e-074,0.066739, 2.696331e-001,0.066739, 2.948773e+000,
0.068074, 1.122618e+000,0.068074, 1.105663e-072,0.068074, 2.832478e-001,0.068074, 2.889621e+000,
0.069435, 1.104402e+000,0.069435, 3.093495e-071,0.069435, 2.970893e-001,0.069435, 2.831132e+000,
0.070824, 1.086388e+000,0.070824, 8.103021e-070,0.070824, 3.111344e-001,0.070824, 2.773323e+000,
0.072241, 1.068578e+000,0.072241, 1.989651e-068,0.072241, 3.253586e-001,0.072241, 2.716212e+000,
0.073686, 1.050974e+000,0.073686, 4.585533e-067,0.073686, 3.397368e-001,0.073686, 2.659812e+000,
0.075160, 1.033576e+000,0.075160, 9.931745e-066,0.075160, 3.542430e-001,0.075160, 2.604137e+000,
0.076663, 1.016385e+000,0.076663, 2.024013e-064,0.076663, 3.688507e-001,0.076663, 2.549201e+000,
0.078196, 9.994014e-001,0.078196, 3.885720e-063,0.078196, 3.835329e-001,0.078196, 2.501037e+000,
0.079761, 9.826260e-001,0.079761, 7.035730e-062,0.079761, 3.982620e-001,0.079761, 2.457008e+000,
0.081356, 9.660591e-001,0.081356, 1.202887e-060,0.081356, 4.130103e-001,0.081356, 2.413188e+000,
0.082983, 9.497007e-001,0.082983, 1.944048e-059,0.082983, 4.277499e-001,0.082983, 2.369605e+000,
0.084643, 9.335508e-001,0.084643, 2.973277e-058,0.084643, 4.424530e-001,0.084643, 2.326286e+000,
0.086336, 9.176094e-001,0.086336, 4.308038e-057,0.086336, 4.570915e-001,0.086336, 2.283254e+000,
0.088063, 9.018762e-001,0.088063, 5.919706e-056,0.088063, 4.716379e-001,0.088063, 2.240534e+000,
0.089824, 8.863511e-001,0.089824, 7.722337e-055,0.089824, 4.860648e-001,0.089824, 2.198146e+000,
0.091621, 8.710337e-001,0.091621, 9.573443e-054,0.091621, 5.003452e-001,0.091621, 2.156112e+000,
0.093453, 8.559235e-001,0.093453, 1.128996e-052,0.093453, 5.144526e-001,0.093453, 2.114450e+000,
0.095323, 8.410201e-001,0.095323, 1.267789e-051,0.095323, 5.283612e-001,0.095323, 2.073179e+000,
0.097229, 8.263228e-001,0.097229, 1.356903e-050,0.097229, 5.420458e-001,0.097229, 2.032315e+000,
0.099174, 8.118312e-001,0.099174, 1.385502e-049,0.099174, 5.554820e-001,0.099174, 1.991873e+000,
0.101158, 7.975447e-001,0.101158, 1.350899e-048,0.101158, 5.686462e-001,0.101158, 1.952238e+000,
0.103181, 7.834625e-001,0.103181, 1.258894e-047,0.103181, 5.815157e-001,0.103181, 1.914908e+000,
0.105245, 7.695840e-001,0.105245, 1.122255e-046,0.105245, 5.940690e-001,0.105245, 1.876207e+000,
0.107350, 7.559084e-001,0.107350, 9.578718e-046,0.107350, 6.062854e-001,0.107350, 1.840182e+000,
0.109497, 7.424352e-001,0.109497, 7.834429e-045,0.109497, 6.181454e-001,0.109497, 1.805704e+000,
0.111687, 7.291634e-001,0.111687, 6.145462e-044,0.111687, 6.296306e-001,0.111687, 1.771497e+000,
0.113921, 7.160925e-001,0.113921, 4.627058e-043,0.113921, 6.407239e-001,0.113921, 1.737577e+000,
0.116200, 7.032215e-001,0.116200, 3.346629e-042,0.116200, 6.514092e-001,0.116200, 1.703960e+000,
0.118524, 6.905498e-001,0.118524, 2.327045e-041,0.118524, 6.616718e-001,0.118524, 1.670660e+000,
0.120894, 6.780766e-001,0.120894, 1.556796e-040,0.120894, 6.714983e-001,0.120894, 1.637691e+000,
0.123312, 6.658010e-001,0.123312, 1.002807e-039,0.123312, 6.808764e-001,0.123312, 1.605064e+000,
0.125779, 6.537223e-001,0.125779, 6.224215e-039,0.125779, 6.774250e-001,0.125779, 1.572792e+000,
0.128294, 6.418397e-001,0.128294, 3.725194e-038,0.128294, 6.580777e-001,0.128294, 1.543584e+000,
0.130861, 6.301522e-001,0.130861, 2.151396e-037,0.130861, 6.392738e-001,0.130861, 1.516102e+000,
0.133478, 6.186590e-001,0.133478, 1.199784e-036,0.133478, 6.209984e-001,0.133478, 1.488767e+000,
0.136148, 6.073593e-001,0.136148, 6.465387e-036,0.136148, 6.032371e-001,0.136148, 1.461594e+000,
0.138871, 5.962522e-001,0.138871, 3.368891e-035,0.138871, 5.859758e-001,0.138871, 1.434600e+000,
0.141648, 5.853367e-001,0.141648, 1.698504e-034,0.141648, 5.692009e-001,0.141648, 1.407798e+000,
0.144481, 5.746118e-001,0.144481, 8.291138e-034,0.144481, 5.528990e-001,0.144481, 1.381204e+000,
0.147371, 5.640765e-001,0.147371, 3.921071e-033,0.147371, 5.370570e-001,0.147371, 1.354828e+000,
0.150319, 5.537299e-001,0.150319, 1.797662e-032,0.150319, 5.220605e-001,0.150319, 1.328685e+000,
0.153325, 5.435707e-001,0.153325, 7.994453e-032,0.153325, 5.300915e-001,0.153325, 1.302784e+000,
0.156392, 5.335979e-001,0.156392, 3.450691e-031,0.156392, 5.377710e-001,0.156392, 1.277138e+000,
0.159520, 5.238102e-001,0.159520, 1.446485e-030,0.159520, 5.450895e-001,0.159520, 1.251755e+000,
0.162710, 5.142064e-001,0.162710, 5.891992e-030,0.162710, 5.520387e-001,0.162710, 1.226644e+000,
0.165965, 5.047852e-001,0.165965, 2.333428e-029,0.165965, 5.586115e-001,0.165965, 1.201814e+000,
0.169284, 4.955451e-001,0.169284, 8.989814e-029,0.169284, 5.648014e-001,0.169284, 1.177274e+000,
0.172670, 4.864848e-001,0.172670, 3.371053e-028,0.172670, 5.706032e-001,0.172670, 1.153028e+000,
0.176124, 4.776026e-001,0.176124, 1.231032e-027,0.176124, 5.760126e-001,0.176124, 1.129085e+000,
0.179646, 4.688970e-001,0.179646, 4.380138e-027,0.179646, 5.810263e-001,0.179646, 1.105450e+000,
0.183239, 4.603663e-001,0.183239, 1.519295e-026,0.183239, 5.856420e-001,0.183239, 1.082128e+000,
0.186904, 4.520087e-001,0.186904, 5.139836e-026,0.186904, 5.898581e-001,0.186904, 1.059123e+000,
0.190643, 4.438223e-001,0.190643, 1.696766e-025,0.190643, 5.936741e-001,0.190643, 1.036440e+000,
0.194456, 4.358053e-001,0.194456, 5.468505e-025,0.194456, 5.857936e-001,0.194456, 1.014083e+000,
0.198345, 4.279557e-001,0.198345, 1.721447e-024,0.198345, 5.694402e-001,0.198345, 9.920541e-001,
0.202312, 4.202713e-001,0.202312, 5.295387e-024,0.202312, 5.535281e-001,0.202312, 9.740051e-001,
0.206358, 4.127499e-001,0.206358, 1.592491e-023,0.206358, 5.380462e-001,0.206358, 9.576631e-001,
0.210486, 4.053893e-001,0.210486, 4.684081e-023,0.210486, 5.229836e-001,0.210486, 9.413591e-001,
0.214695, 3.981872e-001,0.214695, 1.348120e-022,0.214695, 5.083295e-001,0.214695, 9.251050e-001,
0.218990, 3.911412e-001,0.218990, 3.798171e-022,0.218990, 4.940734e-001,0.218990, 9.089124e-001,
0.223369, 3.842487e-001,0.223369, 1.047958e-021,0.223369, 4.802053e-001,0.223369, 8.927920e-001,
0.227837, 3.775073e-001,0.227837, 2.832793e-021,0.227837, 4.667150e-001,0.227837, 8.767542e-001,
0.232394, 3.709142e-001,0.232394, 7.505190e-021,0.232394, 4.535929e-001,0.232394, 8.608088e-001,
0.237042, 3.644668e-001,0.237042, 1.949644e-020,0.237042, 4.408294e-001,0.237042, 8.450275e-001,
0.241783, 3.581623e-001,0.241783, 4.967793e-020,0.241783, 4.284152e-001,0.241783, 8.313720e-001,
0.246619, 3.519980e-001,0.246619, 1.242083e-019,0.246619, 4.163412e-001,0.246619, 8.184568e-001,
0.251551, 3.459709e-001,0.251551, 3.048442e-019,0.251551, 4.045986e-001,0.251551, 8.055194e-001,
0.256582, 3.400783e-001,0.256582, 7.346887e-019,0.256582, 3.931786e-001,0.256582, 7.925713e-001,
0.261714, 3.343171e-001,0.261714, 1.739329e-018,0.261714, 3.820729e-001,0.261714, 7.796240e-001,
0.266949, 3.286843e-001,0.266949, 4.046366e-018,0.266949, 3.712731e-001,0.266949, 7.659066e-001,
0.272288, 3.231771e-001,0.272288, 9.253418e-018,0.272288, 3.607712e-001,0.272288, 7.507118e-001,
0.277734, 3.177923e-001,0.277734, 2.080841e-017,0.277734, 3.505594e-001,0.277734, 7.356784e-001,
0.283289, 3.125269e-001,0.283289, 4.602763e-017,0.283289, 3.406299e-001,0.283289, 7.208113e-001,
0.288955, 3.073779e-001,0.288955, 1.001801e-016,0.288955, 3.309753e-001,0.288955, 7.061155e-001,
0.294734, 3.023423e-001,0.294734, 2.146173e-016,0.294734, 3.215882e-001,0.294734, 6.915951e-001,
0.300629, 2.974169e-001,0.300629, 4.526927e-016,0.300629, 3.124617e-001,0.300629, 6.772540e-001,
0.306641, 2.925988e-001,0.306641, 9.404378e-016,0.306641, 3.035886e-001,0.306641, 6.630960e-001,
0.312774, 2.878850e-001,0.312774, 1.924748e-015,0.312774, 2.949622e-001,0.312774, 6.491240e-001,
0.319030, 2.832724e-001,0.319030, 3.882058e-015,0.319030, 2.865759e-001,0.319030, 6.353410e-001,
0.325411, 2.787580e-001,0.325411, 7.718254e-015,0.325411, 2.891428e-001,0.325411, 6.217496e-001,
0.331919, 2.743390e-001,0.331919, 1.513098e-014,0.331919, 2.834288e-001,0.331919, 6.107415e-001,
0.338558, 2.700124e-001,0.338558, 2.925674e-014,0.338558, 2.753805e-001,0.338558, 6.012838e-001,
0.345329, 2.657753e-001,0.345329, 5.581011e-014,0.345329, 2.675559e-001,0.345329, 5.918080e-001,
0.352236, 2.616250e-001,0.352236, 1.050613e-013,0.352236, 2.664333e-001,0.352236, 5.823227e-001,
0.359280, 2.575585e-001,0.359280, 1.952221e-013,0.359280, 2.588689e-001,0.359280, 5.728363e-001,
0.366466, 2.535734e-001,0.366466, 3.581638e-013,0.366466, 2.515147e-001,0.366466, 5.633567e-001,
0.373796, 2.496667e-001,0.373796, 6.489472e-013,0.373796, 2.523256e-001,0.373796, 5.538915e-001,
0.381272, 2.458360e-001,0.381272, 1.161498e-012,0.381272, 2.495523e-001,0.381272, 5.444482e-001,
0.388897, 2.420788e-001,0.388897, 2.054059e-012,0.388897, 2.490877e-001,0.388897, 5.350336e-001,
0.396675, 2.383924e-001,0.396675, 3.590005e-012,0.396675, 2.420260e-001,0.396675, 5.256544e-001,
0.404609, 2.347745e-001,0.404609, 6.202477e-012,0.404609, 2.351600e-001,0.404609, 5.163170e-001,
0.412701, 2.312228e-001,0.412701, 1.059550e-011,0.412701, 2.284846e-001,0.412701, 5.070272e-001,
0.420956, 2.277350e-001,0.420956, 1.790027e-011,0.420956, 2.269073e-001,0.420956, 4.977909e-001,
0.429375, 2.243088e-001,0.429375, 2.991402e-011,0.429375, 2.216442e-001,0.429375, 4.886133e-001,
0.437963, 2.209421e-001,0.437963, 4.946058e-011,0.437963, 2.153570e-001,0.437963, 4.794996e-001,
0.446722, 2.176330e-001,0.446722, 8.092887e-011,0.446722, 2.166868e-001,0.446722, 4.704545e-001,
0.455657, 2.143793e-001,0.455657, 1.310680e-010,0.455657, 2.201966e-001,0.455657, 4.614826e-001,
0.464770, 2.111791e-001,0.464770, 2.101483e-010,0.464770, 2.214678e-001,0.464770, 4.525880e-001,
0.474065, 2.080307e-001,0.474065, 3.336388e-010,0.474065, 2.247827e-001,0.474065, 4.452802e-001,
0.483547, 2.049323e-001,0.483547, 5.246051e-010,0.483547, 2.257736e-001,0.483547, 4.384143e-001,
0.493218, 2.018821e-001,0.493218, 8.171014e-010,0.493218, 2.196323e-001,0.493218, 4.315325e-001,
0.503083, 1.988785e-001,0.503083, 1.260920e-009,0.503083, 2.134673e-001,0.503083, 4.246414e-001,
0.513144, 1.959200e-001,0.513144, 1.928172e-009,0.513144, 2.074702e-001,0.513144, 4.177470e-001,
0.523407, 1.930050e-001,0.523407, 2.922325e-009,0.523407, 2.016368e-001,0.523407, 4.108553e-001,
0.533876, 1.901323e-001,0.533876, 4.390475e-009,0.533876, 1.959628e-001,0.533876, 4.039720e-001,
0.544553, 1.873003e-001,0.544553, 6.539870e-009,0.544553, 1.904441e-001,0.544553, 3.971024e-001,
0.555445, 1.845080e-001,0.555445, 9.659937e-009,0.555445, 1.850766e-001,0.555445, 3.902517e-001,
0.566554, 1.817539e-001,0.566554, 1.415137e-008,0.566554, 1.799712e-001,0.566554, 3.834249e-001,
0.577885, 1.790370e-001,0.577885, 2.056420e-008,0.577885, 1.771444e-001,0.577885, 3.766266e-001,
0.589443, 1.763562e-001,0.589443, 2.964715e-008,0.589443, 1.721464e-001,0.589443, 3.698614e-001,
0.601232, 1.737104e-001,0.601232, 4.241109e-008,0.601232, 1.672857e-001,0.601232, 3.631333e-001,
0.613256, 1.710987e-001,0.613256, 6.020979e-008,0.613256, 1.625589e-001,0.613256, 3.564465e-001,
0.625522, 1.685202e-001,0.625522, 8.484198e-008,0.625522, 1.579624e-001,0.625522, 3.498047e-001,
0.638032, 1.659740e-001,0.638032, 1.186790e-007,0.638032, 1.556513e-001,0.638032, 3.432115e-001,
0.650793, 1.634593e-001,0.650793, 1.648234e-007,0.650793, 1.581583e-001,0.650793, 3.366703e-001,
0.663809, 1.609753e-001,0.663809, 2.273037e-007,0.663809, 1.605594e-001,0.663809, 3.301841e-001,
0.677085, 1.585213e-001,0.677085, 3.113126e-007,0.677085, 1.628516e-001,0.677085, 3.237560e-001,
0.690627, 1.560967e-001,0.690627, 4.234947e-007,0.690627, 1.634728e-001,0.690627, 3.173886e-001,
0.704440, 1.537009e-001,0.704440, 5.722923e-007,0.704440, 1.589014e-001,0.704440, 3.110846e-001,
0.718529, 1.513333e-001,0.718529, 7.683565e-007,0.718529, 1.544537e-001,0.718529, 3.048463e-001,
0.732900, 1.489933e-001,0.732900, 1.025033e-006,0.732900, 1.501265e-001,0.732900, 2.986760e-001,
0.747558, 1.466805e-001,0.747558, 1.358931e-006,0.747558, 1.459168e-001,0.747558, 2.925755e-001,
0.762509, 1.443944e-001,0.762509, 1.790582e-006,0.762509, 1.418216e-001,0.762509, 2.865469e-001,
0.777760, 1.421347e-001,0.777760, 2.345203e-006,0.777760, 1.378379e-001,0.777760, 2.805918e-001,
0.793315, 1.399008e-001,0.793315, 3.053566e-006,0.793315, 1.339629e-001,0.793315, 2.747118e-001,
0.809181, 1.376926e-001,0.809181, 3.952981e-006,0.809181, 1.301937e-001,0.809181, 2.689081e-001,
0.825365, 1.355096e-001,0.825365, 5.088404e-006,0.825365, 1.265276e-001,0.825365, 2.637735e-001,
0.841873, 1.333516e-001,0.841873, 6.513676e-006,0.841873, 1.229619e-001,0.841873, 2.607660e-001,
0.858710, 1.312183e-001,0.858710, 8.292880e-006,0.858710, 1.194940e-001,0.858710, 2.576972e-001,
0.875885, 1.291094e-001,0.875885, 1.050184e-005,0.875885, 1.161213e-001,0.875885, 2.545718e-001,
0.893402, 1.270249e-001,0.893402, 1.322976e-005,0.893402, 1.128415e-001,0.893402, 2.513944e-001,
0.911271, 1.249644e-001,0.911271, 1.658093e-005,0.911271, 1.096519e-001,0.911271, 2.481698e-001,
0.929496, 1.229278e-001,0.929496, 2.067663e-005,0.929496, 1.065503e-001,0.929496, 2.449022e-001,
0.948086, 1.209150e-001,0.948086, 2.565710e-005,0.948086, 1.035343e-001,0.948086, 2.415962e-001,
0.967048, 1.189258e-001,0.967048, 3.168356e-005,0.967048, 1.006016e-001,0.967048, 2.382559e-001,
0.986389, 1.169602e-001,0.986389, 3.894035e-005,0.986389, 1.022653e-001,0.986389, 2.357309e-001,
1.006117, 1.150179e-001,1.006117, 4.763713e-005,1.006117, 1.045011e-001,1.006117, 2.335467e-001,
1.026240, 1.130989e-001,1.026240, 5.801101e-005,1.026240, 1.015556e-001,1.026240, 2.312833e-001,
1.046765, 1.112032e-001,1.046765, 7.032877e-005,1.046765, 9.896271e-002,1.046765, 2.289449e-001,
1.067700, 1.093307e-001,1.067700, 8.488896e-005,1.067700, 9.617095e-002,1.067700, 2.262537e-001,
1.089054, 1.074812e-001,1.089054, 1.020239e-004,1.089054, 9.345589e-002,1.089054, 2.224960e-001,
1.110835, 1.056549e-001,1.110835, 1.221018e-004,1.110835, 9.081552e-002,1.110835, 2.199318e-001,
1.133052, 1.038515e-001,1.133052, 1.455281e-004,1.133052, 8.824786e-002,1.133052, 2.173132e-001,
1.155713, 1.020711e-001,1.155713, 1.727473e-004,1.155713, 8.575102e-002,1.155713, 2.146441e-001,
1.178828, 1.003138e-001,1.178828, 2.042442e-004,1.178828, 8.332312e-002,1.178828, 2.119288e-001,
1.202405, 9.857929e-002,1.202405, 2.405447e-004,1.202405, 8.096233e-002,1.202405, 2.091713e-001,
1.226453, 9.686774e-002,1.226453, 2.822164e-004,1.226453, 7.866688e-002,1.226453, 2.063753e-001,
1.250982, 9.517908e-002,1.250982, 3.298690e-004,1.250982, 7.643504e-002,1.250982, 2.035448e-001,
1.276002, 9.351329e-002,1.276002, 3.841537e-004,1.276002, 7.426511e-002,1.276002, 2.006834e-001,
1.301522, 9.187035e-002,1.301522, 4.457630e-004,1.301522, 7.215544e-002,1.301522, 1.977947e-001,
1.327553, 9.025025e-002,1.327553, 5.154288e-004,1.327553, 7.010443e-002,1.327553, 1.948824e-001,
1.354104, 8.865297e-002,1.354104, 5.939215e-004,1.354104, 6.811049e-002,1.354104, 1.919496e-001,
1.381186, 8.707848e-002,1.381186, 6.820467e-004,1.381186, 6.617210e-002,1.381186, 1.889999e-001,
1.408810, 8.552675e-002,1.408810, 7.806431e-004,1.408810, 6.428776e-002,1.408810, 1.860363e-001,
1.436986, 8.399777e-002,1.436986, 8.905790e-004,1.436986, 6.245603e-002,1.436986, 1.830619e-001,
1.465726, 8.249150e-002,1.465726, 1.012748e-003,1.465726, 6.067548e-002,1.465726, 1.800798e-001,
1.495041, 8.100789e-002,1.495041, 1.148064e-003,1.495041, 5.894473e-002,1.495041, 1.770928e-001,
1.524942, 7.954692e-002,1.524942, 1.297457e-003,1.524942, 5.726244e-002,1.524942, 1.741036e-001,
1.555441, 7.810852e-002,1.555441, 1.461869e-003,1.555441, 5.562728e-002,1.555441, 1.711149e-001,
1.586550, 7.669265e-002,1.586550, 1.642242e-003,1.586550, 5.403798e-002,1.586550, 1.681292e-001,
1.618281, 7.529924e-002,1.618281, 1.839520e-003,1.618281, 5.249329e-002,1.618281, 1.651490e-001,
1.650647, 7.392822e-002,1.650647, 2.054635e-003,1.650647, 5.099200e-002,1.650647, 1.621765e-001,
1.683660, 7.257951e-002,1.683660, 2.288504e-003,1.683660, 4.953292e-002,1.683660, 1.592141e-001,
1.717333, 7.125302e-002,1.717333, 2.542018e-003,1.717333, 4.811490e-002,1.717333, 1.562638e-001,
1.751680, 6.994866e-002,1.751680, 2.816040e-003,1.751680, 4.673682e-002,1.751680, 1.533275e-001,
1.786714, 6.866630e-002,1.786714, 3.111391e-003,1.786714, 4.539758e-002,1.786714, 1.504074e-001,
1.822448, 6.740585e-002,1.822448, 3.428847e-003,1.822448, 4.409612e-002,1.822448, 1.475050e-001,
1.858897, 6.616715e-002,1.858897, 3.769127e-003,1.858897, 4.283139e-002,1.858897, 1.446222e-001,
1.896075, 6.495008e-002,1.896075, 4.132891e-003,1.896075, 4.360209e-002,1.896075, 1.417605e-001,
1.933997, 6.375448e-002,1.933997, 4.520726e-003,1.933997, 4.475736e-002,1.933997, 1.389215e-001,
1.972677, 6.258019e-002,1.972677, 4.933147e-003,1.972677, 4.589143e-002,1.972677, 1.361066e-001,
2.012131, 6.142704e-002,2.012131, 5.370582e-003,2.012131, 4.700217e-002,2.012131, 1.336833e-001,
2.052374, 6.029483e-002,2.052374, 5.833371e-003,2.052374, 4.808754e-002,2.052374, 1.329266e-001,
2.093421, 5.918336e-002,2.093421, 6.321759e-003,2.093421, 4.914559e-002,2.093421, 1.320999e-001,
2.135290, 5.809243e-002,2.135290, 6.835892e-003,2.135290, 5.017445e-002,2.135290, 1.312059e-001,
2.177996, 5.702181e-002,2.177996, 7.375809e-003,2.177996, 4.987185e-002,2.177996, 1.302471e-001,
2.221556, 5.597127e-002,2.221556, 7.941442e-003,2.221556, 4.846676e-002,2.221556, 1.292262e-001,
2.265987, 5.494056e-002,2.265987, 8.532612e-003,2.265987, 4.710008e-002,2.265987, 1.281459e-001,
2.311307, 5.392942e-002,2.311307, 8.882710e-003,2.311307, 4.577082e-002,2.311307, 1.270088e-001,
2.357533, 5.293760e-002,2.357533, 8.622537e-003,2.357533, 4.447801e-002,2.357533, 1.258177e-001,
2.404684, 5.196480e-002,2.404684, 8.369966e-003,2.404684, 4.322068e-002,2.404684, 1.245752e-001,
2.452778, 5.101074e-002,2.452778, 8.124777e-003,2.452778, 4.199793e-002,2.452778, 1.232841e-001,
2.501834, 5.007512e-002,2.501834, 7.886755e-003,2.501834, 4.080883e-002,2.501834, 1.219471e-001,
2.551870, 4.915764e-002,2.551870, 8.315766e-003,2.551870, 3.965251e-002,2.551870, 1.205668e-001,
2.602908, 4.825797e-002,2.602908, 8.918434e-003,2.602908, 3.852810e-002,2.602908, 1.191458e-001,
2.654966, 4.737581e-002,2.654966, 9.545408e-003,2.654966, 3.743476e-002,2.654966, 1.176870e-001,
2.708066, 4.651081e-002,2.708066, 1.019616e-002,2.708066, 3.637167e-002,2.708066, 1.161927e-001,
2.762227, 4.566264e-002,2.762227, 1.087004e-002,2.762227, 3.533803e-002,2.762227, 1.146657e-001,
2.817472, 4.483095e-002,2.817472, 1.094304e-002,2.817472, 3.452448e-002,2.817472, 1.131084e-001,
2.873822, 4.401541e-002,2.873822, 1.062299e-002,2.873822, 3.356965e-002,2.873822, 1.115233e-001,
2.931298, 4.321565e-002,2.931298, 1.031228e-002,2.931298, 3.260848e-002,2.931298, 1.099129e-001,
2.989924, 4.243132e-002,2.989924, 1.001062e-002,2.989924, 3.167411e-002,2.989924, 1.082795e-001,
3.049723, 4.166207e-002,3.049723, 9.717758e-003,3.049723, 3.076583e-002,3.049723, 1.066256e-001,
3.110718, 4.090754e-002,3.110718, 9.433433e-003,3.110718, 3.062083e-002,3.110718, 1.049533e-001,
3.172932, 4.016735e-002,3.172932, 9.157398e-003,3.172932, 3.155714e-002,3.172932, 1.032649e-001,
3.236391, 3.944117e-002,3.236391, 8.889413e-003,3.236391, 3.233909e-002,3.236391, 1.015627e-001,
3.301119, 3.872862e-002,3.301119, 8.629243e-003,3.301119, 3.141209e-002,3.301119, 9.984855e-002,
3.367141, 3.802934e-002,3.367141, 8.376662e-003,3.367141, 3.051077e-002,3.367141, 9.812469e-002,
3.434484, 3.734299e-002,3.434484, 8.131448e-003,3.434484, 2.963445e-002,3.434484, 9.639303e-002,
3.503174, 3.666920e-002,3.503174, 7.893389e-003,3.503174, 2.878247e-002,3.503174, 9.465550e-002,
3.573238, 3.600763e-002,3.573238, 7.662275e-003,3.573238, 2.795419e-002,3.573238, 9.291394e-002,
3.644703, 3.535794e-002,3.644703, 7.437904e-003,3.644703, 2.802019e-002,3.644703, 9.117015e-002,
3.717597, 3.471978e-002,3.717597, 7.220082e-003,3.717597, 2.889204e-002,3.717597, 8.942583e-002,
3.791949, 3.409282e-002,3.791949, 7.008616e-003,3.791949, 2.975293e-002,3.791949, 8.768265e-002,
3.867788, 3.347674e-002,3.867788, 6.803323e-003,3.867788, 2.902524e-002,3.867788, 8.594218e-002,
3.945144, 3.287120e-002,3.945144, 6.604022e-003,3.945144, 2.819612e-002,3.945144, 8.420594e-002,
4.024047, 3.227591e-002,4.024047, 6.410539e-003,4.024047, 2.738977e-002,4.024047, 8.247539e-002,
4.104528, 3.169055e-002,4.104528, 6.222705e-003,4.104528, 2.731979e-002,4.104528, 8.075191e-002,
4.186619, 3.111483e-002,4.186619, 6.040356e-003,4.186619, 2.816431e-002,4.186619, 7.903683e-002,
4.270351, 3.054846e-002,4.270351, 5.863331e-003,4.270351, 2.899731e-002,4.270351, 7.733139e-002,
4.355759, 2.999117e-002,4.355759, 5.691476e-003,4.355759, 2.929476e-002,4.355759, 7.563680e-002,
4.442874, 2.944267e-002,4.442874, 5.524640e-003,4.442874, 2.845413e-002,4.442874, 7.395419e-002,
4.531732, 2.890271e-002,4.531732, 5.362678e-003,4.531732, 2.763624e-002,4.531732, 7.228461e-002,
4.622366, 2.837105e-002,4.622366, 5.205446e-003,4.622366, 2.684054e-002,4.622366, 7.062910e-002,
4.714814, 2.784744e-002,4.714814, 5.052808e-003,4.714814, 2.606646e-002,4.714814, 6.898859e-002,
4.809110, 2.733164e-002,4.809110, 4.904629e-003,4.809110, 2.531345e-002,4.809110, 6.736397e-002,
4.905293, 2.682345e-002,4.905293, 4.760780e-003,4.905293, 2.458100e-002,4.905293, 6.575608e-002,
5.003399, 2.632266e-002,5.003399, 4.621134e-003,5.003399, 2.386857e-002,5.003399, 6.416571e-002,
5.103467, 2.582905e-002,5.103467, 4.485569e-003,5.103467, 2.317566e-002,5.103467, 6.259357e-002,
5.205536, 2.534245e-002,5.205536, 4.353967e-003,5.205536, 2.250177e-002,5.205536, 6.104035e-002,
5.309647, 2.486267e-002,5.309647, 4.226210e-003,5.309647, 2.184642e-002,5.309647, 5.950666e-002,
5.415840, 2.438954e-002,5.415840, 4.102189e-003,5.415840, 2.120912e-002,5.415840, 5.799308e-002,
5.524157, 2.392291e-002,5.524157, 3.981792e-003,5.524157, 2.058941e-002,5.524157, 5.650013e-002,
5.634641, 2.346262e-002,5.634641, 3.864916e-003,5.634641, 1.998684e-002,5.634641, 5.502829e-002,
5.747333, 2.300854e-002,5.747333, 3.751457e-003,5.747333, 1.940097e-002,5.747333, 5.357799e-002,
5.862280, 2.256052e-002,5.862280, 3.641315e-003,5.862280, 1.883136e-002,5.862280, 5.214963e-002,
5.979526, 2.211846e-002,5.979526, 3.534394e-003,5.979526, 1.827758e-002,5.979526, 5.123456e-002,
6.099117, 2.168223e-002,6.099117, 3.430600e-003,6.099117, 1.773923e-002,6.099117, 5.050336e-002,
6.221099, 2.125173e-002,6.221099, 3.329842e-003,6.221099, 1.721589e-002,6.221099, 4.976240e-002,
6.345521, 2.082685e-002,6.345521, 3.232031e-003,6.345521, 1.670718e-002,6.345521, 4.901273e-002,
6.472432, 2.040752e-002,6.472432, 3.137081e-003,6.472432, 1.621271e-002,6.472432, 4.825535e-002,
6.601881, 1.999365e-002,6.601881, 3.044908e-003,6.601881, 1.573211e-002,6.601881, 4.749121e-002,
6.733918, 1.958515e-002,6.733918, 2.955432e-003,6.733918, 1.526500e-002,6.733918, 4.673559e-002,
6.868597, 1.918197e-002,6.868597, 2.868575e-003,6.868597, 1.481102e-002,6.868597, 4.648374e-002,
7.005969, 1.878403e-002,7.005969, 2.784258e-003,7.005969, 1.436984e-002,7.005969, 4.620346e-002,
7.146089, 1.839129e-002,7.146089, 2.702409e-003,7.146089, 1.394111e-002,7.146089, 4.589572e-002,
7.289011, 1.800368e-002,7.289011, 2.622956e-003,7.289011, 1.352449e-002,7.289011, 4.556150e-002,
7.434791, 1.762117e-002,7.434791, 2.545827e-003,7.434791, 1.311966e-002,7.434791, 4.520179e-002,
7.583487, 1.724370e-002,7.583487, 2.470957e-003,7.583487, 1.272631e-002,7.583487, 4.481763e-002,
7.735157, 1.687125e-002,7.735157, 2.398278e-003,7.735157, 1.234413e-002,7.735157, 4.441007e-002,
7.889860, 1.650377e-002,7.889860, 2.327726e-003,7.889860, 1.197281e-002,7.889860, 4.398015e-002,
8.047657, 1.614125e-002,8.047657, 2.259240e-003,8.047657, 1.161206e-002,8.047657, 4.352894e-002,
8.208611, 1.578364e-002,8.208611, 2.192760e-003,8.208611, 1.126160e-002,8.208611, 4.305750e-002,
8.372783, 1.543094e-002,8.372783, 2.128226e-003,8.372783, 1.092115e-002,8.372783, 4.256692e-002,
8.540239, 1.508311e-002,8.540239, 2.065582e-003,8.540239, 1.059043e-002,8.540239, 4.205827e-002,
8.711044, 1.474015e-002,8.711044, 2.004772e-003,8.711044, 1.026919e-002,8.711044, 4.153262e-002,
8.885265, 1.440202e-002,8.885265, 1.945743e-003,8.885265, 9.957159e-003,8.885265, 4.099104e-002,
9.062970, 1.406873e-002,9.062970, 1.888444e-003,9.062970, 9.654089e-003,9.062970, 4.050266e-002,
9.244230, 1.374025e-002,9.244230, 1.832822e-003,9.244230, 9.359736e-003,9.244230, 4.019326e-002,
9.429115, 1.341658e-002,9.429115, 1.778831e-003,9.429115, 9.073861e-003,9.429115, 3.985865e-002,
9.617697, 1.309770e-002,9.617697, 1.726421e-003,9.617697, 8.796231e-003,9.617697, 3.930953e-002,
9.810051, 1.278361e-002,9.810051, 1.675546e-003,9.810051, 8.526619e-003,9.810051, 3.864539e-002,
10.006252, 1.247429e-002,10.006252, 1.626163e-003,10.006252, 8.264805e-003,10.006252, 3.814951e-002,
10.206378, 1.216974e-002,10.206378, 1.578226e-003,10.206378, 8.010574e-003,10.206378, 3.763785e-002,
10.410505, 1.186995e-002,10.410505, 1.531695e-003,10.410505, 7.763717e-003,10.410505, 3.711147e-002,
10.618716, 1.157490e-002,10.618716, 1.486527e-003,10.618716, 7.524028e-003,10.618716, 3.657141e-002,
10.831090, 1.128459e-002,10.831090, 1.442683e-003,10.831090, 7.291311e-003,10.831090, 3.601868e-002,
11.047712, 1.099901e-002,11.047712, 1.400125e-003,11.047712, 7.065371e-003,11.047712, 3.545430e-002,
11.268666, 1.071815e-002,11.268666, 1.358814e-003,11.268666, 6.846020e-003,11.268666, 3.487929e-002,
11.494040, 1.044200e-002,11.494040, 1.318715e-003,11.494040, 6.633074e-003,11.494040, 3.429463e-002,
11.723921, 1.017054e-002,11.723921, 1.279791e-003,11.723921, 6.426356e-003,11.723921, 3.370129e-002,
11.958399, 9.903765e-003,11.958399, 1.242009e-003,11.958399, 6.225692e-003,11.958399, 3.310022e-002,
12.197568, 9.641661e-003,12.197568, 1.205334e-003,12.197568, 6.030912e-003,12.197568, 3.249237e-002,
12.441519, 9.384210e-003,12.441519, 1.169736e-003,12.441519, 5.841852e-003,12.441519, 3.187864e-002,
12.690350, 9.131398e-003,12.690350, 1.135181e-003,12.690350, 5.658351e-003,12.690350, 3.125992e-002,
12.944157, 8.883206e-003,12.944157, 1.101640e-003,12.944157, 5.480254e-003,12.944157, 3.063708e-002,
13.203040, 8.639616e-003,13.203040, 1.069084e-003,13.203040, 5.307408e-003,13.203040, 3.001097e-002,
13.467101, 8.400607e-003,13.467101, 1.037482e-003,13.467101, 5.139667e-003,13.467101, 2.938240e-002,
13.736443, 8.166158e-003,13.736443, 1.006808e-003,13.736443, 4.976887e-003,13.736443, 2.875217e-002,
14.011172, 7.936246e-003,14.011172, 9.770337e-004,14.011172, 4.818927e-003,14.011172, 2.812104e-002,
14.291396, 7.710846e-003,14.291396, 9.481335e-004,14.291396, 4.665651e-003,14.291396, 2.748976e-002,
14.577224, 7.489931e-003,14.577224, 9.200815e-004,14.577224, 4.516928e-003,14.577224, 2.685903e-002,
14.868768, 7.273475e-003,14.868768, 8.928530e-004,14.868768, 4.372628e-003,14.868768, 2.622955e-002,
15.166144, 7.061447e-003,15.166144, 8.664239e-004,15.166144, 4.232626e-003,15.166144, 2.560197e-002,
15.469467, 6.853818e-003,15.469467, 8.407707e-004,15.469467, 4.096800e-003,15.469467, 2.497692e-002,
15.778856, 6.650555e-003,15.778856, 8.158708e-004,15.778856, 3.965032e-003,15.778856, 2.435500e-002,
16.094434, 6.451623e-003,16.094434, 7.917021e-004,16.094434, 3.837206e-003,16.094434, 2.373679e-002,
16.416323, 6.256989e-003,16.416323, 7.682433e-004,16.416323, 3.713211e-003,16.416323, 2.312284e-002,
16.744649, 6.066615e-003,16.744649, 7.454735e-004,16.744649, 3.592936e-003,16.744649, 2.251367e-002,
17.079542, 5.880464e-003,17.079542, 7.233726e-004,17.079542, 3.476277e-003,17.079542, 2.190976e-002,
17.421133, 5.698496e-003,17.421133, 7.019210e-004,17.421133, 3.363129e-003,17.421133, 2.131159e-002,
17.769556, 5.520669e-003,17.769556, 6.810997e-004,17.769556, 3.253393e-003,17.769556, 2.071960e-002,
18.124947, 5.346943e-003,18.124947, 6.608903e-004,18.124947, 3.146971e-003,18.124947, 2.013419e-002,
18.487447, 5.177274e-003,18.487447, 6.412748e-004,18.487447, 3.043767e-003,18.487447, 1.955575e-002,
18.857196, 5.011617e-003,18.857196, 6.222358e-004,18.857196, 2.943690e-003,18.857196, 1.898465e-002,
19.234340, 4.849928e-003,19.234340, 6.037565e-004,19.234340, 2.846650e-003,19.234340, 1.842122e-002,
19.619027, 4.692158e-003,19.619027, 5.858205e-004,19.619027, 2.752560e-003,19.619027, 1.786577e-002,
20.011407, 4.538260e-003,20.011407, 5.684119e-004,20.011407, 2.661335e-003,20.011407, 1.731859e-002,
20.411636, 4.388186e-003,20.411636, 5.515152e-004,20.411636, 2.572892e-003,20.411636, 1.677995e-002,
20.819868, 4.241886e-003,20.819868, 5.351155e-004,20.819868, 2.487151e-003,20.819868, 1.625009e-002,
21.236266, 4.099309e-003,21.236266, 5.191982e-004,21.236266, 2.404035e-003,21.236266, 1.572922e-002,
21.660991, 3.960404e-003,21.660991, 5.037491e-004,21.660991, 2.323467e-003,21.660991, 1.521755e-002,
22.094211, 3.825119e-003,22.094211, 4.887545e-004,22.094211, 2.245374e-003,22.094211, 1.471525e-002,
22.536096, 3.693400e-003,22.536096, 4.742012e-004,22.536096, 2.169685e-003,22.536096, 1.422248e-002,
22.986818, 3.565194e-003,22.986818, 4.600762e-004,22.986818, 2.096329e-003,22.986818, 1.373938e-002,
23.446554, 3.440448e-003,23.446554, 4.463670e-004,23.446554, 2.025239e-003,23.446554, 1.326607e-002,
23.915486, 3.319105e-003,23.915486, 4.330613e-004,23.915486, 1.956349e-003,23.915486, 1.280264e-002,
24.393796, 3.201112e-003,24.393796, 4.201474e-004,24.393796, 1.889596e-003,24.393796, 1.234918e-002,
24.881672, 3.086413e-003,24.881672, 4.076138e-004,24.881672, 1.824917e-003,24.881672, 1.190576e-002,
25.379305, 2.974950e-003,25.379305, 3.954493e-004,25.379305, 1.762252e-003,25.379305, 1.147242e-002,
25.886891, 2.866669e-003,25.886891, 3.836431e-004,25.886891, 1.701543e-003,25.886891, 1.104919e-002,
26.404629, 2.761513e-003,26.404629, 3.721847e-004,26.404629, 1.642731e-003,26.404629, 1.063611e-002,
26.932722, 2.659424e-003,26.932722, 3.610640e-004,26.932722, 1.585762e-003,26.932722, 1.023316e-002,
27.471377, 2.560347e-003,27.471377, 3.502710e-004,27.471377, 1.530583e-003,27.471377, 9.840349e-003,
28.020804, 2.464223e-003,28.020804, 3.397961e-004,28.020804, 1.477140e-003,28.020804, 9.457646e-003,
28.581221, 2.370996e-003,28.581221, 3.296300e-004,28.581221, 1.425382e-003,28.581221, 9.085019e-003,
29.152845, 2.280608e-003,29.152845, 3.197637e-004,29.152845, 1.375261e-003,29.152845, 8.722420e-003,
29.735902, 2.193002e-003,29.735902, 3.101883e-004,29.735902, 1.312856e-003,29.735902, 8.369793e-003,
30.330620, 2.108122e-003,30.330620, 3.008954e-004,30.330620, 1.245988e-003,30.330620, 8.027069e-003,
30.937233, 2.025910e-003,30.937233, 2.918765e-004,30.937233, 1.181959e-003,30.937233, 7.694171e-003,
31.555978, 1.946310e-003,31.555978, 2.831238e-004,31.555978, 1.124692e-003,31.555978, 7.371009e-003,
32.187098, 1.869264e-003,32.187098, 2.746295e-004,32.187098, 1.088122e-003,32.187098, 7.057489e-003,
32.830840, 1.794717e-003,32.830840, 2.663858e-004,32.830840, 1.052665e-003,32.830840, 6.753504e-003,
33.487457, 1.722613e-003,33.487457, 2.583855e-004,33.487457, 1.014297e-003,33.487457, 6.458944e-003,
34.157206, 1.652895e-003,34.157206, 2.506215e-004,34.157206, 9.641355e-004,34.157206, 6.173687e-003,
34.840350, 1.585509e-003,34.840350, 2.430867e-004,34.840350, 9.319993e-004,34.840350, 5.897607e-003,
35.537157, 1.520398e-003,35.537157, 2.357746e-004,35.537157, 9.008537e-004,35.537157, 5.630572e-003,
36.247901, 1.457510e-003,36.247901, 2.286785e-004,36.247901, 8.706696e-004,36.247901, 5.372442e-003,
36.972859, 1.396788e-003,36.972859, 2.217921e-004,36.972859, 8.286171e-004,36.972859, 5.123074e-003,
37.712316, 1.338181e-003,37.712316, 2.151092e-004,37.712316, 7.723838e-004,37.712316, 4.882319e-003,
38.466563, 1.281634e-003,38.466563, 2.086240e-004,38.466563, 7.193420e-004,38.466563, 4.650024e-003,
39.235894, 1.227094e-003,39.235894, 2.023306e-004,39.235894, 6.693504e-004,39.235894, 4.426030e-003,
40.020612, 1.174510e-003,40.020612, 1.962233e-004,40.020612, 6.300024e-004,40.020612, 4.210178e-003,
40.821024, 1.123831e-003,40.821024, 1.902967e-004,40.821024, 6.107925e-004,40.821024, 4.002303e-003,
41.637445, 1.075004e-003,41.637445, 1.845455e-004,41.637445, 5.921519e-004,41.637445, 3.802239e-003,
42.470194, 1.027980e-003,42.470194, 1.789646e-004,42.470194, 5.740639e-004,42.470194, 3.609815e-003,
43.319598, 9.827086e-004,43.319598, 1.735489e-004,43.319598, 5.565123e-004,43.319598, 3.424861e-003,
44.185990, 9.391414e-004,44.185990, 1.682936e-004,44.185990, 5.394816e-004,44.185990, 3.247203e-003,
45.069710, 8.972297e-004,45.069710, 1.631940e-004,45.069710, 5.229563e-004,45.069710, 3.076666e-003,
45.971105, 8.569259e-004,45.971105, 1.582455e-004,45.971105, 5.069218e-004,45.971105, 2.913075e-003,
46.890527, 8.181829e-004,46.890527, 1.534437e-004,46.890527, 4.913637e-004,46.890527, 2.756253e-003,
47.828338, 7.809546e-004,47.828338, 1.488217e-004,47.828338, 4.762681e-004,47.828338, 2.606023e-003,
48.784904, 7.451953e-004,48.784904, 1.443588e-004,48.784904, 4.616213e-004,48.784904, 2.462208e-003,
49.760603, 7.108603e-004,49.760603, 1.400277e-004,49.760603, 4.474103e-004,49.760603, 2.324630e-003,
50.755815, 6.779056e-004,50.755815, 1.358244e-004,50.755815, 4.336223e-004,50.755815, 2.193112e-003,
51.770931, 6.462879e-004,51.770931, 1.317452e-004,51.770931, 4.202449e-004,51.770931, 2.067478e-003,
52.806350, 6.159647e-004,52.806350, 1.277865e-004,52.806350, 4.072661e-004,52.806350, 1.947552e-003,
53.862477, 5.868945e-004,53.862477, 1.239447e-004,53.862477, 3.939103e-004,53.862477, 1.833159e-003,
54.939727, 5.590361e-004,54.939727, 1.202164e-004,54.939727, 3.817377e-004,54.939727, 1.724126e-003,
56.038522, 5.323497e-004,56.038522, 1.165983e-004,56.038522, 3.699281e-004,56.038522, 1.620280e-003,
57.159292, 5.067959e-004,57.159292, 1.130872e-004,57.159292, 3.584708e-004,57.159292, 1.521451e-003,
58.302478, 4.823361e-004,58.302478, 1.096798e-004,58.302478, 3.384410e-004,58.302478, 1.427470e-003,
59.468528, 4.589328e-004,59.468528, 1.063732e-004,59.468528, 3.177123e-004,59.468528, 1.338170e-003,
60.657899, 4.365491e-004,60.657899, 1.031644e-004,60.657899, 2.980475e-004,60.657899, 1.253387e-003,
61.871057, 4.151489e-004,61.871057, 9.582392e-005,61.871057, 2.794033e-004,61.871057, 1.172957e-003,
63.108478, 3.946971e-004,63.108478, 8.677971e-005,63.108478, 2.650655e-004,63.108478, 1.096722e-003,
64.370648, 3.751592e-004,64.370648, 7.847741e-005,64.370648, 2.552599e-004,64.370648, 1.024522e-003,
65.658061, 3.565016e-004,65.658061, 7.086653e-005,65.658061, 2.463913e-004,65.658061, 9.562032e-004,
66.971222, 3.386917e-004,66.971222, 6.389922e-005,66.971222, 2.363370e-004,66.971222, 8.916135e-004,
68.310647, 3.216974e-004,68.310647, 5.753010e-005,68.310647, 2.273911e-004,68.310647, 8.306033e-004,
69.676860, 3.054877e-004,69.676860, 5.171625e-005,69.676860, 2.187445e-004,69.676860, 7.730262e-004,
71.070397, 2.900322e-004,71.070397, 4.641713e-005,71.070397, 2.103882e-004,71.070397, 7.187390e-004,
72.491805, 2.753014e-004,72.491805, 4.159446e-005,72.491805, 2.023133e-004,72.491805, 6.676015e-004,
73.941642, 2.612666e-004,73.941642, 3.721218e-005,73.941642, 1.945112e-004,73.941642, 6.194766e-004,
75.420475, 2.478999e-004,75.420475, 3.323633e-005,75.420475, 1.869737e-004,75.420475, 5.742307e-004,
76.928884, 2.351741e-004,76.928884, 2.963503e-005,76.928884, 1.796926e-004,76.928884, 5.374995e-004,
78.467462, 2.230631e-004,78.467462, 2.637833e-005,78.467462, 1.726602e-004,78.467462, 5.085910e-004,
80.036812, 2.115410e-004,80.036812, 2.343821e-005,80.036812, 1.658688e-004,80.036812, 4.846513e-004,
81.637548, 2.005833e-004,81.637548, 2.078841e-005,81.637548, 1.593111e-004,81.637548, 4.616574e-004,
83.270299, 1.901659e-004,83.270299, 1.840445e-005,83.270299, 1.529798e-004,83.270299, 4.395787e-004,
84.935705, 1.802655e-004,84.935705, 1.626347e-005,84.935705, 1.468680e-004,84.935705, 4.183855e-004,
86.634420, 1.708596e-004,86.634420, 1.434421e-005,86.634420, 1.409689e-004,86.634420, 3.980488e-004,
88.367108, 1.619265e-004,88.367108, 1.262689e-005,88.367108, 1.352690e-004,88.367108, 3.785406e-004,
90.134450, 1.534449e-004,90.134450, 1.109318e-005,90.134450, 1.291303e-004,90.134450, 3.598334e-004,
91.937140, 1.453947e-004,91.937140, 9.726100e-006,91.937140, 1.235315e-004,91.937140, 3.419005e-004,
93.775882, 1.377562e-004,93.775882, 8.509948e-006,93.775882, 1.175562e-004,93.775882, 3.247159e-004,
95.651400, 1.305104e-004,95.651400, 7.430241e-006,95.651400, 1.121056e-004,95.651400, 3.082545e-004,
97.564428, 1.236390e-004,97.564428, 6.473643e-006,97.564428, 1.068695e-004,97.564428, 2.924916e-004,
99.515717, 1.171245e-004,99.515717, 5.627895e-006,99.515717, 1.035122e-004,99.515717, 2.800770e-004,
101.506032, 1.109500e-004,101.506032, 4.881754e-006,101.506032, 1.003078e-004,101.506032, 2.689463e-004,
103.536152, 1.050991e-004,103.536152, 4.224927e-006,103.536152, 9.474822e-005,103.536152, 2.582002e-004,
105.606876, 9.955608e-005,105.606876, 3.648013e-006,105.606876, 9.013410e-005,105.606876, 2.478269e-004,
107.719013, 9.430601e-005,107.719013, 3.142444e-006,107.719013, 8.726291e-005,107.719013, 2.378151e-004,
109.873394, 8.933441e-005,109.873394, 2.700426e-006,109.873394, 8.447864e-005,109.873394, 2.281536e-004,
112.070862, 8.462739e-005,112.070862, 2.314888e-006,112.070862, 8.177871e-005,112.070862, 2.188318e-004,
114.312279, 8.017169e-005,114.312279, 1.979426e-006,114.312279, 7.725411e-005,114.312279, 2.098391e-004,
116.598525, 7.595458e-005,116.598525, 1.688257e-006,116.598525, 7.323343e-005,116.598525, 2.011655e-004,
118.930496, 7.196386e-005,118.930496, 1.436170e-006,118.930496, 7.069687e-005,118.930496, 1.928010e-004,
121.309106, 6.818789e-005,121.309106, 1.218481e-006,121.309106, 6.477477e-005,121.309106, 1.847360e-004,
123.735288, 6.461554e-005,123.735288, 1.030990e-006,123.735288, 5.838033e-005,123.735288, 1.769613e-004,
126.209994, 6.123615e-005,126.209994, 8.699395e-007,126.209994, 5.400804e-005,126.209994, 1.677822e-004,
128.734194, 5.803959e-005,128.734194, 7.319799e-007,128.734194, 5.235242e-005,128.734194, 1.586137e-004,
131.308878, 5.501618e-005,131.308878, 6.141298e-007,131.308878, 5.074609e-005,131.308878, 1.498646e-004,
133.935056, 5.215667e-005,133.935056, 5.137447e-007,133.935056, 4.918760e-005,133.935056, 1.415197e-004,
136.613757, 4.945229e-005,136.613757, 4.284848e-007,136.613757, 4.767555e-005,136.613757, 1.335640e-004,
139.346032, 4.689467e-005,139.346032, 3.562857e-007,139.346032, 4.620857e-005,139.346032, 1.259829e-004,
142.132953, 4.447586e-005,142.132953, 2.953316e-007,142.132953, 4.478533e-005,142.132953, 1.187624e-004,
144.975612, 4.218830e-005,144.975612, 2.440300e-007,144.975612, 4.340454e-005,144.975612, 1.118886e-004,
147.875124, 4.002481e-005,147.875124, 2.009883e-007,147.875124, 4.205082e-005,147.875124, 1.053484e-004,
150.832627, 3.797857e-005,150.832627, 1.649927e-007,150.832627, 3.981256e-005,150.832627, 9.912873e-005,
153.849280, 3.604312e-005,153.849280, 1.349883e-007,153.849280, 3.808157e-005,153.849280, 9.321708e-005,
156.926266, 3.421233e-005,156.926266, 1.100617e-007,156.926266, 3.548809e-005,156.926266, 8.760126e-005,
160.064791, 3.248041e-005,160.064791, 8.942426e-008,160.064791, 3.304407e-005,160.064791, 8.226946e-005,
163.266087, 3.084184e-005,163.266087, 7.239740e-008,163.266087, 3.074260e-005,163.266087, 7.721020e-005,
166.531409, 2.929142e-005,166.531409, 5.839938e-008,166.531409, 2.857700e-005,166.531409, 7.241237e-005,
169.862037, 2.782425e-005,169.862037, 4.693314e-008,169.862037, 2.739717e-005,169.862037, 6.786517e-005,
173.259278, 2.643567e-005,173.259278, 3.757552e-008,173.259278, 2.655534e-005,173.259278, 6.355815e-005,
176.724464, 2.512127e-005,176.724464, 2.996757e-008,176.724464, 2.573859e-005,176.724464, 5.948120e-005,
180.258953, 2.387692e-005,180.258953, 2.380596e-008,180.258953, 2.494620e-005,180.258953, 5.562447e-005,
183.864133, 2.269869e-005,183.864133, 1.883534e-008,183.864133, 2.417745e-005,183.864133, 5.197848e-005,
187.541415, 2.158288e-005,187.541415, 1.484157e-008,187.541415, 2.301937e-005,187.541415, 4.897933e-005,
191.292244, 2.052600e-005,191.292244, 1.164581e-008,191.292244, 2.156236e-005,191.292244, 4.726038e-005,
195.118089, 1.952477e-005,195.118089, 9.099262e-009,195.118089, 2.037865e-005,195.118089, 4.559624e-005,
199.020451, 1.857607e-005,199.020451, 7.078687e-009,199.020451, 1.884643e-005,199.020451, 4.398526e-005,
203.000860, 1.767698e-005,203.000860, 5.482410e-009,203.000860, 1.741246e-005,203.000860, 4.242586e-005,
207.060877, 1.682474e-005,207.060877, 4.226921e-009,207.060877, 1.607162e-005,207.060877, 4.091650e-005,
211.202095, 1.601676e-005,211.202095, 3.243929e-009,211.202095, 1.489083e-005,211.202095, 3.945567e-005,
215.426137, 1.525058e-005,215.426137, 2.477839e-009,215.426137, 1.422087e-005,215.426137, 3.804191e-005,
219.734660, 1.452390e-005,219.734660, 1.883599e-009,219.734660, 1.374045e-005,219.734660, 3.667382e-005,
224.129353, 1.383455e-005,224.129353, 1.424873e-009,224.129353, 1.327502e-005,224.129353, 3.535001e-005,
228.611940, 1.318046e-005,228.611940, 1.072490e-009,228.611940, 1.282414e-005,228.611940, 3.406917e-005,
233.184179, 1.255972e-005,233.184179, 8.031501e-010,233.184179, 1.238737e-005,233.184179, 3.282998e-005,
237.847863, 1.197050e-005,237.847863, 5.983321e-010,237.847863, 1.196429e-005,237.847863, 3.163121e-005,
242.604821, 1.141109e-005,242.604821, 4.433889e-010,242.604821, 1.155449e-005,242.604821, 3.047163e-005,
247.456917, 1.087988e-005,247.456917, 3.267973e-010,247.456917, 1.115758e-005,247.456917, 2.935006e-005,
252.406056, 1.037534e-005,252.406056, 2.395389e-010,252.406056, 1.077317e-005,252.406056, 2.826535e-005,
257.454177, 9.896026e-006,257.454177, 1.745943e-010,257.454177, 1.026395e-005,257.454177, 2.721639e-005,
262.603261, 9.440596e-006,262.603261, 1.265294e-010,262.603261, 9.642919e-006,262.603261, 2.620209e-005,
267.855326, 9.007768e-006,267.855326, 9.116135e-011,267.855326, 9.050602e-006,267.855326, 2.511104e-005,
273.212433, 8.596338e-006,273.212433, 6.528852e-011,273.212433, 8.359145e-006,273.212433, 2.405888e-005,
278.676681, 8.205167e-006,278.676681, 4.647485e-011,278.676681, 7.996243e-006,278.676681, 2.314425e-005,
284.250215, 7.833182e-006,284.250215, 3.287771e-011,284.250215, 7.709907e-006,284.250215, 2.226036e-005,
289.935220, 7.479370e-006,289.935220, 2.311178e-011,289.935220, 7.432819e-006,289.935220, 2.140627e-005,
295.733924, 7.142774e-006,295.733924, 1.614205e-011,295.733924, 7.164701e-006,295.733924, 2.058105e-005,
301.648603, 6.822489e-006,301.648603, 1.120009e-011,301.648603, 6.775264e-006,301.648603, 1.978384e-005,
307.681575, 6.517662e-006,307.681575, 7.719060e-012,307.681575, 6.330138e-006,307.681575, 1.901378e-005,
313.835207, 6.227485e-006,313.835207, 5.283590e-012,313.835207, 5.882123e-006,313.835207, 1.827003e-005,
320.111911, 5.951196e-006,320.111911, 3.591337e-012,320.111911, 5.342081e-006,320.111911, 1.755179e-005,
326.514149, 5.688073e-006,326.514149, 2.423734e-012,326.514149, 4.845135e-006,326.514149, 1.685827e-005,
333.044433, 5.437435e-006,333.044433, 1.623878e-012,333.044433, 4.388428e-006,333.044433, 1.618871e-005,
339.705321, 5.198637e-006,339.705321, 1.079937e-012,339.705321, 3.969244e-006,339.705321, 1.554237e-005,
346.499428, 4.971069e-006,346.499428, 7.127803e-013,346.499428, 3.585009e-006,346.499428, 1.491854e-005,
353.429417, 4.754154e-006,353.429417, 4.668306e-013,353.429417, 3.233286e-006,353.429417, 1.431653e-005,
360.498005, 4.547346e-006,360.498005, 3.033490e-013,360.498005, 2.911770e-006,360.498005, 1.373564e-005,
367.707965, 4.350130e-006,367.707965, 1.955405e-013,367.707965, 2.618280e-006,367.707965, 1.317523e-005,
375.062125, 4.162017e-006,375.062125, 1.250179e-013,375.062125, 2.350759e-006,375.062125, 1.263466e-005,
382.563368, 3.982544e-006,382.563368, 7.926439e-014,382.563368, 2.113629e-006,382.563368, 1.211332e-005,
390.214635, 3.811274e-006,390.214635, 4.982894e-014,390.214635, 1.949701e-006,390.214635, 1.161059e-005,
398.018928, 3.647794e-006,398.018928, 3.105338e-014,398.018928, 1.796652e-006,398.018928, 1.112591e-005,
405.979307, 3.491712e-006,405.979307, 1.918158e-014,405.979307, 1.653895e-006,405.979307, 1.065869e-005,
414.098893, 3.342658e-006,414.098893, 1.174170e-014,414.098893, 1.520864e-006,414.098893, 1.020840e-005,
422.380871, 3.200280e-006,422.380871, 7.121482e-015,422.380871, 1.397019e-006,422.380871, 9.774498e-006,
430.828488, 3.064247e-006,430.828488, 4.278803e-015,430.828488, 1.281842e-006,430.828488, 9.356466e-006,
439.445058, 2.934245e-006,439.445058, 2.546274e-015,439.445058, 1.174836e-006,439.445058, 8.953802e-006,
448.233960, 2.809978e-006,448.233960, 1.500498e-015,448.233960, 1.075525e-006,448.233960, 8.566017e-006,
457.198639, 2.691164e-006,457.198639, 8.754442e-016,457.198639, 9.834553e-007,457.198639, 8.192637e-006,
466.342612, 2.577537e-006,466.342612, 5.055885e-016,466.342612, 8.981922e-007,466.342612, 7.833202e-006,
475.669464, 2.468846e-006,475.669464, 2.889704e-016,475.669464, 8.193211e-007,475.669464, 7.487263e-006,
485.182854, 2.364852e-006,485.182854, 1.634206e-016,485.182854, 7.464462e-007,485.182854, 7.154388e-006,
494.886511, 2.265331e-006,494.886511, 9.142504e-017,494.886511, 6.791907e-007,494.886511, 6.834154e-006,
504.784241, 2.170069e-006,504.784241, 5.058654e-017,504.784241, 6.171953e-007,504.784241, 6.526152e-006,
514.879926, 2.078865e-006,514.879926, 2.767708e-017,514.879926, 5.601187e-007,514.879926, 6.229985e-006,
525.177525, 1.991528e-006,525.177525, 1.497006e-017,525.177525, 5.076362e-007,525.177525, 5.945266e-006,
535.681076, 1.907876e-006,535.681076, 8.002857e-018,535.681076, 4.594395e-007,535.681076, 5.671622e-006,
546.394697, 1.827740e-006,546.394697, 4.227497e-018,546.394697, 4.152366e-007,546.394697, 5.430043e-006,
557.322592, 1.750957e-006,557.322592, 2.206148e-018,557.322592, 3.747503e-007,557.322592, 5.220630e-006,
568.469043, 1.677375e-006,568.469043, 1.137086e-018,568.469043, 3.377189e-007,568.469043, 5.018326e-006,
579.838425, 1.606847e-006,579.838425, 5.786974e-019,579.838425, 3.038945e-007,579.838425, 4.822915e-006,
591.435193, 1.539236e-006,591.435193, 2.907363e-019,591.435193, 2.730433e-007,591.435193, 4.617098e-006,
603.263897, 1.474413e-006,603.263897, 1.441533e-019,603.263897, 2.449448e-007,603.263897, 4.387597e-006,
615.329175, 1.412253e-006,615.329175, 7.052006e-020,615.329175, 2.193915e-007,615.329175, 4.167728e-006,
627.635759, 1.352640e-006,627.635759, 3.402883e-020,627.635759, 1.961878e-007,627.635759, 3.957158e-006,
640.188474, 1.295462e-006,640.188474, 1.619231e-020,640.188474, 1.751505e-007,640.188474, 3.755563e-006,
652.992244, 1.240614e-006,652.992244, 7.595845e-021,652.992244, 1.561074e-007,652.992244, 3.566288e-006,
666.052089, 1.187997e-006,666.052089, 3.511765e-021,666.052089, 1.388972e-007,666.052089, 3.412286e-006,
679.373131, 1.137514e-006,679.373131, 1.599670e-021,679.373131, 1.233693e-007,679.373131, 3.276894e-006,
692.960594, 1.089076e-006,692.960594, 7.177316e-022,692.960594, 1.093827e-007,692.960594, 3.146195e-006,
706.819806, 1.042598e-006,706.819806, 3.170947e-022,706.819806, 9.680620e-008,706.819806, 3.020044e-006,
720.956202, 9.979968e-007,720.956202, 1.379041e-022,720.956202, 8.551743e-008,720.956202, 2.898301e-006,
735.375326, 9.551957e-007,735.375326, 5.901874e-023,735.375326, 7.540272e-008,735.375326, 2.780829e-006,
750.082833, 9.141207e-007,750.082833, 2.484778e-023,750.082833, 6.635658e-008,750.082833, 2.667495e-006,
765.084490, 8.747013e-007,765.084490, 1.028793e-023,765.084490, 5.828124e-008,765.084490, 2.558171e-006,
780.386180, 8.368706e-007,780.386180, 4.187608e-024,780.386180, 5.108630e-008,780.386180, 2.463347e-006,
795.993903, 8.005645e-007,795.993903, 1.675150e-024,795.993903, 4.468827e-008,795.993903, 2.371687e-006,
811.913782, 7.657220e-007,811.913782, 6.583241e-025,811.913782, 3.901022e-008,811.913782, 2.283062e-006,
828.152057, 7.322849e-007,828.152057, 2.540800e-025,828.152057, 3.398136e-008,828.152057, 2.197381e-006,
844.715099, 7.001976e-007,844.715099, 9.626951e-026,844.715099, 2.953673e-008,844.715099, 2.114553e-006,
861.609401, 6.694068e-007,861.609401, 3.579598e-026,861.609401, 2.561677e-008,861.609401, 2.034493e-006,
878.841589, 6.398616e-007,878.841589, 1.305701e-026,878.841589, 2.216703e-008,878.841589, 1.957116e-006,
896.418421, 6.115136e-007,896.418421, 4.670358e-027,896.418421, 1.913781e-008,896.418421, 1.882340e-006,
914.346789, 5.843159e-007,914.346789, 1.637509e-027,914.346789, 1.648385e-008,914.346789, 1.812450e-006,
932.633725, 5.582241e-007,932.633725, 5.625627e-028,932.633725, 1.416401e-008,932.633725, 1.740277e-006,
951.286400, 5.331955e-007,951.286400, 1.892932e-028,951.286400, 1.214100e-008,951.286400, 1.672838e-006,
970.312128, 5.091889e-007,970.312128, 6.235845e-029,970.312128, 1.038107e-008,970.312128, 1.607697e-006,
989.718371, 4.861652e-007,989.718371, 2.010332e-029,989.718371, 8.853747e-009,989.718371, 1.544783e-006,
1009.512738, 4.640865e-007,1009.512738, 6.339645e-030,1009.512738, 7.531612e-009,1009.512738, 1.484027e-006,
1029.702993, 4.429167e-007,1029.702993, 1.954767e-030,1029.702993, 6.390015e-009,1029.702993, 1.425364e-006,
1050.297053, 4.226210e-007,1050.297053, 5.890645e-031,1050.297053, 5.406872e-009,1050.297053, 1.368729e-006,
1071.302995, 4.031660e-007,1071.302995, 1.734080e-031,1071.302995, 4.562439e-009,1071.302995, 1.314059e-006,
1092.729055, 3.845195e-007,1092.729055, 4.984375e-032,1092.729055, 3.839115e-009,1092.729055, 1.261294e-006,
1114.583636, 3.666508e-007,1114.583636, 1.398235e-032,1114.583636, 3.221244e-009,1114.583636, 1.210375e-006,
1136.875309, 3.495300e-007,1136.875309, 3.826189e-033,1136.875309, 2.694946e-009,1136.875309, 1.161244e-006,
1159.612815, 3.331286e-007,1159.612815, 1.020830e-033,1159.612815, 2.247942e-009,1159.612815, 1.113845e-006,
1182.805072, 3.174191e-007,1182.805072, 2.654125e-034,1182.805072, 1.869401e-009,1182.805072, 1.068126e-006,
1206.461173, 3.023750e-007,1206.461173, 6.721186e-035,1206.461173, 1.549803e-009,1206.461173, 1.024033e-006,
1230.590397, 2.879709e-007,1230.590397, 1.656907e-035,1230.590397, 1.280795e-009,1230.590397, 9.815162e-007,
1255.202205, 2.741822e-007,1255.202205, 3.974154e-036,1255.202205, 1.055079e-009,1255.202205, 9.405254e-007,
1280.306249, 2.609852e-007,1280.306249, 9.269312e-037,1280.306249, 8.662923e-010,1280.306249, 9.010129e-007,
1305.912374, 2.483571e-007,1305.912374, 2.101182e-037,1305.912374, 7.089072e-010,1305.912374, 8.629323e-007,
1332.030622, 2.362760e-007,1332.030622, 4.626422e-038,1332.030622, 5.781370e-010,1332.030622, 8.262384e-007,
1358.671234, 2.247208e-007,1358.671234, 9.888717e-039,1358.671234, 4.698497e-010,1358.671234, 7.908872e-007,
1385.844659, 2.136709e-007,1385.844659, 2.050642e-039,1385.844659, 3.804903e-010,1385.844659, 7.568362e-007,
1413.561553, 2.031067e-007,1413.561553, 4.123177e-040,1413.561553, 3.070110e-010,1413.561553, 7.240441e-007,
1441.832784, 1.930092e-007,1441.832784, 8.033381e-041,1441.832784, 2.468076e-010,1441.832784, 6.924707e-007,
1470.669440, 1.833602e-007,1470.669440, 1.515708e-041,1470.669440, 1.976629e-010,1470.669440, 6.620770e-007,
1500.082829, 1.741420e-007,1500.082829, 2.767606e-042,1500.082829, 1.576961e-010,1500.082829, 6.328252e-007,
1530.084485, 1.653376e-007,1530.084485, 4.887426e-043,1530.084485, 1.253178e-010,1530.084485, 6.046785e-007,
1560.686175, 1.569305e-007,1560.686175, 8.341671e-044,1560.686175, 9.918963e-011,1560.686175, 5.776012e-007,
1591.899899, 1.489049e-007,1591.899899, 1.375076e-044,1591.899899, 7.818922e-011,1591.899899, 5.515586e-007,
1623.737897, 1.412456e-007,1623.737897, 2.187759e-045,1623.737897, 6.137889e-011,1623.737897, 5.265172e-007,
1656.212655, 1.339378e-007,1656.212655, 3.357090e-046,1656.212655, 4.797850e-011,1656.212655, 5.024443e-007,
1689.336908, 1.269672e-007,1689.336908, 4.964817e-047,1689.336908, 3.734158e-011,1689.336908, 4.793081e-007,
1723.123647, 1.203203e-007,1723.123647, 7.071307e-048,1723.123647, 2.893475e-011,1723.123647, 4.570778e-007,
1757.586120, 1.139838e-007,1757.586120, 9.692272e-049,1757.586120, 2.231975e-011,1757.586120, 4.357235e-007,
1792.737842, 1.079449e-007,1792.737842, 1.277461e-049,1792.737842, 1.713808e-011,1792.737842, 4.152161e-007,
1828.592599, 1.021913e-007,1828.592599, 1.617802e-050,1828.592599, 1.309780e-011,1828.592599, 3.955276e-007,
1865.164451, 9.671125e-008,1865.164451, 1.967035e-051,1865.164451, 9.962250e-012,1865.164451, 3.766304e-007,
1902.467741, 9.149326e-008,1902.467741, 2.294321e-052,1902.467741, 7.540455e-012,1902.467741, 3.584980e-007,
1940.517096, 8.652633e-008,1940.517096, 2.565020e-053,1940.517096, 5.679061e-012,1940.517096, 3.411046e-007,
1979.327438, 8.179986e-008,1979.327438, 2.746335e-054,1979.327438, 4.255504e-012,1979.327438, 3.244250e-007,
2018.913987, 7.730362e-008,2018.913987, 2.813630e-055,2018.913987, 3.172320e-012,2018.913987, 3.084350e-007,
2059.292266, 7.302776e-008,2059.292266, 2.755804e-056,2059.292266, 2.352390e-012,2059.292266, 2.931109e-007,
2100.478112, 6.896279e-008,2100.478112, 2.578142e-057,2100.478112, 1.735012e-012,2100.478112, 2.784298e-007,
2142.487674, 6.509958e-008,2142.487674, 2.301675e-058,2142.487674, 1.272651e-012,2142.487674, 2.643693e-007,
2185.337428, 6.142934e-008,2185.337428, 1.959087e-059,2185.337428, 9.282872e-013,2185.337428, 2.509079e-007,
2229.044177, 5.794359e-008,2229.044177, 1.588258e-060,2229.044177, 6.732445e-013,2229.044177, 2.380245e-007,
2273.625060, 5.463419e-008,2273.625060, 1.225246e-061,2273.625060, 4.854350e-013,2273.625060, 2.256988e-007,
2319.097562, 5.149330e-008,2319.097562, 8.985229e-063,2319.097562, 3.479417e-013,2319.097562, 2.139109e-007,
2365.479513, 4.851339e-008,2365.479513, 6.257470e-064,2365.479513, 2.478833e-013,2365.479513, 2.026416e-007,
2412.789104, 4.568720e-008,2412.789104, 4.134123e-065,2412.789104, 1.755097e-013,2412.789104, 1.918722e-007,
2461.044886, 4.300777e-008,2461.044886, 2.588364e-066,2461.044886, 1.234849e-013,2461.044886, 1.815848e-007,
2510.265784, 4.046840e-008,2510.265784, 1.534114e-067,2510.265784, 8.632383e-014,2510.265784, 1.717616e-007,
2560.471099, 3.806265e-008,2560.471099, 8.598139e-069,2560.471099, 5.995094e-014,2560.471099, 1.623857e-007,
2611.680522, 3.578435e-008,2611.680522, 4.551764e-070,2611.680522, 4.135734e-014,2611.680522, 1.538089e-007,
2663.914132, 3.362756e-008,2663.914132, 2.273464e-071,2663.914132, 2.833624e-014,2663.914132, 1.458868e-007,
2717.192415, 3.158659e-008,2717.192415, 1.070100e-072,2717.192415, 1.927994e-014,2717.192415, 1.383085e-007,
2771.536263, 2.965597e-008,2771.536263, 4.741034e-074,2771.536263, 1.302514e-014,2771.536263, 1.310620e-007,
2826.966989, 2.783046e-008,2826.966989, 1.974733e-075,2826.966989, 8.735961e-015,2826.966989, 1.241352e-007,
2883.506329, 2.610503e-008,2883.506329, 7.723142e-077,2883.506329, 5.816041e-015,2883.506329, 1.175168e-007,
2941.176456, 2.447487e-008,2941.176456, 2.832586e-078,2941.176456, 3.842984e-015,2941.176456, 1.111953e-007,
2999.999985, 2.293534e-008,2999.999985, 9.730107e-080,2999.999985, 2.519814e-015,2999.999985, 1.051601e-007,
3059.999985, 2.148203e-008,3059.999985, 3.126285e-081,3059.999985, 1.639307e-015,3059.999985, 9.940058e-008,
