//t, young_mean_age_well8, t, young_p2_well8, t, fraction_old_well8, t, age_old_well8, t, fm_well8, t, He_acc_rate, t, 13C_bio, t, 13C_mineral, 
2.233273, 2.102939e-003,2.599750, 6.723269e-002,2.599750, 6.723269e-002,395.087065, 8.608689e-005,395.087065, 8.608689e-005,2.500010, 2.609184e-002,-28.980000, 1.449843e-004,-0.990000, 2.899686e-004,
4.463751, 1.179591e-002,7.599250, 4.433189e-002,7.599250, 4.433189e-002,1027.147312, 2.003071e-004,1027.147312, 2.003071e-004,7.500010, 3.983676e-003,-28.940000, 1.698687e-004,-0.970000, 3.397373e-004,
6.694229, 2.176464e-002,12.598750, 2.696275e-002,12.598750, 2.696275e-002,1659.207560, 2.042119e-004,1659.207560, 2.042119e-004,12.500010, 1.538475e-003,-28.900000, 1.987058e-004,-0.950000, 3.974117e-004,
8.924706, 2.814422e-002,17.598250, 1.745934e-002,17.598250, 1.745934e-002,2291.267807, 1.776669e-004,2291.267807, 1.776669e-004,17.500010, 8.002957e-004,-28.860000, 2.320669e-004,-0.930000, 4.641337e-004,
11.155184, 3.103751e-002,22.597750, 1.193661e-002,22.597750, 1.193661e-002,2923.328054, 1.474796e-004,2923.328054, 1.474796e-004,22.500010, 4.843926e-004,-28.820000, 2.705956e-004,-0.910000, 5.411913e-004,
13.385662, 3.147795e-002,27.597250, 8.514270e-003,27.597250, 8.514270e-003,3555.388302, 1.207239e-004,3555.388302, 1.207239e-004,27.500010, 3.216405e-004,-28.780000, 3.150167e-004,-0.890000, 6.300333e-004,
15.616140, 3.041646e-002,32.596750, 6.279414e-003,32.596750, 6.279414e-003,4187.448549, 9.865173e-005,4187.448549, 9.865173e-005,32.500010, 2.274143e-004,-28.740000, 3.661436e-004,-0.870000, 7.322872e-004,
17.846618, 2.853230e-002,37.596250, 4.757386e-003,37.596250, 4.757386e-003,4819.508796, 8.088129e-005,4819.508796, 8.088129e-005,37.500010, 1.682807e-004,-28.700000, 4.248880e-004,-0.850000, 8.497760e-004,
20.077095, 2.626538e-002,42.595750, 3.684839e-003,42.595750, 3.684839e-003,5451.569044, 6.667084e-005,5451.569044, 6.667084e-005,42.500010, 1.289048e-004,-28.660000, 4.922691e-004,-0.830000, 9.845382e-004,
22.307573, 2.388486e-002,47.595250, 2.907423e-003,47.595250, 2.907423e-003,6083.629291, 5.529874e-005,6083.629291, 5.529874e-005,47.500010, 1.014655e-004,-28.620000, 5.694241e-004,-0.810000, 1.138848e-003,
24.538051, 2.154738e-002,52.594750, 2.330430e-003,52.594750, 2.330430e-003,6715.689538, 4.616012e-005,6715.689538, 4.616012e-005,52.500009, 8.164220e-005,-28.580000, 6.576189e-004,-0.790000, 1.315238e-003,
26.768529, 1.933838e-002,57.594250, 1.893467e-003,57.594250, 1.893467e-003,7347.749786, 3.877435e-005,7347.749786, 3.877435e-005,57.500009, 6.689502e-005,-28.540000, 7.582594e-004,-0.770000, 1.516519e-003,
28.999007, 1.729944e-002,62.593750, 1.556744e-003,62.593750, 1.556744e-003,7979.810033, 3.276731e-005,7979.810033, 3.276731e-005,62.500009, 5.565399e-005,-28.500000, 8.729040e-004,-0.750000, 1.745808e-003,
31.229484, 1.544576e-002,67.593250, 1.293301e-003,67.593250, 1.293301e-003,8611.870280, 2.784985e-005,8611.870280, 2.784985e-005,67.500009, 4.690786e-005,-28.460000, 1.003276e-003,-0.730000, 2.006551e-003,
33.459962, 1.377725e-002,72.592750, 1.084420e-003,72.592750, 1.084420e-003,9243.930528, 2.379850e-005,9243.930528, 2.379850e-005,72.500009, 3.998241e-005,-28.420000, 1.151275e-003,-0.710000, 2.302551e-003,
35.690440, 1.228527e-002,77.592250, 9.168275e-004,77.592250, 9.168275e-004,9875.990775, 2.043999e-005,9875.990775, 2.043999e-005,77.500009, 3.441466e-005,-28.380000, 1.318995e-003,-0.690000, 2.637991e-003,
37.920918, 1.095692e-002,82.591750, 7.809294e-004,82.591750, 7.809294e-004,10508.051022, 1.763932e-005,10508.051022, 1.763932e-005,82.500009, 2.987861e-005,-28.340000, 1.508733e-003,-0.670000, 3.017466e-003,
40.151396, 9.777492e-003,87.591250, 6.696765e-004,87.591250, 6.696765e-004,11140.111270, 1.529065e-005,11140.111270, 1.529065e-005,87.500009, 2.613952e-005,-28.300000, 1.723006e-003,-0.650000, 3.446011e-003,
42.381873, 8.731991e-003,92.590750, 5.778101e-004,92.590750, 5.778101e-004,11772.171517, 1.331052e-005,11772.171517, 1.331052e-005,92.500009, 2.302512e-005,-28.260000, 1.964564e-003,-0.630000, 3.929128e-003,
44.612351, 7.805969e-003,97.590250, 5.013541e-004,97.590250, 5.013541e-004,12404.231764, 1.163267e-005,12404.231764, 1.163267e-005,97.500009, 2.040676e-005,-28.220000, 2.236406e-003,-0.610000, 4.472813e-003,
46.842829, 6.985958e-003,102.589750, 4.372652e-004,102.589750, 4.372652e-004,13036.292012, 1.020419e-005,13036.292012, 1.020419e-005,102.500009, 1.818689e-005,-28.180000, 2.541794e-003,-0.590000, 5.083589e-003,
49.073307, 6.259669e-003,107.589250, 3.831879e-004,107.589250, 3.831879e-004,13668.352259, 8.982539e-006,13668.352259, 8.982539e-006,107.500009, 1.629052e-005,-28.140000, 2.884266e-003,-0.570000, 5.768531e-003,
51.303785, 5.616049e-003,112.588750, 3.372805e-004,112.588750, 3.372805e-004,14300.412506, 7.933326e-006,14300.412506, 7.933326e-006,112.500009, 1.465928e-005,-28.100000, 3.267647e-003,-0.550000, 6.535295e-003,
53.534262, 5.045248e-003,117.588250, 2.980894e-004,117.588250, 2.980894e-004,14932.472754, 7.028590e-006,14932.472754, 7.028590e-006,117.500009, 1.324723e-005,-28.060000, 3.696071e-003,-0.530000, 7.392141e-003,
55.764740, 4.538548e-003,122.587750, 2.644571e-004,122.587750, 2.644571e-004,15564.533001, 6.245467e-006,15564.533001, 6.245467e-006,122.500009, 1.201781e-005,-28.020000, 4.173981e-003,-0.510000, 8.347962e-003,
57.995218, 4.088265e-003,127.587250, 2.354551e-004,127.587250, 2.354551e-004,16196.593248, 5.565167e-006,16196.593248, 5.565167e-006,127.500009, 1.094169e-005,-27.980000, 4.706151e-003,-0.490000, 9.412301e-003,
60.225696, 3.687649e-003,132.586750, 2.103326e-004,132.586750, 2.103326e-004,16828.653496, 4.972169e-006,16828.653496, 4.972169e-006,132.500009, 9.995094e-006,-27.940000, 5.297687e-003,-0.470000, 1.059537e-002,
62.456174, 3.330778e-003,137.586250, 1.884783e-004,137.586250, 1.884783e-004,17460.713743, 4.453592e-006,17460.713743, 4.453592e-006,137.500009, 9.158635e-006,-27.900000, 5.954042e-003,-0.450000, 1.190808e-002,
64.686652, 3.012468e-003,142.585750, 1.693916e-004,142.585750, 1.693916e-004,18092.773990, 3.998698e-006,18092.773990, 3.998698e-006,142.500009, 8.416355e-006,-27.860000, 6.681017e-003,-0.430000, 1.336203e-002,
66.917129, 2.728178e-003,147.585250, 1.526597e-004,147.585250, 1.526597e-004,18724.834238, 3.598495e-006,18724.834238, 3.598495e-006,147.500009, 7.755043e-006,-27.820000, 7.484770e-003,-0.410000, 1.496954e-002,
69.147607, 2.473934e-003,152.584750, 1.379406e-004,152.584750, 1.379406e-004,19356.894485, 3.245423e-006,19356.894485, 3.245423e-006,152.500008, 7.163688e-006,-27.780000, 8.371811e-003,-0.390000, 1.674362e-002,
71.378085, 2.246256e-003,157.584250, 1.249491e-004,157.584250, 1.249491e-004,19988.954732, 2.933100e-006,19988.954732, 2.933100e-006,157.500008, 6.633059e-006,-27.740000, 9.349008e-003,-0.370000, 1.869802e-002,
73.608563, 2.042095e-003,162.583750, 1.134465e-004,162.583750, 1.134465e-004,20621.014980, 2.656121e-006,20621.014980, 2.656121e-006,162.500008, 6.155373e-006,-27.700000, 1.042358e-002,-0.350000, 2.084715e-002,
75.839041, 1.858778e-003,167.583250, 1.032320e-004,167.583250, 1.032320e-004,21253.075227, 2.409887e-006,21253.075227, 2.409887e-006,167.500008, 5.724035e-006,-27.660000, 1.160308e-002,-0.330000, 2.320615e-002,
78.069518, 1.693959e-003,172.582750, 9.413580e-005,172.582750, 9.413580e-005,21885.135474, 2.190478e-006,21885.135474, 2.190478e-006,172.500008, 5.333427e-006,-27.620000, 1.289540e-002,-0.310000, 2.579079e-002,
80.299996, 1.545578e-003,177.582250, 8.601382e-005,177.582250, 8.601382e-005,22517.195722, 1.994533e-006,22517.195722, 1.994533e-006,177.500008, 4.978743e-006,-27.580000, 1.430874e-002,-0.290000, 2.861747e-002,
82.530474, 1.411824e-003,182.581750, 7.874328e-005,182.581750, 7.874328e-005,23149.255969, 1.819171e-006,23149.255969, 1.819171e-006,182.500008, 4.655853e-006,-27.540000, 1.585160e-002,-0.270000, 3.170320e-002,
84.760952, 1.291101e-003,187.581250, 7.221917e-005,187.581250, 7.221917e-005,23781.316216, 1.661908e-006,23781.316216, 1.661908e-006,187.500008, 4.361192e-006,-27.500000, 1.753275e-002,-0.250000, 3.506549e-002,
86.991430, 1.182004e-003,192.580750, 6.635136e-005,192.580750, 6.635136e-005,24413.376464, 1.520598e-006,24413.376464, 1.520598e-006,192.500008, 4.091674e-006,-27.460000, 1.936119e-002,-0.230000, 3.872237e-002,
89.221907, 1.083292e-003,197.580250, 6.106219e-005,197.580250, 6.106219e-005,25045.436711, 1.393382e-006,25045.436711, 1.393382e-006,197.500008, 3.844614e-006,-27.420000, 2.134613e-002,-0.210000, 4.269225e-002,
91.452385, 9.938702e-004,202.579750, 5.628456e-005,202.579750, 5.628456e-005,25677.496958, 1.278646e-006,25677.496958, 1.278646e-006,202.500008, 3.617669e-006,-27.380000, 2.349694e-002,-0.190000, 4.699388e-002,
93.682863, 9.127674e-004,207.579250, 5.196030e-005,207.579250, 5.196030e-005,26309.557206, 1.174986e-006,26309.557206, 1.174986e-006,207.500008, 3.408789e-006,-27.340000, 2.582312e-002,-0.170000, 5.164624e-002,
95.913341, 8.391250e-004,212.578750, 4.803884e-005,212.578750, 4.803884e-005,26941.617453, 1.081173e-006,26941.617453, 1.081173e-006,212.500008, 3.216174e-006,-27.300000, 2.833422e-002,-0.150000, 5.666844e-002,
98.143819, 7.721809e-004,217.578250, 4.447608e-005,217.578250, 4.447608e-005,27573.677700, 9.961346e-007,27573.677700, 9.961346e-007,217.500008, 3.038236e-006,-27.260000, 3.103980e-002,-0.130000, 6.207960e-002,
100.374296, 7.112584e-004,222.577750, 4.123345e-005,222.577750, 4.123345e-005,28205.737948, 9.189288e-007,28205.737948, 9.189288e-007,222.500008, 2.873575e-006,-27.220000, 3.394937e-002,-0.110000, 6.789874e-002,
102.604774, 6.557557e-004,227.577250, 3.827715e-005,227.577250, 3.827715e-005,28837.798195, 8.487280e-007,28837.798195, 8.487280e-007,227.500008, 2.720949e-006,-27.180000, 3.707231e-002,-0.090000, 7.414462e-002,
104.835252, 6.051367e-004,232.576750, 3.557749e-005,232.576750, 3.557749e-005,29469.858442, 7.848032e-007,29469.858442, 7.848032e-007,232.500008, 2.579256e-006,-27.140000, 4.041780e-002,-0.070000, 8.083560e-002,
107.065730, 5.589238e-004,237.576250, 3.310829e-005,237.576250, 3.310829e-005,30101.918689, 7.265112e-007,30101.918689, 7.265112e-007,237.500008, 2.447514e-006,-27.100000, 4.399475e-002,-0.050000, 8.798950e-002,
109.296208, 5.166905e-004,242.575750, 3.084645e-005,242.575750, 3.084645e-005,30733.978937, 6.732829e-007,30733.978937, 6.732829e-007,242.500008, 2.324848e-006,-27.060000, 4.781170e-002,-0.030000, 9.562339e-002,
111.526685, 4.780556e-004,247.575250, 2.877152e-005,247.575250, 2.877152e-005,31366.039184, 6.246140e-007,31366.039184, 6.246140e-007,247.500008, 2.210472e-006,-27.020000, 5.187673e-002,-0.010000, 1.037535e-001,
113.757163, 4.426782e-004,252.574750, 2.686537e-005,252.574750, 2.686537e-005,31998.099431, 5.800570e-007,31998.099431, 5.800570e-007,252.500007, 2.103685e-006,-26.980000, 5.619739e-002,0.010000, 1.123948e-001,
115.987641, 4.102526e-004,257.574250, 2.511188e-005,257.574250, 2.511188e-005,32630.159679, 5.392138e-007,32630.159679, 5.392138e-007,257.500007, 2.003855e-006,-26.940000, 6.078058e-002,0.030000, 1.215612e-001,
118.218119, 3.805049e-004,262.573750, 2.349669e-005,262.573750, 2.349669e-005,33262.219926, 5.017298e-007,33262.219926, 5.017298e-007,262.500007, 1.910413e-006,-26.900000, 6.563245e-002,0.050000, 1.312649e-001,
120.448597, 3.531889e-004,267.573250, 2.200702e-005,267.573250, 2.200702e-005,33894.280173, 4.672886e-007,33894.280173, 4.672886e-007,267.500007, 1.822847e-006,-26.860000, 7.075833e-002,0.070000, 1.415167e-001,
122.679075, 3.280835e-004,272.572750, 2.063142e-005,272.572750, 2.063142e-005,34526.340421, 4.356073e-007,34526.340421, 4.356073e-007,272.500007, 1.740692e-006,-26.820000, 7.616258e-002,0.090000, 1.523252e-001,
124.909552, 3.049897e-004,277.572250, 1.935963e-005,277.572250, 1.935963e-005,35158.400668, 4.064328e-007,35158.400668, 4.064328e-007,277.500007, 1.663530e-006,-26.780000, 8.184853e-002,0.110000, 1.636971e-001,
127.140030, 2.837280e-004,282.571750, 1.818248e-005,282.571750, 1.818248e-005,35790.460915, 3.795378e-007,35790.460915, 3.795378e-007,282.500007, 1.590980e-006,-26.740000, 8.781833e-002,0.130000, 1.756367e-001,
129.370508, 2.641367e-004,287.571250, 1.709170e-005,287.571250, 1.709170e-005,36422.521163, 3.547187e-007,36422.521163, 3.547187e-007,287.500007, 1.522696e-006,-26.700000, 9.407293e-002,0.150000, 1.881459e-001,
131.600986, 2.460698e-004,292.570750, 1.607986e-005,292.570750, 1.607986e-005,37054.581410, 3.317920e-007,37054.581410, 3.317920e-007,292.500007, 1.458362e-006,-26.660000, 1.006119e-001,0.170000, 2.012237e-001,
133.831464, 2.293953e-004,297.570250, 1.514027e-005,297.570250, 1.514027e-005,37686.641657, 3.105928e-007,37686.641657, 3.105928e-007,297.500007, 1.397693e-006,-26.620000, 1.074333e-001,0.190000, 2.148666e-001,
136.061941, 2.139937e-004,302.569750, 1.426687e-005,302.569750, 1.426687e-005,38318.701905, 2.909720e-007,38318.701905, 2.909720e-007,302.500007, 1.340426e-006,-26.580000, 1.145338e-001,0.210000, 2.290677e-001,
138.292419, 1.997570e-004,307.569250, 1.345421e-005,307.569250, 1.345421e-005,38950.762152, 2.727953e-007,38950.762152, 2.727953e-007,307.500007, 1.286321e-006,-26.540000, 1.219084e-001,0.230000, 2.438169e-001,
140.522897, 1.865870e-004,312.568750, 1.269733e-005,312.568750, 1.269733e-005,39582.822399, 2.559411e-007,39582.822399, 2.559411e-007,312.500007, 1.235160e-006,-26.500000, 1.295504e-001,0.250000, 2.591009e-001,
142.753375, 1.743949e-004,317.568250, 1.199174e-005,317.568250, 1.199174e-005,40214.882647, 2.402995e-007,40214.882647, 2.402995e-007,317.500007, 1.186741e-006,-26.460000, 1.374514e-001,0.270000, 2.749028e-001,
144.983853, 1.630999e-004,322.567750, 1.133339e-005,322.567750, 1.133339e-005,40846.942894, 2.257708e-007,40846.942894, 2.257708e-007,322.500007, 1.140880e-006,-26.420000, 1.456010e-001,0.290000, 2.912021e-001,
147.214330, 1.526285e-004,327.567250, 1.071855e-005,327.567250, 1.071855e-005,41479.003141, 2.122643e-007,41479.003141, 2.122643e-007,327.500007, 1.097407e-006,-26.380000, 1.539873e-001,0.310000, 3.079746e-001,
149.444808, 1.429139e-004,332.566750, 1.014387e-005,332.566750, 1.014387e-005,42111.063389, 1.996981e-007,42111.063389, 1.996981e-007,332.500007, 1.056166e-006,-26.340000, 1.625963e-001,0.330000, 3.251926e-001,
151.675286, 1.338953e-004,337.566250, 9.606269e-006,337.566250, 9.606269e-006,42743.123636, 1.879972e-007,42743.123636, 1.879972e-007,337.500007, 1.017013e-006,-26.300000, 1.714120e-001,0.350000, 3.428241e-001,
153.905764, 1.255172e-004,342.565750, 9.102952e-006,342.565750, 9.102952e-006,43375.183883, 1.770936e-007,43375.183883, 1.770936e-007,342.500007, 9.798152e-007,-26.260000, 1.804169e-001,0.370000, 3.608338e-001,
156.136242, 1.177290e-004,347.565250, 8.631358e-006,347.565250, 8.631358e-006,44007.244131, 1.669253e-007,44007.244131, 1.669253e-007,347.500007, 9.444504e-007,-26.220000, 1.895912e-001,0.390000, 3.791824e-001,
158.366719, 1.104845e-004,352.564750, 8.189146e-006,352.564750, 8.189146e-006,44639.304378, 1.574357e-007,44639.304378, 1.574357e-007,352.500006, 9.108050e-007,-26.180000, 1.989135e-001,0.410000, 3.978271e-001,
160.597197, 1.037415e-004,357.564250, 7.774175e-006,357.564250, 7.774175e-006,45271.364625, 1.485730e-007,45271.364625, 1.485730e-007,357.500006, 8.787739e-007,-26.140000, 2.083606e-001,0.430000, 4.167212e-001,
162.827675, 9.746134e-005,362.563750, 7.384481e-006,362.563750, 7.384481e-006,45903.424873, 1.402899e-007,45903.424873, 1.402899e-007,362.500006, 8.482599e-007,-26.100000, 2.179074e-001,0.450000, 4.358148e-001,
165.058153, 9.160877e-005,367.563250, 7.018264e-006,367.563250, 7.018264e-006,46535.485120, 1.325433e-007,46535.485120, 1.325433e-007,367.500006, 8.191728e-007,-26.060000, 2.275273e-001,0.470000, 4.550546e-001,
167.288631, 8.615139e-005,372.562750, 6.673867e-006,372.562750, 6.673867e-006,47167.545367, 1.252934e-007,47167.545367, 1.252934e-007,372.500006, 7.914288e-007,-26.020000, 2.371921e-001,0.490000, 4.743842e-001,
169.519108, 8.105953e-005,377.562250, 6.349772e-006,377.562250, 6.349772e-006,47799.605615, 1.185040e-007,47799.605615, 1.185040e-007,377.500006, 7.649499e-007,-25.980000, 2.468721e-001,0.510000, 4.937442e-001,
171.749586, 7.630598e-005,382.561750, 6.044579e-006,382.561750, 6.044579e-006,48431.665862, 1.121416e-007,48431.665862, 1.121416e-007,382.500006, 7.396638e-007,-25.940000, 2.565363e-001,0.530000, 5.130727e-001,
173.980064, 7.186576e-005,387.561250, 5.756999e-006,387.561250, 5.756999e-006,49063.726109, 1.061756e-007,49063.726109, 1.061756e-007,387.500006, 7.155029e-007,-25.900000, 2.661527e-001,0.550000, 5.323054e-001,
176.210542, 6.771589e-005,392.560750, 5.485843e-006,392.560750, 5.485843e-006,49695.786357, 1.005779e-007,49695.786357, 1.005779e-007,392.500006, 6.924043e-007,-25.860000, 2.756881e-001,0.570000, 5.513763e-001,
178.441020, 6.383530e-005,397.560250, 5.230015e-006,397.560250, 5.230015e-006,50327.846604, 9.532249e-008,50327.846604, 9.532249e-008,397.500006, 6.703095e-007,-25.820000, 2.851086e-001,0.590000, 5.702173e-001,
180.671497, 6.020455e-005,402.559750, 4.988503e-006,402.559750, 4.988503e-006,50959.906851, 9.038559e-008,50959.906851, 9.038559e-008,402.500006, 6.491636e-007,-25.780000, 2.943797e-001,0.610000, 5.887593e-001,
182.901975, 5.680577e-005,407.559250, 4.760370e-006,407.559250, 4.760370e-006,51591.967099, 8.574517e-008,51591.967099, 8.574517e-008,407.500006, 6.289154e-007,-25.740000, 3.034662e-001,0.630000, 6.069324e-001,
185.132453, 5.362250e-005,412.558750, 4.544751e-006,412.558750, 4.544751e-006,52224.027346, 8.138093e-008,52224.027346, 8.138093e-008,412.500006, 6.095171e-007,-25.700000, 3.123331e-001,0.650000, 6.246662e-001,
187.362931, 5.063956e-005,417.558250, 4.340843e-006,417.558250, 4.340843e-006,52856.087593, 7.727415e-008,52856.087593, 7.727415e-008,417.500006, 5.909238e-007,-25.660000, 3.209452e-001,0.670000, 6.418903e-001,
189.593409, 4.784293e-005,422.557750, 4.147904e-006,422.557750, 4.147904e-006,53488.147841, 7.340751e-008,53488.147841, 7.340751e-008,422.500006, 5.730937e-007,-25.620000, 3.292674e-001,0.690000, 6.585349e-001,
191.823887, 4.521971e-005,427.557250, 3.965244e-006,427.557250, 3.965244e-006,54120.208088, 6.976504e-008,54120.208088, 6.976504e-008,427.500006, 5.559873e-007,-25.580000, 3.372654e-001,0.710000, 6.745309e-001,
194.054364, 4.275793e-005,432.556750, 3.792224e-006,432.556750, 3.792224e-006,54752.268335, 6.633192e-008,54752.268335, 6.633192e-008,432.500006, 5.395678e-007,-25.540000, 3.449054e-001,0.730000, 6.898109e-001,
196.284842, 4.044658e-005,437.556250, 3.628250e-006,437.556250, 3.628250e-006,55384.328583, 6.309445e-008,55384.328583, 6.309445e-008,437.500006, 5.238006e-007,-25.500000, 3.521546e-001,0.750000, 7.043092e-001,
198.515320, 3.827544e-005,442.555750, 3.472770e-006,442.555750, 3.472770e-006,56016.388830, 6.003993e-008,56016.388830, 6.003993e-008,442.500006, 5.086530e-007,-25.460000, 3.589813e-001,0.770000, 7.179626e-001,
200.745798, 3.623507e-005,447.555250, 3.325270e-006,447.555250, 3.325270e-006,56648.449077, 5.715660e-008,56648.449077, 5.715660e-008,447.500006, 4.940946e-007,-25.420000, 3.653553e-001,0.790000, 7.307106e-001,
202.976276, 3.431673e-005,452.554750, 3.185272e-006,452.554750, 3.185272e-006,57280.509325, 5.443354e-008,57280.509325, 5.443354e-008,452.500005, 4.800964e-007,-25.380000, 3.712480e-001,0.810000, 7.424960e-001,
205.206753, 3.251231e-005,457.554250, 3.052331e-006,457.554250, 3.052331e-006,57912.569572, 5.186060e-008,57912.569572, 5.186060e-008,457.500005, 4.666316e-007,-25.340000, 3.766326e-001,0.830000, 7.532653e-001,
207.437231, 3.081430e-005,462.553750, 2.926032e-006,462.553750, 2.926032e-006,58544.629819, 4.942837e-008,58544.629819, 4.942837e-008,462.500005, 4.536744e-007,-25.300000, 3.814845e-001,0.850000, 7.629691e-001,
209.667709, 2.921575e-005,467.553250, 2.805987e-006,467.553250, 2.805987e-006,59176.690066, 4.712809e-008,59176.690066, 4.712809e-008,467.500005, 4.412010e-007,-25.260000, 3.857812e-001,0.870000, 7.715623e-001,
211.898187, 2.771018e-005,472.552750, 2.691836e-006,472.552750, 2.691836e-006,59808.750314, 4.495162e-008,59808.750314, 4.495162e-008,472.500005, 4.291885e-007,-25.220000, 3.895025e-001,0.890000, 7.790050e-001,
214.128665, 2.629159e-005,477.552250, 2.583240e-006,477.552250, 2.583240e-006,60440.810561, 4.289138e-008,60440.810561, 4.289138e-008,477.500005, 4.176157e-007,-25.180000, 3.926310e-001,0.910000, 7.852620e-001,
216.359142, 2.495441e-005,482.551750, 2.479885e-006,482.551750, 2.479885e-006,61072.870808, 4.094030e-008,61072.870808, 4.094030e-008,482.500005, 4.064623e-007,-25.140000, 3.951519e-001,0.930000, 7.903038e-001,
218.589620, 2.369346e-005,487.551250, 2.381475e-006,487.551250, 2.381475e-006,61704.931056, 3.909182e-008,61704.931056, 3.909182e-008,487.500005, 3.957092e-007,-25.100000, 3.970532e-001,0.950000, 7.941064e-001,
220.820098, 2.250391e-005,492.550750, 2.287735e-006,492.550750, 2.287735e-006,62336.991303, 3.733979e-008,62336.991303, 3.733979e-008,492.500005, 3.853384e-007,-25.060000, 3.983258e-001,0.970000, 7.966516e-001,
223.050576, 2.138128e-005,497.550250, 2.198406e-006,497.550250, 2.198406e-006,62969.051550, 3.567849e-008,62969.051550, 3.567849e-008,497.500005, 3.753329e-007,-25.020000, 3.989636e-001,0.990000, 7.979273e-001,
225.281054, 2.032140e-005,502.549750, 2.113246e-006,502.549750, 2.113246e-006,63601.111798, 3.410259e-008,63601.111798, 3.410259e-008,502.500005, 3.656763e-007,-24.980000, 3.989636e-001,1.010000, 7.979273e-001,
227.511531, 1.932037e-005,507.549250, 2.032029e-006,507.549250, 2.032029e-006,64233.172045, 3.260709e-008,64233.172045, 3.260709e-008,507.500005, 3.563536e-007,-24.940000, 3.983258e-001,1.030000, 7.966516e-001,
229.742009, 1.837457e-005,512.548750, 1.954542e-006,512.548750, 1.954542e-006,64865.232292, 3.118734e-008,64865.232292, 3.118734e-008,512.500005, 3.473502e-007,-24.900000, 3.970532e-001,1.050000, 7.941064e-001,
231.972487, 1.748063e-005,517.548250, 1.880584e-006,517.548250, 1.880584e-006,65497.292540, 2.983896e-008,65497.292540, 2.983896e-008,517.500005, 3.386523e-007,-24.860000, 3.951519e-001,1.070000, 7.903038e-001,
234.202965, 1.663539e-005,522.547750, 1.809970e-006,522.547750, 1.809970e-006,66129.352787, 2.855789e-008,66129.352787, 2.855789e-008,522.500005, 3.302469e-007,-24.820000, 3.926310e-001,1.090000, 7.852620e-001,
236.433443, 1.583590e-005,527.547250, 1.742522e-006,527.547250, 1.742522e-006,66761.413034, 2.734031e-008,66761.413034, 2.734031e-008,527.500005, 3.221217e-007,-24.780000, 3.895025e-001,1.110000, 7.790050e-001,
238.663920, 1.507944e-005,532.546750, 1.678075e-006,532.546750, 1.678075e-006,67393.473282, 2.618265e-008,67393.473282, 2.618265e-008,532.500005, 3.142650e-007,-24.740000, 3.857812e-001,1.130000, 7.715623e-001,
240.894398, 1.436342e-005,537.546250, 1.616475e-006,537.546250, 1.616475e-006,68025.533529, 2.508155e-008,68025.533529, 2.508155e-008,537.500005, 3.066656e-007,-24.700000, 3.814845e-001,1.150000, 7.629691e-001,
243.124876, 1.368545e-005,542.545750, 1.557573e-006,542.545750, 1.557573e-006,68657.593776, 2.403387e-008,68657.593776, 2.403387e-008,542.500005, 2.993129e-007,-24.660000, 3.766326e-001,1.170000, 7.532653e-001,
245.355354, 1.304329e-005,547.545250, 1.501233e-006,547.545250, 1.501233e-006,69289.654024, 2.303668e-008,69289.654024, 2.303668e-008,547.500005, 2.921969e-007,-24.620000, 3.712480e-001,1.190000, 7.424960e-001,
247.585832, 1.243485e-005,552.544750, 1.447325e-006,552.544750, 1.447325e-006,69921.714271, 2.208721e-008,69921.714271, 2.208721e-008,552.500004, 2.853081e-007,-24.580000, 3.653553e-001,1.210000, 7.307106e-001,
249.816310, 1.185816e-005,557.544250, 1.395727e-006,557.544250, 1.395727e-006,70553.774518, 2.118287e-008,70553.774518, 2.118287e-008,557.500004, 2.786372e-007,-24.540000, 3.589813e-001,1.230000, 7.179626e-001,
252.046787, 1.131140e-005,562.543750, 1.346323e-006,562.543750, 1.346323e-006,71185.834766, 2.032123e-008,71185.834766, 2.032123e-008,562.500004, 2.721757e-007,-24.500000, 3.521546e-001,1.250000, 7.043092e-001,
254.277265, 1.079283e-005,567.543250, 1.299005e-006,567.543250, 1.299005e-006,71817.895013, 1.949999e-008,71817.895013, 1.949999e-008,567.500004, 2.659153e-007,-24.460000, 3.449054e-001,1.270000, 6.898109e-001,
256.507743, 1.030085e-005,572.542750, 1.253670e-006,572.542750, 1.253670e-006,72449.955260, 1.871701e-008,72449.955260, 1.871701e-008,572.500004, 2.598481e-007,-24.420000, 3.372654e-001,1.290000, 6.745309e-001,
258.738221, 9.833945e-006,577.542250, 1.210222e-006,577.542250, 1.210222e-006,73082.015508, 1.797026e-008,73082.015508, 1.797026e-008,577.500004, 2.539667e-007,-24.380000, 3.292674e-001,1.310000, 6.585349e-001,
260.968699, 9.390705e-006,582.541750, 1.168569e-006,582.541750, 1.168569e-006,73714.075755, 1.725784e-008,73714.075755, 1.725784e-008,582.500004, 2.482639e-007,-24.340000, 3.209452e-001,1.330000, 6.418903e-001,
263.199176, 8.969801e-006,587.541250, 1.128625e-006,587.541250, 1.128625e-006,74346.136002, 1.657797e-008,74346.136002, 1.657797e-008,587.500004, 2.427330e-007,-24.300000, 3.123331e-001,1.350000, 6.246662e-001,
265.429654, 8.569986e-006,592.540750, 1.090309e-006,592.540750, 1.090309e-006,74978.196250, 1.592895e-008,74978.196250, 1.592895e-008,592.500004, 2.373673e-007,-24.260000, 3.034662e-001,1.370000, 6.069324e-001,
267.660132, 8.190089e-006,597.540250, 1.053542e-006,597.540250, 1.053542e-006,75610.256497, 1.530920e-008,75610.256497, 1.530920e-008,597.500004, 2.321608e-007,-24.220000, 2.943797e-001,1.390000, 5.887593e-001,
269.890610, 7.829014e-006,602.539750, 1.018253e-006,602.539750, 1.018253e-006,76242.316744, 1.471721e-008,76242.316744, 1.471721e-008,602.500004, 2.271074e-007,-24.180000, 2.851086e-001,1.410000, 5.702173e-001,
272.121088, 7.485727e-006,607.539250, 9.843721e-007,607.539250, 9.843721e-007,76874.376992, 1.415159e-008,76874.376992, 1.415159e-008,607.500004, 2.222016e-007,-24.140000, 2.756881e-001,1.430000, 5.513763e-001,
274.351565, 7.159258e-006,612.538750, 9.518339e-007,612.538750, 9.518339e-007,77506.437239, 1.361100e-008,77506.437239, 1.361100e-008,612.500004, 2.174379e-007,-24.100000, 2.661527e-001,1.450000, 5.323054e-001,
276.582043, 6.848697e-006,617.538250, 9.205768e-007,617.538250, 9.205768e-007,78138.497486, 1.309417e-008,78138.497486, 1.309417e-008,617.500004, 2.128111e-007,-24.060000, 2.565363e-001,1.470000, 5.130727e-001,
278.812521, 6.553185e-006,622.537750, 8.905420e-007,622.537750, 8.905420e-007,78770.557734, 1.259994e-008,78770.557734, 1.259994e-008,622.500004, 2.083164e-007,-24.020000, 2.468721e-001,1.490000, 4.937442e-001,
281.042999, 6.271914e-006,627.537250, 8.616739e-007,627.537250, 8.616739e-007,79402.617981, 1.212717e-008,79402.617981, 1.212717e-008,627.500004, 2.039489e-007,-23.980000, 2.371921e-001,1.510000, 4.743842e-001,
283.273477, 6.004127e-006,632.536750, 8.339199e-007,632.536750, 8.339199e-007,80034.678228, 1.167482e-008,80034.678228, 1.167482e-008,632.500004, 1.997043e-007,-23.940000, 2.275273e-001,1.530000, 4.550546e-001,
285.503954, 5.749108e-006,637.536250, 8.072300e-007,637.536250, 8.072300e-007,80666.738476, 1.124188e-008,80666.738476, 1.124188e-008,637.500004, 1.955780e-007,-23.900000, 2.179074e-001,1.550000, 4.358148e-001,
287.734432, 5.506183e-006,642.535750, 7.815568e-007,642.535750, 7.815568e-007,81298.798723, 1.082741e-008,81298.798723, 1.082741e-008,642.500004, 1.915661e-007,-23.860000, 2.083606e-001,1.570000, 4.167212e-001,
289.964910, 5.274718e-006,647.535250, 7.568553e-007,647.535250, 7.568553e-007,81930.858970, 1.043052e-008,81930.858970, 1.043052e-008,647.500004, 1.876644e-007,-23.820000, 1.989135e-001,1.590000, 3.978271e-001,
292.195388, 5.054116e-006,652.534750, 7.330826e-007,652.534750, 7.330826e-007,82562.919218, 1.005036e-008,82562.919218, 1.005036e-008,652.500003, 1.838693e-007,-23.780000, 1.895912e-001,1.610000, 3.791824e-001,
294.425866, 4.843812e-006,657.534250, 7.101983e-007,657.534250, 7.101983e-007,83194.979465, 9.686128e-009,83194.979465, 9.686128e-009,657.500003, 1.801770e-007,-23.740000, 1.804169e-001,1.630000, 3.608338e-001,
296.656343, 4.643274e-006,662.533750, 6.881638e-007,662.533750, 6.881638e-007,83827.039712, 9.337077e-009,83827.039712, 9.337077e-009,662.500003, 1.765841e-007,-23.700000, 1.714120e-001,1.650000, 3.428241e-001,
298.886821, 4.452002e-006,667.533250, 6.669424e-007,667.533250, 6.669424e-007,84459.099960, 9.002487e-009,84459.099960, 9.002487e-009,667.500003, 1.730872e-007,-23.660000, 1.625963e-001,1.670000, 3.251926e-001,
301.117299, 4.269522e-006,672.532750, 6.464992e-007,672.532750, 6.464992e-007,85091.160207, 8.681678e-009,85091.160207, 8.681678e-009,672.500003, 1.696830e-007,-23.620000, 1.539873e-001,1.690000, 3.079746e-001,
303.347777, 4.095387e-006,677.532250, 6.268011e-007,677.532250, 6.268011e-007,85723.220454, 8.374010e-009,85723.220454, 8.374010e-009,677.500003, 1.663686e-007,-23.580000, 1.456010e-001,1.710000, 2.912021e-001,
305.578255, 3.929176e-006,682.531750, 6.078166e-007,682.531750, 6.078166e-007,86355.280702, 8.078871e-009,86355.280702, 8.078871e-009,682.500003, 1.631409e-007,-23.540000, 1.374514e-001,1.730000, 2.749028e-001,
307.808733, 3.770489e-006,687.531250, 5.895156e-007,687.531250, 5.895156e-007,86987.340949, 7.795685e-009,86987.340949, 7.795685e-009,687.500003, 1.599971e-007,-23.500000, 1.295504e-001,1.750000, 2.591009e-001,
310.039210, 3.618951e-006,692.530750, 5.718696e-007,692.530750, 5.718696e-007,87619.401196, 7.523903e-009,87619.401196, 7.523903e-009,692.500003, 1.569344e-007,-23.460000, 1.219084e-001,1.770000, 2.438169e-001,
312.269688, 3.474205e-006,697.530250, 5.548514e-007,697.530250, 5.548514e-007,88251.461444, 7.263006e-009,88251.461444, 7.263006e-009,697.500003, 1.539503e-007,-23.420000, 1.145338e-001,1.790000, 2.290677e-001,
314.500166, 3.335916e-006,702.529750, 5.384349e-007,702.529750, 5.384349e-007,88883.521691, 7.012501e-009,88883.521691, 7.012501e-009,702.500003, 1.510422e-007,-23.380000, 1.074333e-001,1.810000, 2.148666e-001,
316.730644, 3.203764e-006,707.529250, 5.225956e-007,707.529250, 5.225956e-007,89515.581938, 6.771918e-009,89515.581938, 6.771918e-009,707.500003, 1.482076e-007,-23.340000, 1.006119e-001,1.830000, 2.012237e-001,
318.961122, 3.077449e-006,712.528750, 5.073098e-007,712.528750, 5.073098e-007,90147.642185, 6.540814e-009,90147.642185, 6.540814e-009,712.500003, 1.454443e-007,-23.300000, 9.407293e-002,1.850000, 1.881459e-001,
321.191599, 2.956687e-006,717.528250, 4.925552e-007,717.528250, 4.925552e-007,90779.702433, 6.318766e-009,90779.702433, 6.318766e-009,717.500003, 1.427499e-007,-23.260000, 8.781833e-002,1.870000, 1.756367e-001,
323.422077, 2.841206e-006,722.527750, 4.783102e-007,722.527750, 4.783102e-007,91411.762680, 6.105372e-009,91411.762680, 6.105372e-009,722.500003, 1.401224e-007,-23.220000, 8.184853e-002,1.890000, 1.636971e-001,
325.652555, 2.730753e-006,727.527250, 4.645544e-007,727.527250, 4.645544e-007,92043.822927, 5.900250e-009,92043.822927, 5.900250e-009,727.500003, 1.375596e-007,-23.180000, 7.616258e-002,1.910000, 1.523252e-001,
327.883033, 2.625086e-006,732.526750, 4.512685e-007,732.526750, 4.512685e-007,92675.883175, 5.703039e-009,92675.883175, 5.703039e-009,732.500003, 1.350596e-007,-23.140000, 7.075833e-002,1.930000, 1.415167e-001,
330.113511, 2.523975e-006,737.526250, 4.384336e-007,737.526250, 4.384336e-007,93307.943422, 5.513392e-009,93307.943422, 5.513392e-009,737.500003, 1.326204e-007,-23.100000, 6.563245e-002,1.950000, 1.312649e-001,
332.343988, 2.427204e-006,742.525750, 4.260322e-007,742.525750, 4.260322e-007,93940.003669, 5.330983e-009,93940.003669, 5.330983e-009,742.500003, 1.302401e-007,-23.060000, 6.078058e-002,1.970000, 1.215612e-001,
334.574466, 2.334566e-006,747.525250, 4.140471e-007,747.525250, 4.140471e-007,94572.063917, 5.155498e-009,94572.063917, 5.155498e-009,747.500003, 1.279171e-007,-23.020000, 5.619739e-002,1.990000, 1.123948e-001,
336.804944, 2.245868e-006,752.524750, 4.024622e-007,752.524750, 4.024622e-007,95204.124164, 4.986640e-009,95204.124164, 4.986640e-009,752.500002, 1.256495e-007,-22.980000, 5.187673e-002,2.010000, 1.037535e-001,
339.035422, 2.160923e-006,757.524250, 3.912620e-007,757.524250, 3.912620e-007,95836.184411, 4.824127e-009,95836.184411, 4.824127e-009,757.500002, 1.234357e-007,-22.940000, 4.781170e-002,2.030000, 9.562339e-002,
341.265900, 2.079558e-006,762.523750, 3.804316e-007,762.523750, 3.804316e-007,96468.244659, 4.667688e-009,96468.244659, 4.667688e-009,762.500002, 1.212740e-007,-22.900000, 4.399475e-002,2.050000, 8.798950e-002,
343.496377, 2.001604e-006,767.523250, 3.699569e-007,767.523250, 3.699569e-007,97100.304906, 4.517068e-009,97100.304906, 4.517068e-009,767.500002, 1.191631e-007,-22.860000, 4.041780e-002,2.070000, 8.083560e-002,
345.726855, 1.926905e-006,772.522750, 3.598244e-007,772.522750, 3.598244e-007,97732.365153, 4.372022e-009,97732.365153, 4.372022e-009,772.500002, 1.171013e-007,-22.820000, 3.707231e-002,2.090000, 7.414462e-002,
347.957333, 1.855309e-006,777.522250, 3.500211e-007,777.522250, 3.500211e-007,98364.425401, 4.232315e-009,98364.425401, 4.232315e-009,777.500002, 1.150872e-007,-22.780000, 3.394937e-002,2.110000, 6.789874e-002,
350.187811, 1.786676e-006,782.521750, 3.405345e-007,782.521750, 3.405345e-007,98996.485648, 4.097728e-009,98996.485648, 4.097728e-009,782.500002, 1.131194e-007,-22.740000, 3.103980e-002,2.130000, 6.207960e-002,
352.418289, 1.720870e-006,787.521250, 3.313529e-007,787.521250, 3.313529e-007,99628.545895, 3.968046e-009,99628.545895, 3.968046e-009,787.500002, 1.111967e-007,-22.700000, 2.833422e-002,2.150000, 5.666844e-002,
354.648766, 1.657761e-006,792.520750, 3.224648e-007,792.520750, 3.224648e-007,100260.606143, 3.843069e-009,100260.606143, 3.843069e-009,792.500002, 1.093177e-007,-22.660000, 2.582312e-002,2.170000, 5.164624e-002,
356.879244, 1.597229e-006,797.520250, 3.138594e-007,797.520250, 3.138594e-007,100892.666390, 3.722603e-009,100892.666390, 3.722603e-009,797.500002, 1.074811e-007,-22.620000, 2.349694e-002,2.190000, 4.699388e-002,
359.109722, 1.539157e-006,802.519750, 3.055263e-007,802.519750, 3.055263e-007,101524.726637, 3.606465e-009,101524.726637, 3.606465e-009,802.500002, 1.056858e-007,-22.580000, 2.134613e-002,2.210000, 4.269225e-002,
361.340200, 1.483435e-006,807.519250, 2.974554e-007,807.519250, 2.974554e-007,102156.786885, 3.494479e-009,102156.786885, 3.494479e-009,807.500002, 1.039307e-007,-22.540000, 1.936119e-002,2.230000, 3.872237e-002,
363.570678, 1.429958e-006,812.518750, 2.896373e-007,812.518750, 2.896373e-007,102788.847132, 3.386477e-009,102788.847132, 3.386477e-009,812.500002, 1.022145e-007,-22.500000, 1.753275e-002,2.250000, 3.506549e-002,
365.801156, 1.378626e-006,817.518250, 2.820627e-007,817.518250, 2.820627e-007,103420.907379, 3.282299e-009,103420.907379, 3.282299e-009,817.500002, 1.005361e-007,-22.460000, 1.585160e-002,2.270000, 3.170320e-002,
368.031633, 1.329344e-006,822.517750, 2.747228e-007,822.517750, 2.747228e-007,104052.967627, 3.181792e-009,104052.967627, 3.181792e-009,822.500002, 9.889467e-008,-22.420000, 1.430874e-002,2.290000, 2.861747e-002,
370.262111, 1.282022e-006,827.517250, 2.676093e-007,827.517250, 2.676093e-007,104685.027874, 3.084811e-009,104685.027874, 3.084811e-009,827.500002, 9.728903e-008,-22.380000, 1.289540e-002,2.310000, 2.579079e-002,
372.492589, 1.236574e-006,832.516750, 2.607140e-007,832.516750, 2.607140e-007,105317.088121, 2.991215e-009,105317.088121, 2.991215e-009,832.500002, 9.571824e-008,-22.340000, 1.160308e-002,2.330000, 2.320615e-002,
374.723067, 1.192919e-006,837.516250, 2.540291e-007,837.516250, 2.540291e-007,105949.148369, 2.900871e-009,105949.148369, 2.900871e-009,837.500002, 9.418135e-008,-22.300000, 1.042358e-002,2.350000, 2.084715e-002,
376.953545, 1.150977e-006,842.515750, 2.475473e-007,842.515750, 2.475473e-007,106581.208616, 2.813652e-009,106581.208616, 2.813652e-009,842.500002, 9.267745e-008,-22.260000, 9.349008e-003,2.370000, 1.869802e-002,
379.184022, 1.110675e-006,847.515250, 2.412614e-007,847.515250, 2.412614e-007,107213.268863, 2.729435e-009,107213.268863, 2.729435e-009,847.500002, 9.120564e-008,-22.220000, 8.371811e-003,2.390000, 1.674362e-002,
381.414500, 1.071943e-006,852.514750, 2.351645e-007,852.514750, 2.351645e-007,107845.329111, 2.648104e-009,107845.329111, 2.648104e-009,852.500001, 8.976508e-008,-22.180000, 7.484770e-003,2.410000, 1.496954e-002,
383.644978, 1.034713e-006,857.514250, 2.292501e-007,857.514250, 2.292501e-007,108477.389358, 2.569547e-009,108477.389358, 2.569547e-009,857.500001, 8.835492e-008,-22.140000, 6.681017e-003,2.430000, 1.336203e-002,
385.875456, 9.989205e-007,862.513750, 2.235118e-007,862.513750, 2.235118e-007,109109.449605, 2.493657e-009,109109.449605, 2.493657e-009,862.500001, 8.697436e-008,-22.100000, 5.954042e-003,2.450000, 1.190808e-002,
388.105934, 9.645044e-007,867.513250, 2.179436e-007,867.513250, 2.179436e-007,109741.509853, 2.420333e-009,109741.509853, 2.420333e-009,867.500001, 8.562263e-008,-22.060000, 5.297687e-003,2.470000, 1.059537e-002,
390.336411, 9.314066e-007,872.512750, 2.125396e-007,872.512750, 2.125396e-007,110373.570100, 2.349476e-009,110373.570100, 2.349476e-009,872.500001, 8.429897e-008,-22.020000, 4.706151e-003,2.490000, 9.412301e-003,
392.566889, 8.995713e-007,877.512250, 2.072941e-007,877.512250, 2.072941e-007,111005.630347, 2.280993e-009,111005.630347, 2.280993e-009,877.500001, 8.300265e-008,-21.980000, 4.173981e-003,2.510000, 8.347962e-003,
394.797367, 8.689455e-007,882.511750, 2.022020e-007,882.511750, 2.022020e-007,111637.690595, 2.214794e-009,111637.690595, 2.214794e-009,882.500001, 8.173296e-008,-21.940000, 3.696071e-003,2.530000, 7.392141e-003,
397.027845, 8.394785e-007,887.511250, 1.972578e-007,887.511250, 1.972578e-007,112269.750842, 2.150792e-009,112269.750842, 2.150792e-009,887.500001, 8.048921e-008,-21.900000, 3.267647e-003,2.550000, 6.535295e-003,
399.258323, 8.111220e-007,892.510750, 1.924567e-007,892.510750, 1.924567e-007,112901.811089, 2.088907e-009,112901.811089, 2.088907e-009,892.500001, 7.927075e-008,-21.860000, 2.884266e-003,2.570000, 5.768531e-003,
401.488800, 7.838299e-007,897.510250, 1.877939e-007,897.510250, 1.877939e-007,113533.871337, 2.029058e-009,113533.871337, 2.029058e-009,897.500001, 7.807693e-008,-21.820000, 2.541794e-003,2.590000, 5.083589e-003,
403.719278, 7.575582e-007,902.509750, 1.832647e-007,902.509750, 1.832647e-007,114165.931584, 1.971171e-009,114165.931584, 1.971171e-009,902.500001, 7.690711e-008,-21.780000, 2.236406e-003,2.610000, 4.472813e-003,
405.949756, 7.322648e-007,907.509250, 1.788648e-007,907.509250, 1.788648e-007,114797.991831, 1.915172e-009,114797.991831, 1.915172e-009,907.500001, 7.576071e-008,-21.740000, 1.964564e-003,2.630000, 3.929128e-003,
408.180234, 7.079096e-007,912.508750, 1.745898e-007,912.508750, 1.745898e-007,115430.052079, 1.860992e-009,115430.052079, 1.860992e-009,912.500001, 7.463713e-008,-21.700000, 1.723006e-003,2.650000, 3.446011e-003,
410.410712, 6.844544e-007,917.508250, 1.704357e-007,917.508250, 1.704357e-007,116062.112326, 1.808565e-009,116062.112326, 1.808565e-009,917.500001, 7.353580e-008,-21.660000, 1.508733e-003,2.670000, 3.017466e-003,
412.641189, 6.618623e-007,922.507750, 1.663985e-007,922.507750, 1.663985e-007,116694.172573, 1.757826e-009,116694.172573, 1.757826e-009,922.500001, 7.245617e-008,-21.620000, 1.318995e-003,2.690000, 2.637991e-003,
414.871667, 6.400986e-007,927.507250, 1.624744e-007,927.507250, 1.624744e-007,117326.232821, 1.708715e-009,117326.232821, 1.708715e-009,927.500001, 7.139771e-008,-21.580000, 1.151275e-003,2.710000, 2.302551e-003,
417.102145, 6.191296e-007,932.506750, 1.586596e-007,932.506750, 1.586596e-007,117958.293068, 1.661172e-009,117958.293068, 1.661172e-009,932.500001, 7.035989e-008,-21.540000, 1.003276e-003,2.730000, 2.006551e-003,
419.332623, 5.989235e-007,937.506250, 1.549508e-007,937.506250, 1.549508e-007,118590.353315, 1.615142e-009,118590.353315, 1.615142e-009,937.500001, 6.934220e-008,-21.500000, 8.729040e-004,2.750000, 1.745808e-003,
421.563101, 5.794497e-007,942.505750, 1.513445e-007,942.505750, 1.513445e-007,119222.413562, 1.570569e-009,119222.413562, 1.570569e-009,942.500001, 6.834417e-008,-21.460000, 7.582594e-004,2.770000, 1.516519e-003,
423.793579, 5.606790e-007,947.505250, 1.478374e-007,947.505250, 1.478374e-007,119854.473810, 1.527401e-009,119854.473810, 1.527401e-009,947.500001, 6.736532e-008,-21.420000, 6.576189e-004,2.790000, 1.315238e-003,
426.024056, 5.425834e-007,952.504750, 1.444264e-007,952.504750, 1.444264e-007,120486.534057, 1.485590e-009,120486.534057, 1.485590e-009,952.500000, 6.640518e-008,-21.380000, 5.694241e-004,2.810000, 1.138848e-003,
428.254534, 5.251362e-007,957.504250, 1.411084e-007,957.504250, 1.411084e-007,121118.594304, 1.445086e-009,121118.594304, 1.445086e-009,957.500000, 6.546330e-008,-21.340000, 4.922691e-004,2.830000, 9.845382e-004,
430.485012, 5.083118e-007,962.503750, 1.378805e-007,962.503750, 1.378805e-007,121750.654552, 1.405844e-009,121750.654552, 1.405844e-009,962.500000, 6.453925e-008,-21.300000, 4.248880e-004,2.850000, 8.497760e-004,
432.715490, 4.920857e-007,967.503250, 1.347398e-007,967.503250, 1.347398e-007,122382.714799, 1.367819e-009,122382.714799, 1.367819e-009,967.500000, 6.363261e-008,-21.260000, 3.661436e-004,2.870000, 7.322872e-004,
434.945968, 4.764346e-007,972.502750, 1.316837e-007,972.502750, 1.316837e-007,123014.775046, 1.330970e-009,123014.775046, 1.330970e-009,972.500000, 6.274297e-008,-21.220000, 3.150167e-004,2.890000, 6.300333e-004,
437.176445, 4.613359e-007,977.502250, 1.287095e-007,977.502250, 1.287095e-007,123646.835294, 1.295254e-009,123646.835294, 1.295254e-009,977.500000, 6.186993e-008,-21.180000, 2.705956e-004,2.910000, 5.411913e-004,
439.406923, 4.467683e-007,982.501750, 1.258146e-007,982.501750, 1.258146e-007,124278.895541, 1.260632e-009,124278.895541, 1.260632e-009,982.500000, 6.101309e-008,-21.140000, 2.320669e-004,2.930000, 4.641337e-004,
441.637401, 4.327111e-007,987.501250, 1.229966e-007,987.501250, 1.229966e-007,124910.955788, 1.227068e-009,124910.955788, 1.227068e-009,987.500000, 6.017209e-008,-21.100000, 1.987058e-004,2.950000, 3.974117e-004,
443.867879, 4.191448e-007,992.500750, 1.202532e-007,992.500750, 1.202532e-007,125543.016036, 1.194524e-009,125543.016036, 1.194524e-009,992.500000, 5.934655e-008,-21.060000, 1.698687e-004,2.970000, 3.397373e-004,
446.098357, 4.060503e-007,997.500250, 1.175821e-007,997.500250, 1.175821e-007,126175.076283, 1.162966e-009,126175.076283, 1.162966e-009,997.500000, 5.853612e-008,-21.020000, 1.449843e-004,2.990000, 2.899686e-004,
