//t, Mean, t, 2.500000 %, t, 50.000000 %, t, 97.500002 %, 
1980.000000, 4.390744e+001,1980.000000, 2.805008e+001,1980.000000, 3.995967e+001,1980.000000, 7.790449e+001,
1981.000000, 3.957377e+001,1981.000000, 2.750008e+001,1981.000000, 3.478838e+001,1981.000000, 7.080415e+001,
1982.000000, 3.222310e+001,1982.000000, 1.683933e+001,1982.000000, 2.900588e+001,1982.000000, 6.413864e+001,
1983.000000, 2.803908e+001,1983.000000, 1.583878e+001,1983.000000, 2.357590e+001,1983.000000, 5.828808e+001,
1984.000000, 2.486416e+001,1984.000000, 1.440477e+001,1984.000000, 2.081535e+001,1984.000000, 5.248963e+001,
1985.000000, 2.284203e+001,1985.000000, 1.472511e+001,1985.000000, 1.899042e+001,1985.000000, 4.724715e+001,
1986.000000, 2.054425e+001,1986.000000, 1.294290e+001,1986.000000, 1.742197e+001,1986.000000, 4.261311e+001,
1987.000000, 1.841394e+001,1987.000000, 1.173703e+001,1987.000000, 1.559970e+001,1987.000000, 3.813921e+001,
1988.000000, 1.701095e+001,1988.000000, 1.173518e+001,1988.000000, 1.440250e+001,1988.000000, 3.414874e+001,
1989.000000, 1.524236e+001,1989.000000, 1.001098e+001,1989.000000, 1.318094e+001,1989.000000, 3.073355e+001,
1990.000000, 1.320999e+001,1990.000000, 7.893372e+000,1990.000000, 1.141298e+001,1990.000000, 2.762190e+001,
1991.000000, 1.277615e+001,1991.000000, 9.557673e+000,1991.000000, 1.068698e+001,1991.000000, 2.492463e+001,
1992.000000, 1.177662e+001,1992.000000, 8.553571e+000,1992.000000, 1.033705e+001,1992.000000, 2.237098e+001,
1993.000000, 1.087995e+001,1993.000000, 8.166602e+000,1993.000000, 9.567789e+000,1993.000000, 2.010103e+001,
1994.000000, 9.857994e+000,1994.000000, 7.092202e+000,1994.000000, 8.793822e+000,1994.000000, 1.826115e+001,
1995.000000, 9.453997e+000,1995.000000, 7.684992e+000,1995.000000, 8.318135e+000,1995.000000, 1.646689e+001,
1996.000000, 9.038839e+000,1996.000000, 7.595721e+000,1996.000000, 8.093806e+000,1996.000000, 1.490714e+001,
1997.000000, 8.582127e+000,1997.000000, 7.370548e+000,1997.000000, 7.805872e+000,1997.000000, 1.354154e+001,
1998.000000, 8.288630e+000,1998.000000, 7.441740e+000,1998.000000, 7.555721e+000,1998.000000, 1.236473e+001,
1999.000000, 7.733599e+000,1999.000000, 6.799268e+000,1999.000000, 7.213604e+000,1999.000000, 1.123421e+001,
2000.000000, 7.529113e+000,2000.000000, 6.792072e+000,2000.000000, 7.047303e+000,2000.000000, 1.036924e+001,
2001.000000, 7.478267e+000,2001.000000, 6.499015e+000,2001.000000, 7.279123e+000,2001.000000, 9.491344e+000,
2002.000000, 7.129252e+000,2002.000000, 6.328366e+000,2002.000000, 6.921995e+000,2002.000000, 8.728117e+000,
2003.000000, 6.871062e+000,2003.000000, 6.165161e+000,2003.000000, 6.732740e+000,2003.000000, 8.158171e+000,
2004.000000, 6.654337e+000,2004.000000, 5.962255e+000,2004.000000, 6.597554e+000,2004.000000, 7.558477e+000,
2005.000000, 6.469633e+000,2005.000000, 5.782205e+000,2005.000000, 6.493988e+000,2005.000000, 7.023830e+000,
2006.000000, 6.320511e+000,2006.000000, 5.633411e+000,2006.000000, 6.362135e+000,2006.000000, 6.622003e+000,
2007.000000, 6.188337e+000,2007.000000, 5.505714e+000,2007.000000, 6.221974e+000,2007.000000, 6.521345e+000,
2008.000000, 6.074709e+000,2008.000000, 5.398330e+000,2008.000000, 6.145212e+000,2008.000000, 6.484480e+000,
2009.000000, 5.975706e+000,2009.000000, 5.306782e+000,2009.000000, 6.078760e+000,2009.000000, 6.453180e+000,
2010.000000, 5.880038e+000,2010.000000, 5.201319e+000,2010.000000, 6.014869e+000,2010.000000, 6.424909e+000,
2011.000000, 5.800383e+000,2011.000000, 4.972393e+000,2011.000000, 5.961473e+000,2011.000000, 6.401320e+000,
2012.000000, 5.728652e+000,2012.000000, 4.738485e+000,2012.000000, 5.913706e+000,2012.000000, 6.380865e+000,
2013.000000, 5.665887e+000,2013.000000, 4.551519e+000,2013.000000, 5.871875e+000,2013.000000, 6.363308e+000,
2014.000000, 5.611963e+000,2014.000000, 4.384595e+000,2014.000000, 5.835884e+000,2014.000000, 6.348398e+000,
2015.000000, 5.565056e+000,2015.000000, 4.226440e+000,2015.000000, 5.805040e+000,2015.000000, 6.340256e+000,
2016.000000, 5.523984e+000,2016.000000, 4.083817e+000,2016.000000, 5.779165e+000,2016.000000, 6.333728e+000,
2017.000000, 5.489192e+000,2017.000000, 3.961585e+000,2017.000000, 5.757430e+000,2017.000000, 6.328228e+000,
2018.000000, 5.459486e+000,2018.000000, 3.856683e+000,2018.000000, 5.738842e+000,2018.000000, 6.323503e+000,
2019.000000, 5.431963e+000,2019.000000, 3.758995e+000,2019.000000, 5.721573e+000,2019.000000, 6.319096e+000,
2020.000000, 5.405849e+000,2020.000000, 3.667683e+000,2020.000000, 5.704677e+000,2020.000000, 6.314719e+000,
2021.000000, 5.383337e+000,2021.000000, 3.588721e+000,2021.000000, 5.690109e+000,2021.000000, 6.310945e+000,
2022.000000, 5.362087e+000,2022.000000, 3.515736e+000,2022.000000, 5.675895e+000,2022.000000, 6.307203e+000,
2023.000000, 5.344380e+000,2023.000000, 3.454632e+000,2023.000000, 5.664091e+000,2023.000000, 6.304103e+000,
2024.000000, 5.329203e+000,2024.000000, 3.402210e+000,2024.000000, 5.653967e+000,2024.000000, 6.301445e+000,
2025.000000, 5.318000e+000,2025.000000, 3.361951e+000,2025.000000, 5.646895e+000,2025.000000, 6.299642e+000,
2026.000000, 5.305246e+000,2026.000000, 3.318881e+000,2026.000000, 5.638094e+000,2026.000000, 6.297299e+000,
2027.000000, 5.290964e+000,2027.000000, 3.272605e+000,2027.000000, 5.627713e+000,2027.000000, 6.294470e+000,
2028.000000, 5.280962e+000,2028.000000, 3.239300e+000,2028.000000, 5.620672e+000,2028.000000, 6.292584e+000,
2029.000000, 5.272490e+000,2029.000000, 3.211050e+000,2029.000000, 5.614714e+000,2029.000000, 6.290988e+000,
2030.000000, 5.266531e+000,2030.000000, 3.190118e+000,2030.000000, 5.610798e+000,2030.000000, 6.289978e+000,
2031.000000, 5.256888e+000,2031.000000, 3.160337e+000,2031.000000, 5.603393e+000,2031.000000, 6.287917e+000,
2032.000000, 5.249665e+000,2032.000000, 3.137662e+000,2032.000000, 5.597940e+000,2032.000000, 6.286413e+000,
2033.000000, 5.244482e+000,2033.000000, 3.120879e+000,2033.000000, 5.594159e+000,2033.000000, 6.285388e+000,
2034.000000, 5.240289e+000,2034.000000, 3.106926e+000,2034.000000, 5.591198e+000,2034.000000, 6.284601e+000,
2035.000000, 5.233772e+000,2035.000000, 3.087731e+000,2035.000000, 5.585949e+000,2035.000000, 6.283113e+000,
2036.000000, 5.228959e+000,2036.000000, 3.073332e+000,2036.000000, 5.582132e+000,2036.000000, 6.282039e+000,
2037.000000, 5.226745e+000,2037.000000, 3.065664e+000,2037.000000, 5.580643e+000,2037.000000, 6.281658e+000,
2038.000000, 5.222323e+000,2038.000000, 3.052843e+000,2038.000000, 5.577031e+000,2038.000000, 6.280630e+000,
2039.000000, 5.217850e+000,2039.000000, 3.040369e+000,2039.000000, 5.573249e+000,2039.000000, 6.279536e+000,
