t, Mean, t, 2.500000 %, t, 5.000000 %, t, 10.000000 %, t, 25.000000 %, t, 50.000000 %, t, 75.000000 %, t, 89.999998 %, t, 94.999999 %, t, 97.500002 %, 
1.000000, 8.500000e+00,1.000000, 8.500000e+00,1.000000, 8.500000e+00,1.000000, 8.500000e+00,1.000000, 8.500000e+00,1.000000, 8.500000e+00,1.000000, 8.500000e+00,1.000000, 8.500000e+00,1.000000, 8.500000e+00,1.000000, 8.500000e+00,
1.010000, 8.077290e+00,1.010000, 8.018265e+00,1.010000, 8.027431e+00,1.010000, 8.037198e+00,1.010000, 8.058943e+00,1.010000, 8.078632e+00,1.010000, 8.098302e+00,1.010000, 8.113563e+00,1.010000, 8.126977e+00,1.010000, 8.132828e+00,
1.020000, 7.708872e+00,1.020000, 7.604939e+00,1.020000, 7.618630e+00,1.020000, 7.638304e+00,1.020000, 7.676300e+00,1.020000, 7.710568e+00,1.020000, 7.747262e+00,1.020000, 7.773355e+00,1.020000, 7.799167e+00,1.020000, 7.809382e+00,
1.030000, 7.387820e+00,1.030000, 7.248078e+00,1.030000, 7.267479e+00,1.030000, 7.294322e+00,1.030000, 7.343759e+00,1.030000, 7.389827e+00,1.030000, 7.438466e+00,1.030000, 7.473869e+00,1.030000, 7.508864e+00,1.030000, 7.523847e+00,
1.040000, 7.107772e+00,1.040000, 6.940343e+00,1.040000, 6.962248e+00,1.040000, 6.997335e+00,1.040000, 7.054246e+00,1.040000, 7.109824e+00,1.040000, 7.167531e+00,1.040000, 7.209715e+00,1.040000, 7.252194e+00,1.040000, 7.271781e+00,
1.050000, 6.863019e+00,1.050000, 6.674587e+00,1.050000, 6.697968e+00,1.050000, 6.738990e+00,1.050000, 6.802863e+00,1.050000, 6.864819e+00,1.050000, 6.929692e+00,1.050000, 6.977434e+00,1.050000, 7.025967e+00,1.050000, 7.051119e+00,
1.060000, 6.648569e+00,1.060000, 6.440508e+00,1.060000, 6.468692e+00,1.060000, 6.511401e+00,1.060000, 6.583863e+00,1.060000, 6.650006e+00,1.060000, 6.720456e+00,1.060000, 6.776445e+00,1.060000, 6.823799e+00,1.060000, 6.855314e+00,
1.070000, 6.467425e+00,1.070000, 6.246252e+00,1.070000, 6.275524e+00,1.070000, 6.324600e+00,1.070000, 6.399826e+00,1.070000, 6.468193e+00,1.070000, 6.545603e+00,1.070000, 6.605415e+00,1.070000, 6.654233e+00,1.070000, 6.688140e+00,
1.080000, 6.314000e+00,1.080000, 6.083851e+00,1.080000, 6.117366e+00,1.080000, 6.165719e+00,1.080000, 6.245300e+00,1.080000, 6.314132e+00,1.080000, 6.394563e+00,1.080000, 6.457134e+00,1.080000, 6.506507e+00,1.080000, 6.543624e+00,
1.090000, 6.178931e+00,1.090000, 5.939634e+00,1.090000, 5.977099e+00,1.090000, 6.025164e+00,1.090000, 6.107663e+00,1.090000, 6.178869e+00,1.090000, 6.260446e+00,1.090000, 6.326595e+00,1.090000, 6.372179e+00,1.090000, 6.413874e+00,
1.100000, 6.063551e+00,1.100000, 5.817554e+00,1.100000, 5.862085e+00,1.100000, 5.908693e+00,1.100000, 5.990005e+00,1.100000, 6.062864e+00,1.100000, 6.145371e+00,1.100000, 6.213623e+00,1.100000, 6.258908e+00,1.100000, 6.301185e+00,
1.110000, 5.971056e+00,1.110000, 5.718270e+00,1.110000, 5.764500e+00,1.110000, 5.811500e+00,1.110000, 5.895834e+00,1.110000, 5.970112e+00,1.110000, 6.053283e+00,1.110000, 6.120940e+00,1.110000, 6.164986e+00,1.110000, 6.207378e+00,
1.120000, 5.888662e+00,1.120000, 5.640822e+00,1.120000, 5.682146e+00,1.120000, 5.728617e+00,1.120000, 5.811564e+00,1.120000, 5.889242e+00,1.120000, 5.970426e+00,1.120000, 6.036968e+00,1.120000, 6.084358e+00,1.120000, 6.125064e+00,
1.130000, 5.823228e+00,1.130000, 5.574867e+00,1.130000, 5.618254e+00,1.130000, 5.662931e+00,1.130000, 5.748127e+00,1.130000, 5.826137e+00,1.130000, 5.903191e+00,1.130000, 5.974963e+00,1.130000, 6.020550e+00,1.130000, 6.057018e+00,
1.140000, 5.769550e+00,1.140000, 5.518374e+00,1.140000, 5.565772e+00,1.140000, 5.611562e+00,1.140000, 5.693829e+00,1.140000, 5.769897e+00,1.140000, 5.851397e+00,1.140000, 5.917862e+00,1.140000, 5.967051e+00,1.140000, 5.999607e+00,
1.150000, 5.723830e+00,1.150000, 5.476631e+00,1.150000, 5.518778e+00,1.150000, 5.570355e+00,1.150000, 5.646597e+00,1.150000, 5.723848e+00,1.150000, 5.804181e+00,1.150000, 5.869778e+00,1.150000, 5.920795e+00,1.150000, 5.952062e+00,
1.160000, 5.692038e+00,1.160000, 5.438716e+00,1.160000, 5.491287e+00,1.160000, 5.543007e+00,1.160000, 5.614150e+00,1.160000, 5.690699e+00,1.160000, 5.771221e+00,1.160000, 5.833181e+00,1.160000, 5.890848e+00,1.160000, 5.918300e+00,
1.170000, 5.662933e+00,1.170000, 5.415365e+00,1.170000, 5.465560e+00,1.170000, 5.510738e+00,1.170000, 5.583823e+00,1.170000, 5.662613e+00,1.170000, 5.742013e+00,1.170000, 5.801646e+00,1.170000, 5.859897e+00,1.170000, 5.887023e+00,
1.180000, 5.647493e+00,1.180000, 5.409349e+00,1.180000, 5.453285e+00,1.180000, 5.499053e+00,1.180000, 5.572246e+00,1.180000, 5.648343e+00,1.180000, 5.725783e+00,1.180000, 5.783873e+00,1.180000, 5.840255e+00,1.180000, 5.867052e+00,
1.190000, 5.632675e+00,1.190000, 5.397997e+00,1.190000, 5.442446e+00,1.190000, 5.485228e+00,1.190000, 5.557264e+00,1.190000, 5.635414e+00,1.190000, 5.709907e+00,1.190000, 5.767895e+00,1.190000, 5.824453e+00,1.190000, 5.850712e+00,
1.200000, 5.628779e+00,1.200000, 5.395090e+00,1.200000, 5.441917e+00,1.200000, 5.485466e+00,1.200000, 5.553520e+00,1.200000, 5.632034e+00,1.200000, 5.705414e+00,1.200000, 5.761934e+00,1.200000, 5.818472e+00,1.200000, 5.841097e+00,
1.210000, 5.624883e+00,1.210000, 5.393795e+00,1.210000, 5.445821e+00,1.210000, 5.484962e+00,1.210000, 5.550713e+00,1.210000, 5.629128e+00,1.210000, 5.700266e+00,1.210000, 5.757634e+00,1.210000, 5.810082e+00,1.210000, 5.834057e+00,
1.220000, 5.630102e+00,1.220000, 5.409114e+00,1.220000, 5.451094e+00,1.220000, 5.493253e+00,1.220000, 5.556113e+00,1.220000, 5.634445e+00,1.220000, 5.703372e+00,1.220000, 5.763082e+00,1.220000, 5.808897e+00,1.220000, 5.833465e+00,
1.230000, 5.635422e+00,1.230000, 5.413352e+00,1.230000, 5.456367e+00,1.230000, 5.501371e+00,1.230000, 5.564197e+00,1.230000, 5.639346e+00,1.230000, 5.706279e+00,1.230000, 5.766780e+00,1.230000, 5.810401e+00,1.230000, 5.832636e+00,
1.240000, 5.646845e+00,1.240000, 5.425592e+00,1.240000, 5.472629e+00,1.240000, 5.514524e+00,1.240000, 5.576650e+00,1.240000, 5.650370e+00,1.240000, 5.716186e+00,1.240000, 5.774781e+00,1.240000, 5.818657e+00,1.240000, 5.838072e+00,
1.250000, 5.659514e+00,1.250000, 5.444608e+00,1.250000, 5.484878e+00,1.250000, 5.529968e+00,1.250000, 5.589642e+00,1.250000, 5.662343e+00,1.250000, 5.728036e+00,1.250000, 5.785547e+00,1.250000, 5.829285e+00,1.250000, 5.847709e+00,
1.260000, 5.675393e+00,1.260000, 5.462068e+00,1.260000, 5.504993e+00,1.260000, 5.546190e+00,1.260000, 5.608207e+00,1.260000, 5.678823e+00,1.260000, 5.741380e+00,1.260000, 5.800347e+00,1.260000, 5.843312e+00,1.260000, 5.862618e+00,
1.270000, 5.693810e+00,1.270000, 5.489141e+00,1.270000, 5.527644e+00,1.270000, 5.565556e+00,1.270000, 5.628556e+00,1.270000, 5.697023e+00,1.270000, 5.758372e+00,1.270000, 5.817335e+00,1.270000, 5.853886e+00,1.270000, 5.883026e+00,
1.280000, 5.712959e+00,1.280000, 5.513529e+00,1.280000, 5.550900e+00,1.280000, 5.587760e+00,1.280000, 5.648661e+00,1.280000, 5.715395e+00,1.280000, 5.776860e+00,1.280000, 5.834933e+00,1.280000, 5.867622e+00,1.280000, 5.906630e+00,
1.290000, 5.735766e+00,1.290000, 5.536713e+00,1.290000, 5.577995e+00,1.290000, 5.611867e+00,1.290000, 5.671459e+00,1.290000, 5.738782e+00,1.290000, 5.799394e+00,1.290000, 5.854071e+00,1.290000, 5.890962e+00,1.290000, 5.928927e+00,
1.300000, 5.758573e+00,1.300000, 5.557410e+00,1.300000, 5.605155e+00,1.300000, 5.636258e+00,1.300000, 5.696018e+00,1.300000, 5.761636e+00,1.300000, 5.822979e+00,1.300000, 5.872824e+00,1.300000, 5.912278e+00,1.300000, 5.948533e+00,
1.310000, 5.783488e+00,1.310000, 5.585592e+00,1.310000, 5.632247e+00,1.310000, 5.663546e+00,1.310000, 5.720199e+00,1.310000, 5.787116e+00,1.310000, 5.848059e+00,1.310000, 5.896866e+00,1.310000, 5.934726e+00,1.310000, 5.969534e+00,
1.320000, 5.809542e+00,1.320000, 5.609176e+00,1.320000, 5.657530e+00,1.320000, 5.693712e+00,1.320000, 5.746483e+00,1.320000, 5.813727e+00,1.320000, 5.874327e+00,1.320000, 5.923012e+00,1.320000, 5.958420e+00,1.320000, 5.991629e+00,
1.330000, 5.835596e+00,1.330000, 5.631565e+00,1.330000, 5.684363e+00,1.330000, 5.721726e+00,1.330000, 5.770895e+00,1.330000, 5.839820e+00,1.330000, 5.899584e+00,1.330000, 5.949158e+00,1.330000, 5.982089e+00,1.330000, 6.013724e+00,
1.340000, 5.863942e+00,1.340000, 5.666581e+00,1.340000, 5.714428e+00,1.340000, 5.752474e+00,1.340000, 5.800877e+00,1.340000, 5.868158e+00,1.340000, 5.925495e+00,1.340000, 5.975683e+00,1.340000, 6.008065e+00,1.340000, 6.038051e+00,
1.350000, 5.892289e+00,1.350000, 5.698480e+00,1.350000, 5.744915e+00,1.350000, 5.784220e+00,1.350000, 5.830019e+00,1.350000, 5.896706e+00,1.350000, 5.952148e+00,1.350000, 6.002684e+00,1.350000, 6.035570e+00,1.350000, 6.066006e+00,
1.360000, 5.920952e+00,1.360000, 5.728948e+00,1.360000, 5.773448e+00,1.360000, 5.813996e+00,1.360000, 5.860966e+00,1.360000, 5.924929e+00,1.360000, 5.979855e+00,1.360000, 6.030229e+00,1.360000, 6.061396e+00,1.360000, 6.100206e+00,
1.370000, 5.950802e+00,1.370000, 5.763827e+00,1.370000, 5.805856e+00,1.370000, 5.845856e+00,1.370000, 5.892359e+00,1.370000, 5.953707e+00,1.370000, 6.009466e+00,1.370000, 6.061678e+00,1.370000, 6.086733e+00,1.370000, 6.129722e+00,
1.380000, 5.980652e+00,1.380000, 5.796016e+00,1.380000, 5.832802e+00,1.380000, 5.877384e+00,1.380000, 5.923329e+00,1.380000, 5.981819e+00,1.380000, 6.037922e+00,1.380000, 6.089395e+00,1.380000, 6.113265e+00,1.380000, 6.156990e+00,
1.390000, 6.010735e+00,1.390000, 5.828909e+00,1.390000, 5.865871e+00,1.390000, 5.907383e+00,1.390000, 5.955400e+00,1.390000, 6.011847e+00,1.390000, 6.066788e+00,1.390000, 6.116928e+00,1.390000, 6.143850e+00,1.390000, 6.183065e+00,
1.400000, 6.041436e+00,1.400000, 5.861101e+00,1.400000, 5.897504e+00,1.400000, 5.938693e+00,1.400000, 5.986562e+00,1.400000, 6.042086e+00,1.400000, 6.097593e+00,1.400000, 6.147288e+00,1.400000, 6.177087e+00,1.400000, 6.209679e+00,
1.410000, 6.072136e+00,1.410000, 5.894515e+00,1.410000, 5.927317e+00,1.410000, 5.970564e+00,1.410000, 6.018769e+00,1.410000, 6.072325e+00,1.410000, 6.127314e+00,1.410000, 6.177498e+00,1.410000, 6.205319e+00,1.410000, 6.241997e+00,
1.420000, 6.102895e+00,1.420000, 5.927447e+00,1.420000, 5.958272e+00,1.420000, 6.002515e+00,1.420000, 6.050430e+00,1.420000, 6.103557e+00,1.420000, 6.157927e+00,1.420000, 6.205377e+00,1.420000, 6.234500e+00,1.420000, 6.272318e+00,
1.430000, 6.133913e+00,1.430000, 5.958193e+00,1.430000, 5.988134e+00,1.430000, 6.034819e+00,1.430000, 6.082540e+00,1.430000, 6.134448e+00,1.430000, 6.188743e+00,1.430000, 6.235950e+00,1.430000, 6.267310e+00,1.430000, 6.301899e+00,
1.440000, 6.164931e+00,1.440000, 5.988112e+00,1.440000, 6.021635e+00,1.440000, 6.066247e+00,1.440000, 6.113172e+00,1.440000, 6.164328e+00,1.440000, 6.218754e+00,1.440000, 6.265995e+00,1.440000, 6.297371e+00,1.440000, 6.330029e+00,
1.450000, 6.195949e+00,1.450000, 6.019307e+00,1.450000, 6.052726e+00,1.450000, 6.098523e+00,1.450000, 6.145027e+00,1.450000, 6.196258e+00,1.450000, 6.249693e+00,1.450000, 6.296617e+00,1.450000, 6.329405e+00,1.450000, 6.362170e+00,
1.460000, 6.226856e+00,1.460000, 6.053268e+00,1.460000, 6.084993e+00,1.460000, 6.130472e+00,1.460000, 6.175748e+00,1.460000, 6.225948e+00,1.460000, 6.280944e+00,1.460000, 6.326919e+00,1.460000, 6.359750e+00,1.460000, 6.395181e+00,
1.470000, 6.257755e+00,1.470000, 6.084149e+00,1.470000, 6.118359e+00,1.470000, 6.162022e+00,1.470000, 6.207191e+00,1.470000, 6.256261e+00,1.470000, 6.311008e+00,1.470000, 6.358085e+00,1.470000, 6.389584e+00,1.470000, 6.427936e+00,
1.480000, 6.288654e+00,1.480000, 6.115555e+00,1.480000, 6.150709e+00,1.480000, 6.192102e+00,1.480000, 6.236861e+00,1.480000, 6.287700e+00,1.480000, 6.342074e+00,1.480000, 6.389247e+00,1.480000, 6.422052e+00,1.480000, 6.456032e+00,
1.490000, 6.319313e+00,1.490000, 6.148972e+00,1.490000, 6.183012e+00,1.490000, 6.222151e+00,1.490000, 6.267448e+00,1.490000, 6.317509e+00,1.490000, 6.372270e+00,1.490000, 6.418655e+00,1.490000, 6.451295e+00,1.490000, 6.486447e+00,
1.500000, 6.349736e+00,1.500000, 6.178919e+00,1.500000, 6.213267e+00,1.500000, 6.252783e+00,1.500000, 6.297517e+00,1.500000, 6.349328e+00,1.500000, 6.401052e+00,1.500000, 6.447736e+00,1.500000, 6.480530e+00,1.500000, 6.512858e+00,
1.510000, 6.380160e+00,1.510000, 6.211307e+00,1.510000, 6.243521e+00,1.510000, 6.282454e+00,1.510000, 6.328262e+00,1.510000, 6.377830e+00,1.510000, 6.429137e+00,1.510000, 6.477988e+00,1.510000, 6.511897e+00,1.510000, 6.544128e+00,
1.520000, 6.410583e+00,1.520000, 6.240071e+00,1.520000, 6.276557e+00,1.520000, 6.313143e+00,1.520000, 6.359829e+00,1.520000, 6.407886e+00,1.520000, 6.460155e+00,1.520000, 6.507593e+00,1.520000, 6.541555e+00,1.520000, 6.570943e+00,
1.530000, 6.440321e+00,1.530000, 6.268534e+00,1.530000, 6.304643e+00,1.530000, 6.342292e+00,1.530000, 6.389545e+00,1.530000, 6.436900e+00,1.530000, 6.491030e+00,1.530000, 6.538583e+00,1.530000, 6.573210e+00,1.530000, 6.600762e+00,
1.540000, 6.469983e+00,1.540000, 6.296963e+00,1.540000, 6.333294e+00,1.540000, 6.373209e+00,1.540000, 6.419537e+00,1.540000, 6.467039e+00,1.540000, 6.520548e+00,1.540000, 6.567382e+00,1.540000, 6.603958e+00,1.540000, 6.631398e+00,
1.550000, 6.499644e+00,1.550000, 6.325392e+00,1.550000, 6.363857e+00,1.550000, 6.403100e+00,1.550000, 6.450445e+00,1.550000, 6.496514e+00,1.550000, 6.548751e+00,1.550000, 6.596387e+00,1.550000, 6.631943e+00,1.550000, 6.662033e+00,
1.560000, 6.529202e+00,1.560000, 6.353819e+00,1.560000, 6.393145e+00,1.560000, 6.432483e+00,1.560000, 6.479929e+00,1.560000, 6.526039e+00,1.560000, 6.577988e+00,1.560000, 6.625067e+00,1.560000, 6.663036e+00,1.560000, 6.692528e+00,
1.570000, 6.557875e+00,1.570000, 6.381870e+00,1.570000, 6.422694e+00,1.570000, 6.459934e+00,1.570000, 6.508638e+00,1.570000, 6.554463e+00,1.570000, 6.606265e+00,1.570000, 6.652827e+00,1.570000, 6.691586e+00,1.570000, 6.718311e+00,
1.580000, 6.586547e+00,1.580000, 6.411467e+00,1.580000, 6.452921e+00,1.580000, 6.488480e+00,1.580000, 6.536438e+00,1.580000, 6.584028e+00,1.580000, 6.634919e+00,1.580000, 6.680722e+00,1.580000, 6.724002e+00,1.580000, 6.748175e+00,
1.590000, 6.615219e+00,1.590000, 6.440590e+00,1.590000, 6.481363e+00,1.590000, 6.516946e+00,1.590000, 6.564936e+00,1.590000, 6.612713e+00,1.590000, 6.663652e+00,1.590000, 6.709612e+00,1.590000, 6.750703e+00,1.590000, 6.778902e+00,
1.600000, 6.643763e+00,1.600000, 6.466527e+00,1.600000, 6.512881e+00,1.600000, 6.545732e+00,1.600000, 6.594812e+00,1.600000, 6.641561e+00,1.600000, 6.692175e+00,1.600000, 6.738360e+00,1.600000, 6.777348e+00,1.600000, 6.809532e+00,
1.610000, 6.671266e+00,1.610000, 6.495458e+00,1.610000, 6.539285e+00,1.610000, 6.572869e+00,1.610000, 6.622321e+00,1.610000, 6.669659e+00,1.610000, 6.719669e+00,1.610000, 6.766840e+00,1.610000, 6.803822e+00,1.610000, 6.838763e+00,
1.620000, 6.698769e+00,1.620000, 6.524020e+00,1.620000, 6.567758e+00,1.620000, 6.599882e+00,1.620000, 6.649729e+00,1.620000, 6.696623e+00,1.620000, 6.746686e+00,1.620000, 6.794256e+00,1.620000, 6.831902e+00,1.620000, 6.871270e+00,
1.630000, 6.726272e+00,1.630000, 6.552766e+00,1.630000, 6.595482e+00,1.630000, 6.626957e+00,1.630000, 6.677598e+00,1.630000, 6.723971e+00,1.630000, 6.774734e+00,1.630000, 6.821843e+00,1.630000, 6.859768e+00,1.630000, 6.901264e+00,
1.640000, 6.753775e+00,1.640000, 6.581512e+00,1.640000, 6.622033e+00,1.640000, 6.654109e+00,1.640000, 6.705068e+00,1.640000, 6.751465e+00,1.640000, 6.802301e+00,1.640000, 6.850504e+00,1.640000, 6.886188e+00,1.640000, 6.928957e+00,
1.650000, 6.780092e+00,1.650000, 6.609445e+00,1.650000, 6.647672e+00,1.650000, 6.680020e+00,1.650000, 6.729084e+00,1.650000, 6.778630e+00,1.650000, 6.828717e+00,1.650000, 6.877598e+00,1.650000, 6.914648e+00,1.650000, 6.955285e+00,
1.660000, 6.806284e+00,1.660000, 6.636461e+00,1.660000, 6.673217e+00,1.660000, 6.706012e+00,1.660000, 6.755233e+00,1.660000, 6.805394e+00,1.660000, 6.854329e+00,1.660000, 6.903601e+00,1.660000, 6.938558e+00,1.660000, 6.981863e+00,
1.670000, 6.832476e+00,1.670000, 6.663477e+00,1.670000, 6.699664e+00,1.670000, 6.732148e+00,1.670000, 6.780763e+00,1.670000, 6.831900e+00,1.670000, 6.880406e+00,1.670000, 6.929111e+00,1.670000, 6.965973e+00,1.670000, 7.009565e+00,
1.680000, 6.858668e+00,1.680000, 6.690493e+00,1.680000, 6.724305e+00,1.680000, 6.758136e+00,1.680000, 6.808467e+00,1.680000, 6.858183e+00,1.680000, 6.906358e+00,1.680000, 6.955629e+00,1.680000, 6.994350e+00,1.680000, 7.037773e+00,
1.690000, 6.884180e+00,1.690000, 6.718802e+00,1.690000, 6.749509e+00,1.690000, 6.782710e+00,1.690000, 6.835788e+00,1.690000, 6.882941e+00,1.690000, 6.931489e+00,1.690000, 6.981862e+00,1.690000, 7.020170e+00,1.690000, 7.065438e+00,
1.700000, 6.908953e+00,1.700000, 6.745037e+00,1.700000, 6.774541e+00,1.700000, 6.806955e+00,1.700000, 6.859535e+00,1.700000, 6.908351e+00,1.700000, 6.955491e+00,1.700000, 7.007521e+00,1.700000, 7.046783e+00,1.700000, 7.092097e+00,
1.710000, 6.933726e+00,1.710000, 6.771796e+00,1.710000, 6.800187e+00,1.710000, 6.832192e+00,1.710000, 6.883739e+00,1.710000, 6.932564e+00,1.710000, 6.980254e+00,1.710000, 7.032085e+00,1.710000, 7.070440e+00,1.710000, 7.118756e+00,
1.720000, 6.958499e+00,1.720000, 6.799468e+00,1.720000, 6.825034e+00,1.720000, 6.857742e+00,1.720000, 6.909589e+00,1.720000, 6.957482e+00,1.720000, 7.004781e+00,1.720000, 7.057237e+00,1.720000, 7.094166e+00,1.720000, 7.145415e+00,
1.730000, 6.983272e+00,1.730000, 6.825520e+00,1.730000, 6.848382e+00,1.730000, 6.882235e+00,1.730000, 6.934170e+00,1.730000, 6.982050e+00,1.730000, 7.029326e+00,1.730000, 7.081033e+00,1.730000, 7.120173e+00,1.730000, 7.169731e+00,
1.740000, 7.006817e+00,1.740000, 6.848797e+00,1.740000, 6.872987e+00,1.740000, 6.906288e+00,1.740000, 6.957314e+00,1.740000, 7.005047e+00,1.740000, 7.053339e+00,1.740000, 7.104169e+00,1.740000, 7.142645e+00,1.740000, 7.190573e+00,
1.750000, 7.030093e+00,1.750000, 6.873405e+00,1.750000, 6.895297e+00,1.750000, 6.929747e+00,1.750000, 6.980276e+00,1.750000, 7.028444e+00,1.750000, 7.076540e+00,1.750000, 7.127572e+00,1.750000, 7.165755e+00,1.750000, 7.211178e+00,
1.760000, 7.053369e+00,1.760000, 6.897250e+00,1.760000, 6.918703e+00,1.760000, 6.953452e+00,1.760000, 7.002213e+00,1.760000, 7.051976e+00,1.760000, 7.098899e+00,1.760000, 7.150286e+00,1.760000, 7.190048e+00,1.760000, 7.231783e+00,
1.770000, 7.076645e+00,1.770000, 6.920970e+00,1.770000, 6.942611e+00,1.770000, 6.976733e+00,1.770000, 7.024566e+00,1.770000, 7.075557e+00,1.770000, 7.122488e+00,1.770000, 7.172640e+00,1.770000, 7.213938e+00,1.770000, 7.252388e+00,
1.780000, 7.099920e+00,1.780000, 6.942642e+00,1.780000, 6.964785e+00,1.780000, 6.999225e+00,1.780000, 7.048046e+00,1.780000, 7.098662e+00,1.780000, 7.145842e+00,1.780000, 7.195350e+00,1.780000, 7.236644e+00,1.780000, 7.272992e+00,
1.790000, 7.121777e+00,1.790000, 6.965797e+00,1.790000, 6.986850e+00,1.790000, 7.020222e+00,1.790000, 7.070304e+00,1.790000, 7.120289e+00,1.790000, 7.167956e+00,1.790000, 7.216823e+00,1.790000, 7.259083e+00,1.790000, 7.294108e+00,
1.800000, 7.143503e+00,1.800000, 6.988833e+00,1.800000, 7.009478e+00,1.800000, 7.041292e+00,1.800000, 7.092576e+00,1.800000, 7.142243e+00,1.800000, 7.190363e+00,1.800000, 7.238316e+00,1.800000, 7.281362e+00,1.800000, 7.315866e+00,
1.810000, 7.165229e+00,1.810000, 7.010751e+00,1.810000, 7.032631e+00,1.810000, 7.062566e+00,1.810000, 7.114782e+00,1.810000, 7.163578e+00,1.810000, 7.212189e+00,1.810000, 7.259606e+00,1.810000, 7.303641e+00,1.810000, 7.339609e+00,
1.820000, 7.186955e+00,1.820000, 7.031882e+00,1.820000, 7.055344e+00,1.820000, 7.085122e+00,1.820000, 7.135836e+00,1.820000, 7.185044e+00,1.820000, 7.233724e+00,1.820000, 7.280334e+00,1.820000, 7.325920e+00,1.820000, 7.363352e+00,
1.830000, 7.208680e+00,1.830000, 7.053013e+00,1.830000, 7.077311e+00,1.830000, 7.106212e+00,1.830000, 7.157774e+00,1.830000, 7.206798e+00,1.830000, 7.255030e+00,1.830000, 7.301965e+00,1.830000, 7.348200e+00,1.830000, 7.387095e+00,
1.840000, 7.229216e+00,1.840000, 7.073179e+00,1.840000, 7.097641e+00,1.840000, 7.127544e+00,1.840000, 7.177020e+00,1.840000, 7.227458e+00,1.840000, 7.275485e+00,1.840000, 7.322319e+00,1.840000, 7.369572e+00,1.840000, 7.406123e+00,
1.850000, 7.249362e+00,1.850000, 7.092329e+00,1.850000, 7.118491e+00,1.850000, 7.147408e+00,1.850000, 7.197513e+00,1.850000, 7.247751e+00,1.850000, 7.295775e+00,1.850000, 7.342617e+00,1.850000, 7.390988e+00,1.850000, 7.424658e+00,
1.860000, 7.269509e+00,1.860000, 7.112881e+00,1.860000, 7.138487e+00,1.860000, 7.168066e+00,1.860000, 7.216951e+00,1.860000, 7.268028e+00,1.860000, 7.316507e+00,1.860000, 7.361921e+00,1.860000, 7.410844e+00,1.860000, 7.443194e+00,
1.870000, 7.289655e+00,1.870000, 7.132732e+00,1.870000, 7.157876e+00,1.870000, 7.188264e+00,1.870000, 7.236240e+00,1.870000, 7.288143e+00,1.870000, 7.336557e+00,1.870000, 7.382182e+00,1.870000, 7.430583e+00,1.870000, 7.461925e+00,
1.880000, 7.309802e+00,1.880000, 7.152583e+00,1.880000, 7.177654e+00,1.880000, 7.207878e+00,1.880000, 7.256959e+00,1.880000, 7.308597e+00,1.880000, 7.356342e+00,1.880000, 7.401896e+00,1.880000, 7.450601e+00,1.880000, 7.483141e+00,
1.890000, 7.329439e+00,1.890000, 7.172033e+00,1.890000, 7.197169e+00,1.890000, 7.227688e+00,1.890000, 7.277346e+00,1.890000, 7.328343e+00,1.890000, 7.376521e+00,1.890000, 7.421330e+00,1.890000, 7.470391e+00,1.890000, 7.502890e+00,
1.900000, 7.347994e+00,1.900000, 7.192824e+00,1.900000, 7.216488e+00,1.900000, 7.245584e+00,1.900000, 7.296400e+00,1.900000, 7.347125e+00,1.900000, 7.394756e+00,1.900000, 7.439388e+00,1.900000, 7.488769e+00,1.900000, 7.520014e+00,
1.910000, 7.366548e+00,1.910000, 7.210863e+00,1.910000, 7.235406e+00,1.910000, 7.264211e+00,1.910000, 7.314826e+00,1.910000, 7.366120e+00,1.910000, 7.413505e+00,1.910000, 7.457447e+00,1.910000, 7.506832e+00,1.910000, 7.537137e+00,
1.920000, 7.385102e+00,1.920000, 7.228530e+00,1.920000, 7.254324e+00,1.920000, 7.282693e+00,1.920000, 7.333689e+00,1.920000, 7.384601e+00,1.920000, 7.431886e+00,1.920000, 7.475628e+00,1.920000, 7.524895e+00,1.920000, 7.554116e+00,
1.930000, 7.403657e+00,1.930000, 7.246801e+00,1.930000, 7.273242e+00,1.930000, 7.301175e+00,1.930000, 7.352562e+00,1.930000, 7.403339e+00,1.930000, 7.450489e+00,1.930000, 7.493873e+00,1.930000, 7.541716e+00,1.930000, 7.570824e+00,
1.940000, 7.422211e+00,1.940000, 7.265201e+00,1.940000, 7.292299e+00,1.940000, 7.319532e+00,1.940000, 7.371453e+00,1.940000, 7.421930e+00,1.940000, 7.468487e+00,1.940000, 7.512911e+00,1.940000, 7.559596e+00,1.940000, 7.587532e+00,
1.950000, 7.439815e+00,1.950000, 7.282810e+00,1.950000, 7.310195e+00,1.950000, 7.337566e+00,1.950000, 7.389619e+00,1.950000, 7.439872e+00,1.950000, 7.486246e+00,1.950000, 7.531424e+00,1.950000, 7.576606e+00,1.950000, 7.603301e+00,
1.960000, 7.456785e+00,1.960000, 7.299618e+00,1.960000, 7.327640e+00,1.960000, 7.355001e+00,1.960000, 7.406388e+00,1.960000, 7.456609e+00,1.960000, 7.502717e+00,1.960000, 7.548636e+00,1.960000, 7.592945e+00,1.960000, 7.618445e+00,
1.970000, 7.473754e+00,1.970000, 7.316827e+00,1.970000, 7.345085e+00,1.970000, 7.371639e+00,1.970000, 7.424001e+00,1.970000, 7.473463e+00,1.970000, 7.519408e+00,1.970000, 7.565423e+00,1.970000, 7.609283e+00,1.970000, 7.634109e+00,
1.980000, 7.490724e+00,1.980000, 7.334037e+00,1.980000, 7.362530e+00,1.980000, 7.388789e+00,1.980000, 7.441399e+00,1.980000, 7.490087e+00,1.980000, 7.536943e+00,1.980000, 7.581953e+00,1.980000, 7.625621e+00,1.980000, 7.650555e+00,
1.990000, 7.507694e+00,1.990000, 7.351246e+00,1.990000, 7.380307e+00,1.990000, 7.406652e+00,1.990000, 7.458220e+00,1.990000, 7.507569e+00,1.990000, 7.553510e+00,1.990000, 7.598755e+00,1.990000, 7.641820e+00,1.990000, 7.666628e+00,
2.000000, 7.524663e+00,2.000000, 7.368455e+00,2.000000, 7.398008e+00,2.000000, 7.424270e+00,2.000000, 7.475767e+00,2.000000, 7.524553e+00,2.000000, 7.570659e+00,2.000000, 7.616032e+00,2.000000, 7.657557e+00,2.000000, 7.682463e+00,
