t, S_Pond (1), t, H_Pond (1), t, E_Pond (1), 
1.000000, 1.000000e+00,1.000000, 1.000000e+00,1.000000, 0.000000e+00,
1.010000, 1.000000e+00,1.010000, 1.000000e+00,1.010000, 0.000000e+00,
1.020000, 1.000000e+00,1.020000, 1.000000e+00,1.020000, 0.000000e+00,
1.030000, 1.000000e+00,1.030000, 1.000000e+00,1.030000, 0.000000e+00,
1.040000, 1.000000e+00,1.040000, 1.000000e+00,1.040000, 0.000000e+00,
1.050000, 1.000000e+00,1.050000, 1.000000e+00,1.050000, 0.000000e+00,
1.060000, 1.000000e+00,1.060000, 1.000000e+00,1.060000, 0.000000e+00,
1.070000, 1.000000e+00,1.070000, 1.000000e+00,1.070000, 0.000000e+00,
1.080000, 1.000000e+00,1.080000, 1.000000e+00,1.080000, 0.000000e+00,
1.090000, 1.000000e+00,1.090000, 1.000000e+00,1.090000, 0.000000e+00,
1.100000, 1.000000e+00,1.100000, 1.000000e+00,1.100000, 0.000000e+00,
1.110000, 1.000000e+00,1.110000, 1.000000e+00,1.110000, 0.000000e+00,
1.120000, 1.000000e+00,1.120000, 1.000000e+00,1.120000, 0.000000e+00,
1.130000, 1.000000e+00,1.130000, 1.000000e+00,1.130000, 0.000000e+00,
1.140000, 1.000000e+00,1.140000, 1.000000e+00,1.140000, 0.000000e+00,
1.150000, 1.000000e+00,1.150000, 1.000000e+00,1.150000, 0.000000e+00,
1.160000, 1.000000e+00,1.160000, 1.000000e+00,1.160000, 0.000000e+00,
1.170000, 1.000000e+00,1.170000, 1.000000e+00,1.170000, 0.000000e+00,
1.180000, 1.000000e+00,1.180000, 1.000000e+00,1.180000, 0.000000e+00,
1.190000, 1.000000e+00,1.190000, 1.000000e+00,1.190000, 0.000000e+00,
1.200000, 1.000000e+00,1.200000, 1.000000e+00,1.200000, 0.000000e+00,
1.210000, 1.000000e+00,1.210000, 1.000000e+00,1.210000, 0.000000e+00,
1.220000, 1.000000e+00,1.220000, 1.000000e+00,1.220000, 0.000000e+00,
1.230000, 1.000000e+00,1.230000, 1.000000e+00,1.230000, 0.000000e+00,
1.240000, 1.000000e+00,1.240000, 1.000000e+00,1.240000, 0.000000e+00,
1.250000, 1.000000e+00,1.250000, 1.000000e+00,1.250000, 0.000000e+00,
1.260000, 1.000000e+00,1.260000, 1.000000e+00,1.260000, 0.000000e+00,
1.270000, 1.000000e+00,1.270000, 1.000000e+00,1.270000, 0.000000e+00,
1.280000, 1.000000e+00,1.280000, 1.000000e+00,1.280000, 0.000000e+00,
1.290000, 1.000000e+00,1.290000, 1.000000e+00,1.290000, 0.000000e+00,
1.300000, 1.000000e+00,1.300000, 1.000000e+00,1.300000, 0.000000e+00,
1.310000, 1.000000e+00,1.310000, 1.000000e+00,1.310000, 0.000000e+00,
1.320000, 1.000000e+00,1.320000, 1.000000e+00,1.320000, 0.000000e+00,
1.330000, 1.000000e+00,1.330000, 1.000000e+00,1.330000, 0.000000e+00,
1.340000, 1.000000e+00,1.340000, 1.000000e+00,1.340000, 0.000000e+00,
1.350000, 1.000000e+00,1.350000, 1.000000e+00,1.350000, 0.000000e+00,
1.360000, 1.000000e+00,1.360000, 1.000000e+00,1.360000, 0.000000e+00,
1.370000, 1.000000e+00,1.370000, 1.000000e+00,1.370000, 0.000000e+00,
1.380000, 1.000000e+00,1.380000, 1.000000e+00,1.380000, 0.000000e+00,
1.390000, 1.000000e+00,1.390000, 1.000000e+00,1.390000, 0.000000e+00,
1.400000, 1.000000e+00,1.400000, 1.000000e+00,1.400000, 0.000000e+00,
1.410000, 1.000000e+00,1.410000, 1.000000e+00,1.410000, 0.000000e+00,
1.420000, 1.000000e+00,1.420000, 1.000000e+00,1.420000, 0.000000e+00,
1.430000, 1.000000e+00,1.430000, 1.000000e+00,1.430000, 0.000000e+00,
1.440000, 1.000000e+00,1.440000, 1.000000e+00,1.440000, 0.000000e+00,
1.450000, 1.000000e+00,1.450000, 1.000000e+00,1.450000, 0.000000e+00,
1.460000, 1.000000e+00,1.460000, 1.000000e+00,1.460000, 0.000000e+00,
1.470000, 1.000000e+00,1.470000, 1.000000e+00,1.470000, 0.000000e+00,
1.480000, 1.000000e+00,1.480000, 1.000000e+00,1.480000, 0.000000e+00,
1.490000, 1.000000e+00,1.490000, 1.000000e+00,1.490000, 0.000000e+00,
1.500000, 1.000000e+00,1.500000, 1.000000e+00,1.500000, 0.000000e+00,
1.510000, 1.000000e+00,1.510000, 1.000000e+00,1.510000, 0.000000e+00,
1.520000, 1.000000e+00,1.520000, 1.000000e+00,1.520000, 0.000000e+00,
1.530000, 1.000000e+00,1.530000, 1.000000e+00,1.530000, 0.000000e+00,
1.540000, 1.000000e+00,1.540000, 1.000000e+00,1.540000, 0.000000e+00,
1.550000, 1.000000e+00,1.550000, 1.000000e+00,1.550000, 0.000000e+00,
1.560000, 1.000000e+00,1.560000, 1.000000e+00,1.560000, 0.000000e+00,
1.570000, 1.000000e+00,1.570000, 1.000000e+00,1.570000, 0.000000e+00,
1.580000, 1.000000e+00,1.580000, 1.000000e+00,1.580000, 0.000000e+00,
1.590000, 1.000000e+00,1.590000, 1.000000e+00,1.590000, 0.000000e+00,
1.600000, 1.000000e+00,1.600000, 1.000000e+00,1.600000, 0.000000e+00,
1.610000, 1.000000e+00,1.610000, 1.000000e+00,1.610000, 0.000000e+00,
1.620000, 1.000000e+00,1.620000, 1.000000e+00,1.620000, 0.000000e+00,
1.630000, 1.000000e+00,1.630000, 1.000000e+00,1.630000, 0.000000e+00,
1.640000, 1.000000e+00,1.640000, 1.000000e+00,1.640000, 0.000000e+00,
1.650000, 1.000000e+00,1.650000, 1.000000e+00,1.650000, 0.000000e+00,
1.660000, 1.000000e+00,1.660000, 1.000000e+00,1.660000, 0.000000e+00,
1.670000, 1.000000e+00,1.670000, 1.000000e+00,1.670000, 0.000000e+00,
1.680000, 1.000000e+00,1.680000, 1.000000e+00,1.680000, 0.000000e+00,
1.690000, 1.000000e+00,1.690000, 1.000000e+00,1.690000, 0.000000e+00,
1.700000, 1.000000e+00,1.700000, 1.000000e+00,1.700000, 0.000000e+00,
1.710000, 1.000000e+00,1.710000, 1.000000e+00,1.710000, 0.000000e+00,
1.720000, 1.000000e+00,1.720000, 1.000000e+00,1.720000, 0.000000e+00,
1.730000, 1.000000e+00,1.730000, 1.000000e+00,1.730000, 0.000000e+00,
1.740000, 1.000000e+00,1.740000, 1.000000e+00,1.740000, 0.000000e+00,
1.750000, 1.000000e+00,1.750000, 1.000000e+00,1.750000, 0.000000e+00,
1.760000, 1.000000e+00,1.760000, 1.000000e+00,1.760000, 0.000000e+00,
1.770000, 1.000000e+00,1.770000, 1.000000e+00,1.770000, 0.000000e+00,
1.780000, 1.000000e+00,1.780000, 1.000000e+00,1.780000, 0.000000e+00,
1.790000, 1.000000e+00,1.790000, 1.000000e+00,1.790000, 0.000000e+00,
1.800000, 1.000000e+00,1.800000, 1.000000e+00,1.800000, 0.000000e+00,
1.810000, 1.000000e+00,1.810000, 1.000000e+00,1.810000, 0.000000e+00,
1.820000, 1.000000e+00,1.820000, 1.000000e+00,1.820000, 0.000000e+00,
1.830000, 1.000000e+00,1.830000, 1.000000e+00,1.830000, 0.000000e+00,
1.840000, 1.000000e+00,1.840000, 1.000000e+00,1.840000, 0.000000e+00,
1.850000, 1.000000e+00,1.850000, 1.000000e+00,1.850000, 0.000000e+00,
1.860000, 1.000000e+00,1.860000, 1.000000e+00,1.860000, 0.000000e+00,
1.870000, 1.000000e+00,1.870000, 1.000000e+00,1.870000, 0.000000e+00,
1.880000, 1.000000e+00,1.880000, 1.000000e+00,1.880000, 0.000000e+00,
1.890000, 1.000000e+00,1.890000, 1.000000e+00,1.890000, 0.000000e+00,
1.900000, 1.000000e+00,1.900000, 1.000000e+00,1.900000, 0.000000e+00,
1.910000, 1.000000e+00,1.910000, 1.000000e+00,1.910000, 0.000000e+00,
1.920000, 1.000000e+00,1.920000, 1.000000e+00,1.920000, 0.000000e+00,
1.930000, 1.000000e+00,1.930000, 1.000000e+00,1.930000, 0.000000e+00,
1.940000, 1.000000e+00,1.940000, 1.000000e+00,1.940000, 0.000000e+00,
1.950000, 1.000000e+00,1.950000, 1.000000e+00,1.950000, 0.000000e+00,
1.960000, 1.000000e+00,1.960000, 1.000000e+00,1.960000, 0.000000e+00,
1.970000, 1.000000e+00,1.970000, 1.000000e+00,1.970000, 0.000000e+00,
1.980000, 1.000000e+00,1.980000, 1.000000e+00,1.980000, 0.000000e+00,
1.990000, 1.000000e+00,1.990000, 1.000000e+00,1.990000, 0.000000e+00,
2.000000, 1.000000e+00,2.000000, 1.000000e+00,2.000000, 0.000000e+00,
