t, DO, 
1.000000, 8.500000e+00,
1.010000, 8.104444e+00,
1.020000, 7.755520e+00,
1.030000, 7.447754e+00,
1.040000, 7.176067e+00,
1.050000, 6.935802e+00,
1.060000, 6.722796e+00,
1.070000, 6.540164e+00,
1.080000, 6.383267e+00,
1.090000, 6.243624e+00,
1.100000, 6.122633e+00,
1.110000, 6.023759e+00,
1.120000, 5.934773e+00,
1.130000, 5.862526e+00,
1.140000, 5.802134e+00,
1.150000, 5.749768e+00,
1.160000, 5.711755e+00,
1.170000, 5.676513e+00,
1.180000, 5.655663e+00,
1.190000, 5.635478e+00,
1.200000, 5.627047e+00,
1.210000, 5.618616e+00,
1.220000, 5.620205e+00,
1.230000, 5.621903e+00,
1.240000, 5.630450e+00,
1.250000, 5.640393e+00,
1.260000, 5.654010e+00,
1.270000, 5.670530e+00,
1.280000, 5.687905e+00,
1.290000, 5.709547e+00,
1.300000, 5.731188e+00,
1.310000, 5.755335e+00,
1.320000, 5.780836e+00,
1.330000, 5.806338e+00,
1.340000, 5.834617e+00,
1.350000, 5.862898e+00,
1.360000, 5.891571e+00,
1.370000, 5.921718e+00,
1.380000, 5.951865e+00,
1.390000, 5.982312e+00,
1.400000, 6.013556e+00,
1.410000, 6.044801e+00,
1.420000, 6.076130e+00,
1.430000, 6.107836e+00,
1.440000, 6.139542e+00,
1.450000, 6.171248e+00,
1.460000, 6.202897e+00,
1.470000, 6.234543e+00,
1.480000, 6.266188e+00,
1.490000, 6.297589e+00,
1.500000, 6.328750e+00,
1.510000, 6.359912e+00,
1.520000, 6.391073e+00,
1.530000, 6.421496e+00,
1.540000, 6.451836e+00,
1.550000, 6.482176e+00,
1.560000, 6.512401e+00,
1.570000, 6.541639e+00,
1.580000, 6.570877e+00,
1.590000, 6.600114e+00,
1.600000, 6.629211e+00,
1.610000, 6.657165e+00,
1.620000, 6.685119e+00,
1.630000, 6.713073e+00,
1.640000, 6.741028e+00,
1.650000, 6.767683e+00,
1.660000, 6.794203e+00,
1.670000, 6.820722e+00,
1.680000, 6.847242e+00,
1.690000, 6.873023e+00,
1.700000, 6.898002e+00,
1.710000, 6.922980e+00,
1.720000, 6.947959e+00,
1.730000, 6.972937e+00,
1.740000, 6.996595e+00,
1.750000, 7.019964e+00,
1.760000, 7.043332e+00,
1.770000, 7.066701e+00,
1.780000, 7.090069e+00,
1.790000, 7.111929e+00,
1.800000, 7.133650e+00,
1.810000, 7.155371e+00,
1.820000, 7.177092e+00,
1.830000, 7.198813e+00,
1.840000, 7.219284e+00,
1.850000, 7.239347e+00,
1.860000, 7.259410e+00,
1.870000, 7.279473e+00,
1.880000, 7.299535e+00,
1.890000, 7.319072e+00,
1.900000, 7.337488e+00,
1.910000, 7.355905e+00,
1.920000, 7.374321e+00,
1.930000, 7.392737e+00,
1.940000, 7.411153e+00,
1.950000, 7.428601e+00,
1.960000, 7.445401e+00,
1.970000, 7.462201e+00,
1.980000, 7.479001e+00,
1.990000, 7.495801e+00,
2.000000, 7.512602e+00,
