//t, S_Darcy (2), t, S_Darcy (4), t, S_Darcy (1), t, S_Darcy (6), t, S_Darcy (3), t, S_Darcy (5), t, S_Darcy (7), t, S_Darcy (8), t, S_Darcy (9), t, S_Darcy (10), t, S_Storage (1), 
0.000000, -1.355253e-020,0.000000, 0.000000e+000,0.000000, 1.355253e-020,0.000000, 0.000000e+000,0.000000, -1.355253e-020,0.000000, -1.355253e-020,0.000000, 2.710505e-020,0.000000, 1.355253e-020,0.000000, 1.355253e-020,0.000000, 0.000000e+000,0.000000, -6.098637e-019,
0.010000, 4.179574e-013,0.010000, 2.063952e-014,0.010000, 9.549145e-013,0.010000, -3.199697e-015,0.010000, 1.016126e-013,0.010000, 3.199670e-015,0.010000, -2.063947e-014,0.010000, -1.016126e-013,0.010000, -4.179573e-013,0.010000, -9.549145e-013,0.010000, -2.500000e-005,
0.022500, 5.866194e-013,0.022500, 6.922327e-014,0.022500, 9.605312e-013,0.022500, -1.354662e-014,0.022500, 2.352896e-013,0.022500, 1.354662e-014,0.022500, -6.922330e-014,0.022500, -2.352896e-013,0.022500, -5.866194e-013,0.022500, -9.605312e-013,0.022500, -3.125000e-005,
0.038125, 4.792217e-014,0.038125, 1.052229e-014,0.038125, 6.575421e-014,0.038125, -2.590023e-015,0.038125, 2.586400e-014,0.038125, 2.590023e-015,0.038125, -1.052226e-014,0.038125, -2.586397e-014,0.038125, -4.792220e-014,0.038125, -6.575421e-014,0.038125, -2.590798e-006,
0.054009, 6.880631e-013,0.054009, 2.192909e-013,0.054009, 8.675752e-013,0.054009, -6.345591e-014,0.054009, 4.377742e-013,0.054009, 6.345589e-014,0.054009, -2.192909e-013,0.054009, -4.377742e-013,0.054009, -6.880630e-013,0.054009, -8.675752e-013,0.054009, -3.971020e-005,
0.073864, 7.963013e-013,0.073864, 3.117413e-013,0.073864, 9.539675e-013,0.073864, -9.849971e-014,0.073864, 5.554356e-013,0.073864, 9.849966e-014,0.073864, -3.117412e-013,0.073864, -5.554357e-013,0.073864, -7.963013e-013,0.073864, -9.539675e-013,0.073864, -4.963775e-005,
0.098683, -1.049511e-013,0.098683, -4.694327e-014,0.098683, -1.209600e-013,0.098683, 1.551163e-014,0.098683, -7.810340e-014,0.098683, -1.551160e-014,0.098683, 4.694324e-014,0.098683, 7.810346e-014,0.098683, 1.049511e-013,0.098683, 1.209599e-013,0.098683, 7.188931e-006,
0.122783, 7.953699e-013,0.122783, 3.793713e-013,0.122783, 9.006502e-013,0.122783, -1.281850e-013,0.122783, 6.103933e-013,0.122783, 1.281850e-013,0.122783, -3.793713e-013,0.122783, -6.103933e-013,0.122783, -7.953699e-013,0.122783, -9.006501e-013,0.122783, -6.024995e-005,
0.152908, -3.675229e-014,0.152908, -1.804329e-014,0.152908, -4.121047e-014,0.152908, 6.148565e-015,0.152908, -2.861817e-014,0.152908, -6.148565e-015,0.152908, 1.804329e-014,0.152908, 2.861817e-014,0.152908, 3.675229e-014,0.152908, 4.121047e-014,0.152908, 3.100866e-006,
0.182723, -1.306499e-012,0.182723, -6.540316e-013,0.182723, -1.456418e-012,0.182723, 2.242761e-013,0.182723, -1.027334e-012,0.182723, -2.242762e-013,0.182723, 6.540315e-013,0.182723, 1.027334e-012,0.182723, 1.306499e-012,0.182723, 1.456418e-012,0.182723, 1.242350e-004,
0.200114, -9.932016e-014,0.200114, -4.989458e-014,0.200114, -1.108258e-013,0.200114, 1.711765e-014,0.200114, -7.825828e-014,0.200114, -1.711765e-014,0.200114, 4.989460e-014,0.200114, 7.825828e-014,0.200114, 9.932021e-014,0.200114, 1.108258e-013,0.200114, 1.035794e-005,
0.216470, -7.147432e-013,0.216470, -3.600362e-013,0.216470, -7.966451e-013,0.216470, 1.235916e-013,0.216470, -5.638220e-013,0.216470, -1.235916e-013,0.216470, 3.600362e-013,0.216470, 5.638218e-013,0.216470, 7.147435e-013,0.216470, 7.966449e-013,0.216470, 7.945967e-005,
0.224880, -3.941114e-013,0.224880, -1.990897e-013,0.224880, -4.386098e-013,0.224880, 6.843785e-014,0.224880, -3.115107e-013,0.224880, -6.843784e-014,0.224880, 1.990897e-013,0.224880, 3.115107e-013,0.224880, 3.941115e-013,0.224880, 4.386098e-013,0.224880, 4.598471e-005,
0.228691, -5.263214e-014,0.228691, -2.662197e-014,0.228691, -5.855472e-014,0.228691, 9.148688e-015,0.228691, -4.162473e-014,0.228691, -9.148674e-015,0.228691, 2.662197e-014,0.228691, 4.162473e-014,0.228691, 5.263211e-014,0.228691, 5.855471e-014,0.228691, 6.287803e-006,
0.231873, 6.570096e-014,0.231873, 3.325013e-014,0.231873, 7.305220e-014,0.231873, -1.143003e-014,0.231873, 5.196624e-014,0.231873, 1.143003e-014,0.231873, -3.325016e-014,0.231873, -5.196623e-014,0.231873, -6.570096e-014,0.231873, -7.305217e-014,0.231873, -7.955946e-006,
0.235851, 6.959515e-014,0.235851, 3.523959e-014,0.235851, 7.734583e-014,0.235851, -1.211769e-014,0.235851, 5.505634e-014,0.235851, 1.211769e-014,0.235851, -3.523961e-014,0.235851, -5.505636e-014,0.235851, -6.959511e-014,0.235851, -7.734584e-014,0.235851, -8.545575e-006,
0.240684, 9.671485e-014,0.240684, 4.900269e-014,0.240684, 1.074398e-013,0.240684, -1.685548e-014,0.240684, 7.653250e-014,0.240684, 1.685549e-014,0.240684, -4.900274e-014,0.240684, -7.653250e-014,0.240684, -9.671488e-014,0.240684, -1.074398e-013,0.240684, -1.208133e-005,
0.246724, 1.183513e-013,0.246724, 6.000921e-014,0.246724, 1.314231e-013,0.246724, -2.064732e-014,0.246724, 9.368832e-014,0.246724, 2.064730e-014,0.246724, -6.000922e-014,0.246724, -9.368832e-014,0.246724, -1.183513e-013,0.246724, -1.314230e-013,0.246724, -1.510166e-005,
0.254275, 1.440533e-013,0.254275, 7.310104e-014,0.254275, 1.599045e-013,0.254275, -2.515857e-014,0.254275, 1.140832e-013,0.254275, 2.515860e-014,0.254275, -7.310102e-014,0.254275, -1.140832e-013,0.254275, -1.440533e-013,0.254275, -1.599045e-013,0.254275, -1.887707e-005,
0.263714, 1.741658e-013,0.263714, 8.845846e-014,0.263714, 1.932655e-013,0.263714, -3.045174e-014,0.263714, 1.379938e-013,0.263714, 3.045177e-014,0.263714, -8.845843e-014,0.263714, -1.379938e-013,0.263714, -1.741658e-013,0.263714, -1.932655e-013,0.263714, -2.359634e-005,
0.275512, 2.088169e-013,0.275512, 1.061480e-013,0.275512, 2.316478e-013,0.275512, -3.655027e-014,0.275512, 1.655217e-013,0.275512, 3.655030e-014,0.275512, -1.061481e-013,0.275512, -1.655217e-013,0.275512, -2.088169e-013,0.275512, -2.316478e-013,0.275512, -2.949543e-005,
0.290259, 2.477528e-013,0.290259, 1.260371e-013,0.290259, 2.747717e-013,0.290259, -4.340850e-014,0.290259, 1.964618e-013,0.290259, 4.340850e-014,0.290259, -1.260371e-013,0.290259, -1.964618e-013,0.290259, -2.477527e-013,0.290259, -2.747717e-013,0.290259, -3.686928e-005,
0.308694, 2.901164e-013,0.308694, 1.476803e-013,0.308694, 3.216921e-013,0.308694, -5.087220e-014,0.308694, 2.301273e-013,0.308694, 5.087218e-014,0.308694, -1.476803e-013,0.308694, -2.301274e-013,0.308694, -2.901164e-013,0.308694, -3.216920e-013,0.308694, -4.608660e-005,
0.331737, 3.341800e-013,0.331737, 1.701860e-013,0.331737, 3.705003e-013,0.331737, -5.863284e-014,0.331737, 2.651388e-013,0.331737, 5.863284e-014,0.331737, -1.701859e-013,0.331737, -2.651388e-013,0.331737, -3.341801e-013,0.331737, -3.705003e-013,0.331737, -5.760825e-005,
0.360542, 3.770709e-013,0.360542, 1.920807e-013,0.360542, 4.180177e-013,0.360542, -6.618160e-014,0.360542, 2.992089e-013,0.360542, 6.618149e-014,0.360542, -1.920806e-013,0.360542, -2.992090e-013,0.360542, -3.770708e-013,0.360542, -4.180177e-013,0.360542, -7.201032e-005,
0.396547, 4.145810e-013,0.396547, 2.112177e-013,0.396547, 4.595815e-013,0.396547, -7.277843e-014,0.396547, 3.289965e-013,0.396547, 7.277837e-014,0.396547, -2.112176e-013,0.396547, -3.289965e-013,0.396547, -4.145810e-013,0.396547, -4.595815e-013,0.396547, -9.001289e-005,
0.441553, 4.412277e-013,0.441553, 2.248069e-013,0.441553, 4.891109e-013,0.441553, -7.746234e-014,0.441553, 3.501526e-013,0.441553, 7.746223e-014,0.441553, -2.248066e-013,0.441553, -3.501534e-013,0.441553, -4.412271e-013,0.441553, -4.891111e-013,0.441553, -1.125161e-004,
0.497811, 4.507927e-013,0.497811, 2.296860e-013,0.497811, 4.997102e-013,0.497811, -7.914665e-014,0.497811, 3.577487e-013,0.497811, 7.914546e-014,0.497811, -2.296827e-013,0.497811, -3.577530e-013,0.497811, -4.507891e-013,0.497811, -4.997115e-013,0.497811, -1.406451e-004,
0.568134, 1.996116e-014,0.568134, 1.017026e-014,0.568134, 2.212755e-014,0.568134, -3.504019e-015,0.568134, 1.584082e-014,0.568134, 3.504196e-015,0.568134, -1.017071e-014,0.568134, -1.584021e-014,0.568134, -1.996173e-014,0.568134, -2.212732e-014,0.568134, -7.032257e-006,
0.575869, 2.159946e-014,0.575869, 1.100460e-014,0.575869, 2.394386e-014,0.575869, -3.791184e-015,0.575869, 1.714052e-014,0.575869, 3.791469e-015,0.575869, -1.100542e-014,0.575869, -1.713946e-014,0.575869, -2.160038e-014,0.575869, -2.394351e-014,0.575869, -7.735483e-006,
0.584378, 2.301500e-014,0.584378, 1.172590e-014,0.584378, 2.551296e-014,0.584378, -4.040266e-015,0.584378, 1.826416e-014,0.584378, 4.040307e-015,0.584378, -1.172612e-014,0.584378, -1.826385e-014,0.584378, -2.301528e-014,0.584378, -2.551284e-014,0.584378, -8.509031e-006,
0.593738, 2.444526e-014,0.593738, 1.245483e-014,0.593738, 2.709833e-014,0.593738, -4.291543e-015,0.593738, 1.939937e-014,0.593738, 4.291570e-015,0.593738, -1.245488e-014,0.593738, -1.939926e-014,0.593738, -2.444538e-014,0.593738, -2.709829e-014,0.593738, -9.359935e-006,
0.604034, 2.587355e-014,0.604034, 1.318265e-014,0.604034, 2.868140e-014,0.604034, -4.542373e-015,0.604034, 2.053296e-014,0.604034, 4.542373e-015,0.604034, -1.318269e-014,0.604034, -2.053288e-014,0.604034, -2.587362e-014,0.604034, -2.868140e-014,0.604034, -1.029593e-005,
0.615360, 2.727967e-014,0.615360, 1.389926e-014,0.615360, 3.024008e-014,0.615360, -4.789328e-015,0.615360, 2.164897e-014,0.615360, 4.789355e-015,0.615360, -1.389928e-014,0.615360, -2.164897e-014,0.615360, -2.727969e-014,0.615360, -3.024008e-014,0.615360, -1.132552e-005,
0.627818, 2.864034e-014,0.627818, 1.459268e-014,0.627818, 3.174826e-014,0.627818, -5.028259e-015,0.627818, 2.272886e-014,0.627818, 5.028232e-015,0.627818, -1.459266e-014,0.627818, -2.272883e-014,0.627818, -2.864031e-014,0.627818, -3.174826e-014,0.627818, -1.245807e-005,
0.641522, 2.992859e-014,0.641522, 1.524914e-014,0.641522, 3.317632e-014,0.641522, -5.254477e-015,0.641522, 2.375132e-014,0.641522, 5.254477e-015,0.641522, -1.524917e-014,0.641522, -2.375129e-014,0.641522, -2.992859e-014,0.641522, -3.317629e-014,0.641522, -1.370388e-005,
0.656596, 3.111438e-014,0.656596, 1.585342e-014,0.656596, 3.449067e-014,0.656596, -5.462698e-015,0.656596, 2.469238e-014,0.656596, 5.462698e-015,0.656596, -1.585345e-014,0.656596, -2.469235e-014,0.656596, -3.111438e-014,0.656596, -3.449061e-014,0.656596, -1.507427e-005,
0.673178, 3.216454e-014,0.673178, 1.638856e-014,0.673178, 3.565475e-014,0.673178, -5.647094e-015,0.673178, 2.552591e-014,0.673178, 5.647067e-015,0.673178, -1.638858e-014,0.673178, -2.552586e-014,0.673178, -3.216454e-014,0.673178, -3.565480e-014,0.673178, -1.658170e-005,
0.691417, 3.304380e-014,0.691417, 1.683658e-014,0.691417, 3.662934e-014,0.691417, -5.801457e-015,0.691417, 2.622368e-014,0.691417, 5.801457e-015,0.691417, -1.683660e-014,0.691417, -2.622365e-014,0.691417, -3.304374e-014,0.691417, -3.662936e-014,0.691417, -1.823986e-005,
0.711481, 3.371527e-014,0.711481, 1.717875e-014,0.711481, 3.737372e-014,0.711481, -5.919391e-015,0.711481, 2.675656e-014,0.711481, 5.919391e-015,0.711481, -1.717878e-014,0.711481, -2.675659e-014,0.711481, -3.371527e-014,0.711481, -3.737370e-014,0.711481, -2.006385e-005,
0.733552, 3.418506e-014,0.733552, 1.741811e-014,0.733552, 3.789441e-014,0.733552, -6.001872e-015,0.733552, 2.712934e-014,0.733552, 6.001872e-015,0.733552, -1.741806e-014,0.733552, -2.712939e-014,0.733552, -3.418503e-014,0.733552, -3.789441e-014,0.733552, -2.207024e-005,
0.757829, 3.437951e-014,0.757829, 1.751724e-014,0.757829, 3.811014e-014,0.757829, -6.036025e-015,0.757829, 2.728384e-014,0.757829, 6.036079e-015,0.757829, -1.751724e-014,0.757829, -2.728373e-014,0.757829, -3.437967e-014,0.757829, -3.811009e-014,0.757829, -2.427726e-005,
0.784534, 3.421493e-014,0.784534, 1.743337e-014,0.784534, 3.792751e-014,0.784534, -6.007131e-015,0.784534, 2.715314e-014,0.784534, 6.007131e-015,0.784534, -1.743332e-014,0.784534, -2.715319e-014,0.784534, -3.421498e-014,0.784534, -3.792756e-014,0.784534, -2.670499e-005,
0.813909, 3.371050e-014,0.813909, 1.717631e-014,0.813909, 3.736838e-014,0.813909, -5.918605e-015,0.813909, 2.675291e-014,0.813909, 5.918660e-015,0.813909, -1.717636e-014,0.813909, -2.675285e-014,0.813909, -3.371056e-014,0.813909, -3.736838e-014,0.813909, -2.937548e-005,
0.846222, 3.284829e-014,0.846222, 1.673705e-014,0.846222, 3.641277e-014,0.846222, -5.767197e-015,0.846222, 2.606856e-014,0.846222, 5.767197e-015,0.846222, -1.673705e-014,0.846222, -2.606861e-014,0.846222, -3.284834e-014,0.846222, -3.641271e-014,0.846222, -3.231303e-005,
0.881767, 3.162146e-014,0.881767, 1.611189e-014,0.881767, 3.505247e-014,0.881767, -5.551766e-015,0.881767, 2.509489e-014,0.881767, 5.551766e-015,0.881767, -1.611189e-014,0.881767, -2.509489e-014,0.881767, -3.162141e-014,0.881767, -3.505258e-014,0.881767, -3.554434e-005,
0.920865, 3.003609e-014,0.920865, 1.530416e-014,0.920865, 3.329525e-014,0.920865, -5.273505e-015,0.920865, 2.383678e-014,0.920865, 5.273451e-015,0.920865, -1.530406e-014,0.920865, -2.383678e-014,0.920865, -3.003614e-014,0.920865, -3.329525e-014,0.920865, -3.909877e-005,
0.963874, -4.499173e-014,0.963874, -2.292442e-014,0.963874, -4.987357e-014,0.963874, 7.899226e-015,0.963874, -3.570560e-014,0.963874, -7.899172e-015,0.963874, 2.292437e-014,0.963874, 3.570560e-014,0.963874, 4.499168e-014,0.963874, 4.987363e-014,0.963874, 6.882707e-005,
1.000000, -1.462937e-013,1.000000, -7.454019e-014,1.000000, -1.621678e-013,1.000000, 2.568470e-014,1.000000, -1.160993e-013,1.000000, -2.568490e-014,1.000000, 7.454054e-014,1.000000, 1.160989e-013,1.000000, 1.462940e-013,1.000000, 1.621677e-013,1.000000, 2.612594e-004,
