names, S_Darcy (1), S_Darcy (2), S_Darcy (3), S_Darcy (4), S_Darcy (5), S_Darcy (6), S_Darcy (7), S_Darcy (8), S_Darcy (9), S_Darcy (10), S_Darcy (11), S_Pond (1), 
//t, S_Darcy (1), t, S_Darcy (2), t, S_Darcy (3), t, S_Darcy (4), t, S_Darcy (5), t, S_Darcy (6), t, S_Darcy (7), t, S_Darcy (8), t, S_Darcy (9), t, S_Darcy (10), t, S_Darcy (11), t, S_Pond (1), 
0.000000, -3.080218e-15,0.000000, -2.822647e-15,0.000000, -4.612326e-15,0.000000, 8.854983e-16,0.000000, -3.266736e-15,0.000000, 1.006695e-15,0.000000, -3.266736e-15,0.000000, 8.854983e-16,0.000000, -4.612326e-15,0.000000, -2.822647e-15,0.000000, -3.080218e-15,0.000000, 0.000000e+00,
0.010000, -4.784689e-05,0.010000, -4.784689e-05,0.010000, -4.784689e-05,0.010000, -4.784664e-05,0.010000, -4.742685e-05,0.010000, 4.776283e-04,0.010000, -4.742685e-05,0.010000, -4.784664e-05,0.010000, -4.784689e-05,0.010000, -4.784689e-05,0.010000, -4.784689e-05,0.010000, -9.569379e-07,
0.020526, -5.036515e-05,0.020526, -5.036515e-05,0.020526, -5.036515e-05,0.020526, -5.036461e-05,0.020526, -4.969085e-05,0.020526, 5.023018e-04,0.020526, -4.969085e-05,0.020526, -5.036461e-05,0.020526, -5.036515e-05,0.020526, -5.036515e-05,0.020526, -5.036515e-05,0.020526, -1.007303e-06,
0.031607, -5.301595e-05,0.031607, -5.301595e-05,0.031607, -5.301595e-05,0.031607, -5.301496e-05,0.031607, -5.204937e-05,0.031607, 5.282243e-04,0.031607, -5.204937e-05,0.031607, -5.301496e-05,0.031607, -5.301595e-05,0.031607, -5.301595e-05,0.031607, -5.301595e-05,0.031607, -1.060319e-06,
0.043270, -5.580626e-05,0.043270, -5.580626e-05,0.043270, -5.580626e-05,0.043270, -5.580462e-05,0.043270, -5.450482e-05,0.043270, 5.554564e-04,0.043270, -5.450482e-05,0.043270, -5.580462e-05,0.043270, -5.580626e-05,0.043270, -5.580626e-05,0.043270, -5.580626e-05,0.043270, -1.116125e-06,
0.055548, -5.874343e-05,0.055548, -5.874343e-05,0.055548, -5.874343e-05,0.055548, -5.874089e-05,0.055548, -5.705943e-05,0.055548, 5.840612e-04,0.055548, -5.705943e-05,0.055548, -5.874089e-05,0.055548, -5.874343e-05,0.055548, -5.874343e-05,0.055548, -5.874343e-05,0.055548, -1.174869e-06,
0.068471, -6.183519e-05,0.068471, -6.183519e-05,0.068471, -6.183519e-05,0.068471, -6.183143e-05,0.068471, -5.971529e-05,0.068471, 6.141045e-04,0.068471, -5.971529e-05,0.068471, -6.183143e-05,0.068471, -6.183519e-05,0.068471, -6.183519e-05,0.068471, -6.183519e-05,0.068471, -1.236704e-06,
0.082075, -6.508968e-05,0.082075, -6.508968e-05,0.082075, -6.508967e-05,0.082075, -6.508431e-05,0.082075, -6.247424e-05,0.082075, 6.456551e-04,0.082075, -6.247424e-05,0.082075, -6.508431e-05,0.082075, -6.508967e-05,0.082075, -6.508968e-05,0.082075, -6.508968e-05,0.082075, -1.301794e-06,
0.096395, -6.851545e-05,0.096395, -6.851545e-05,0.096395, -6.851544e-05,0.096395, -6.850801e-05,0.096395, -6.533789e-05,0.096395, 6.787844e-04,0.096395, -6.533789e-05,0.096395, -6.850801e-05,0.096395, -6.851544e-05,0.096395, -6.851545e-05,0.096395, -6.851545e-05,0.096395, -1.370309e-06,
0.111468, -7.212153e-05,0.111468, -7.212153e-05,0.111468, -7.212151e-05,0.111468, -7.211142e-05,0.111468, -6.830753e-05,0.111468, 7.135669e-04,0.111468, -6.830753e-05,0.111468, -7.211142e-05,0.111468, -7.212151e-05,0.111468, -7.212153e-05,0.111468, -7.212153e-05,0.111468, -1.442431e-06,
0.127335, -7.591740e-05,0.127335, -7.591740e-05,0.127335, -7.591737e-05,0.127335, -7.590392e-05,0.127335, -7.138408e-05,0.127335, 7.500802e-04,0.127335, -7.138408e-05,0.127335, -7.590392e-05,0.127335, -7.591737e-05,0.127335, -7.591740e-05,0.127335, -7.591740e-05,0.127335, -1.518348e-06,
0.144037, -7.991305e-05,0.144037, -7.991305e-05,0.144037, -7.991301e-05,0.144037, -7.989534e-05,0.144037, -7.456807e-05,0.144037, 7.884049e-04,0.144037, -7.456807e-05,0.144037, -7.989534e-05,0.144037, -7.991301e-05,0.144037, -7.991305e-05,0.144037, -7.991305e-05,0.144037, -1.598261e-06,
0.161617, -8.411900e-05,0.161617, -8.411900e-05,0.161617, -8.411894e-05,0.161617, -8.409602e-05,0.161617, -7.785950e-05,0.161617, 8.286248e-04,0.161617, -7.785950e-05,0.161617, -8.409602e-05,0.161617, -8.411894e-05,0.161617, -8.411900e-05,0.161617, -8.411900e-05,0.161617, -1.682380e-06,
0.180124, -8.854632e-05,0.180124, -8.854632e-05,0.180124, -8.854623e-05,0.180124, -8.851681e-05,0.180124, -8.125781e-05,0.180124, 8.708269e-04,0.180124, -8.125781e-05,0.180124, -8.851681e-05,0.180124, -8.854623e-05,0.180124, -8.854632e-05,0.180124, -8.854632e-05,0.180124, -1.770926e-06,
0.199604, -9.320665e-05,0.199604, -9.320665e-05,0.199604, -9.320653e-05,0.199604, -9.316911e-05,0.199604, -8.476182e-05,0.199604, 9.151014e-04,0.199604, -8.476182e-05,0.199604, -9.316911e-05,0.199604, -9.320653e-05,0.199604, -9.320665e-05,0.199604, -9.320665e-05,0.199604, -1.864133e-06,
0.220109, -9.811226e-05,0.220109, -9.811226e-05,0.220109, -9.811210e-05,0.220109, -9.806488e-05,0.220109, -8.836956e-05,0.220109, 9.615420e-04,0.220109, -8.836956e-05,0.220109, -9.806488e-05,0.220109, -9.811210e-05,0.220109, -9.811226e-05,0.220109, -9.811226e-05,0.220109, -1.962245e-06,
0.241694, -1.032761e-04,0.241694, -1.032761e-04,0.241694, -1.032758e-04,0.241694, -1.032163e-04,0.241694, -9.207999e-05,0.241694, 1.010248e-03,0.241694, -9.207999e-05,0.241694, -1.032163e-04,0.241694, -1.032758e-04,0.241694, -1.032761e-04,0.241694, -1.032761e-04,0.241694, -2.065521e-06,
0.264415, -1.087116e-04,0.264415, -1.087116e-04,0.264415, -1.087113e-04,0.264415, -1.086372e-04,0.264415, -9.588619e-05,0.264415, 1.061316e-03,0.264415, -9.588619e-05,0.264415, -1.086372e-04,0.264415, -1.087113e-04,0.264415, -1.087116e-04,0.264415, -1.087116e-04,0.264415, -2.174233e-06,
0.288331, -1.144333e-04,0.288331, -1.144333e-04,0.288331, -1.144329e-04,0.288331, -1.143411e-04,0.288331, -9.978477e-05,0.288331, 1.114851e-03,0.288331, -9.978477e-05,0.288331, -1.143411e-04,0.288331, -1.144329e-04,0.288331, -1.144333e-04,0.288331, -1.144333e-04,0.288331, -2.288666e-06,
0.313507, -1.204561e-04,0.313507, -1.204561e-04,0.313507, -1.204556e-04,0.313507, -1.203425e-04,0.313507, -1.037696e-04,0.313507, 1.170960e-03,0.313507, -1.037696e-04,0.313507, -1.203425e-04,0.313507, -1.204556e-04,0.313507, -1.204561e-04,0.313507, -1.204561e-04,0.313507, -2.409122e-06,
0.340007, -1.267959e-04,0.340007, -1.267959e-04,0.340007, -1.267952e-04,0.340007, -1.266565e-04,0.340007, -1.078333e-04,0.340007, 1.229753e-03,0.340007, -1.078333e-04,0.340007, -1.266565e-04,0.340007, -1.267952e-04,0.340007, -1.267959e-04,0.340007, -1.267959e-04,0.340007, -2.535918e-06,
0.367902, -1.334694e-04,0.367902, -1.334694e-04,0.367902, -1.334684e-04,0.367902, -1.332990e-04,0.367902, -1.119667e-04,0.367902, 1.291346e-03,0.367902, -1.119667e-04,0.367902, -1.332990e-04,0.367902, -1.334684e-04,0.367902, -1.334694e-04,0.367902, -1.334694e-04,0.367902, -2.669388e-06,
0.397265, -1.404941e-04,0.397265, -1.404941e-04,0.397265, -1.404929e-04,0.397265, -1.402866e-04,0.397265, -1.161591e-04,0.397265, 1.355853e-03,0.397265, -1.161591e-04,0.397265, -1.402866e-04,0.397265, -1.404929e-04,0.397265, -1.404941e-04,0.397265, -1.404941e-04,0.397265, -2.809882e-06,
0.428174, -1.478885e-04,0.428174, -1.478885e-04,0.428174, -1.478869e-04,0.428174, -1.476367e-04,0.428174, -1.203977e-04,0.428174, 1.423397e-03,0.428174, -1.203977e-04,0.428174, -1.476367e-04,0.428174, -1.478869e-04,0.428174, -1.478885e-04,0.428174, -1.478885e-04,0.428174, -2.957770e-06,
0.460709, -1.556721e-04,0.460709, -1.556721e-04,0.460709, -1.556700e-04,0.460709, -1.553675e-04,0.460709, -1.246677e-04,0.460709, 1.494099e-03,0.460709, -1.246677e-04,0.460709, -1.553675e-04,0.460709, -1.556700e-04,0.460709, -1.556721e-04,0.460709, -1.556721e-04,0.460709, -3.113442e-06,
0.494957, -1.638654e-04,0.494957, -1.638654e-04,0.494957, -1.638627e-04,0.494957, -1.634980e-04,0.494957, -1.289517e-04,0.494957, 1.568086e-03,0.494957, -1.289517e-04,0.494957, -1.634980e-04,0.494957, -1.638627e-04,0.494957, -1.638654e-04,0.494957, -1.638654e-04,0.494957, -3.277308e-06,
0.531008, -1.724899e-04,0.531008, -1.724899e-04,0.531008, -1.724864e-04,0.531008, -1.720478e-04,0.531008, -1.332297e-04,0.531008, 1.645487e-03,0.531008, -1.332297e-04,0.531008, -1.720478e-04,0.531008, -1.724864e-04,0.531008, -1.724899e-04,0.531008, -1.724899e-04,0.531008, -3.449798e-06,
0.568955, -1.815683e-04,0.568955, -1.815683e-04,0.568955, -1.815639e-04,0.568955, -1.810376e-04,0.568955, -1.374787e-04,0.568955, 1.726433e-03,0.568955, -1.374787e-04,0.568955, -1.810376e-04,0.568955, -1.815639e-04,0.568955, -1.815683e-04,0.568955, -1.815683e-04,0.568955, -3.631366e-06,
0.608900, -1.911245e-04,0.608900, -1.911245e-04,0.608900, -1.911189e-04,0.608900, -1.904889e-04,0.608900, -1.416723e-04,0.608900, 1.811058e-03,0.608900, -1.416723e-04,0.608900, -1.904889e-04,0.608900, -1.911189e-04,0.608900, -1.911245e-04,0.608900, -1.911245e-04,0.608900, -3.822490e-06,
0.650948, -2.011837e-04,0.650948, -2.011837e-04,0.650948, -2.011765e-04,0.650948, -2.004240e-04,0.650948, -1.457807e-04,0.650948, 1.899497e-03,0.650948, -1.457807e-04,0.650948, -2.004240e-04,0.650948, -2.011765e-04,0.650948, -2.011837e-04,0.650948, -2.011837e-04,0.650948, -4.023674e-06,
0.695208, -2.117723e-04,0.695208, -2.117723e-04,0.695208, -2.117632e-04,0.695208, -2.108660e-04,0.695208, -1.497700e-04,0.695208, 1.991887e-03,0.695208, -1.497700e-04,0.695208, -2.108660e-04,0.695208, -2.117632e-04,0.695208, -2.117723e-04,0.695208, -2.117723e-04,0.695208, -4.235446e-06,
0.741798, -2.229182e-04,0.741798, -2.229181e-04,0.741798, -2.229066e-04,0.741798, -2.218390e-04,0.741798, -1.536017e-04,0.741798, 2.088367e-03,0.741798, -1.536017e-04,0.741798, -2.218390e-04,0.741798, -2.229066e-04,0.741798, -2.229181e-04,0.741798, -2.229182e-04,0.741798, -4.458365e-06,
0.790840, -2.346508e-04,0.790840, -2.346506e-04,0.790840, -2.346361e-04,0.790840, -2.333679e-04,0.790840, -1.572326e-04,0.790840, 2.189076e-03,0.790840, -1.572326e-04,0.790840, -2.333679e-04,0.790840, -2.346361e-04,0.790840, -2.346506e-04,0.790840, -2.346508e-04,0.790840, -4.693016e-06,
0.842463, -2.470008e-04,0.842463, -2.470006e-04,0.842463, -2.469823e-04,0.842463, -2.454783e-04,0.842463, -1.606144e-04,0.842463, 2.294153e-03,0.842463, -1.606144e-04,0.842463, -2.454783e-04,0.842463, -2.469823e-04,0.842463, -2.470006e-04,0.842463, -2.470008e-04,0.842463, -4.940016e-06,
0.896803, -2.600009e-04,0.896803, -2.600006e-04,0.896803, -2.599776e-04,0.896803, -2.581966e-04,0.896803, -1.636926e-04,0.896803, 2.403736e-03,0.896803, -1.636926e-04,0.896803, -2.581966e-04,0.896803, -2.599776e-04,0.896803, -2.600006e-04,0.896803, -2.600009e-04,0.896803, -5.200017e-06,
0.954004, -2.736851e-04,0.954004, -2.736848e-04,0.954004, -2.736558e-04,0.954004, -2.715502e-04,0.954004, -1.664068e-04,0.954004, 2.517965e-03,0.954004, -1.664068e-04,0.954004, -2.715502e-04,0.954004, -2.736558e-04,0.954004, -2.736848e-04,0.954004, -2.736851e-04,0.954004, -5.473702e-06,
1.014214, -2.880896e-04,1.014214, -2.880892e-04,1.014214, -2.880529e-04,1.014214, -2.855667e-04,1.014214, -1.686894e-04,1.014214, 2.636975e-03,1.014214, -1.686894e-04,1.014214, -2.855667e-04,1.014214, -2.880529e-04,1.014214, -2.880892e-04,1.014214, -2.880896e-04,1.014214, -5.761792e-06,
1.077594, -3.032522e-04,1.077594, -3.032517e-04,1.077594, -3.032062e-04,1.077594, -3.002749e-04,1.077594, -1.704654e-04,1.077594, 2.760900e-03,1.077594, -1.704654e-04,1.077594, -3.002749e-04,1.077594, -3.032062e-04,1.077594, -3.032517e-04,1.077594, -3.032522e-04,1.077594, -6.065044e-06,
1.144310, -3.192128e-04,1.144310, -3.192121e-04,1.144310, -3.191554e-04,1.144310, -3.157036e-04,1.144310, -1.716517e-04,1.144310, 2.889871e-03,1.144310, -1.716517e-04,1.144310, -3.157036e-04,1.144310, -3.191554e-04,1.144310, -3.192121e-04,1.144310, -3.192128e-04,1.144310, -6.384257e-06,
1.214536, -3.360135e-04,1.214536, -3.360126e-04,1.214536, -3.359419e-04,1.214536, -3.318822e-04,1.214536, -1.721565e-04,1.214536, 3.024013e-03,1.214536, -1.721565e-04,1.214536, -3.318822e-04,1.214536, -3.359419e-04,1.214536, -3.360126e-04,1.214536, -3.360135e-04,1.214536, -6.720270e-06,
1.288459, -3.536984e-04,1.288459, -3.536972e-04,1.288459, -3.536091e-04,1.288459, -3.488409e-04,1.288459, -1.718776e-04,1.288459, 3.163446e-03,1.288459, -1.718776e-04,1.288459, -3.488409e-04,1.288459, -3.536091e-04,1.288459, -3.536972e-04,1.288459, -3.536984e-04,1.288459, -7.073969e-06,
1.366273, -3.723141e-04,1.366273, -3.723125e-04,1.366273, -3.722032e-04,1.366273, -3.666099e-04,1.366273, -1.706986e-04,1.366273, 3.308276e-03,1.366273, -1.706986e-04,1.366273, -3.666099e-04,1.366273, -3.722032e-04,1.366273, -3.723125e-04,1.366273, -3.723141e-04,1.366273, -7.446283e-06,
1.448182, -3.919096e-04,1.448182, -3.919074e-04,1.448182, -3.917719e-04,1.448182, -3.852183e-04,1.448182, -1.685013e-04,1.448182, 3.458617e-03,1.448182, -1.685013e-04,1.448182, -3.852183e-04,1.448182, -3.917719e-04,1.448182, -3.919074e-04,1.448182, -3.919096e-04,1.448182, -7.838193e-06,
1.534402, -4.125364e-04,1.534402, -4.125336e-04,1.534402, -4.123657e-04,1.534402, -4.046952e-04,1.534402, -1.651512e-04,1.534402, 3.614564e-03,1.534402, -1.651512e-04,1.534402, -4.046952e-04,1.534402, -4.123657e-04,1.534402, -4.125336e-04,1.534402, -4.125364e-04,1.534402, -8.250729e-06,
1.625160, -4.342488e-04,1.625160, -4.342451e-04,1.625160, -4.340370e-04,1.625160, -4.250617e-04,1.625160, -1.605378e-04,1.625160, 3.776260e-03,1.625160, -1.605378e-04,1.625160, -4.250617e-04,1.625160, -4.340370e-04,1.625160, -4.342451e-04,1.625160, -4.342488e-04,1.625160, -8.684978e-06,
1.720695, -4.571040e-04,1.720695, -4.570992e-04,1.720695, -4.568420e-04,1.720695, -4.463578e-04,1.720695, -1.544421e-04,1.720695, 3.943690e-03,1.720695, -1.544421e-04,1.720695, -4.463578e-04,1.720695, -4.568420e-04,1.720695, -4.570992e-04,1.720695, -4.571040e-04,1.720695, -9.142082e-06,
1.821258, -4.811621e-04,1.821258, -4.811558e-04,1.821258, -4.808383e-04,1.821258, -4.686047e-04,1.821258, -1.467149e-04,1.821258, 4.116951e-03,1.821258, -1.467149e-04,1.821258, -4.686047e-04,1.821258, -4.808383e-04,1.821258, -4.811558e-04,1.821258, -4.811621e-04,1.821258, -9.623244e-06,
1.927114, -5.064864e-04,1.927114, -5.064781e-04,1.927114, -5.060869e-04,1.927114, -4.918267e-04,1.927114, -1.371672e-04,1.927114, 4.296090e-03,1.927114, -1.371672e-04,1.927114, -4.918267e-04,1.927114, -5.060869e-04,1.927114, -5.064781e-04,1.927114, -5.064864e-04,1.927114, -1.012973e-05,
2.038541, -5.331435e-04,2.038541, -5.331328e-04,2.038541, -5.326512e-04,2.038541, -5.160460e-04,2.038541, -1.255944e-04,2.038541, 4.481135e-03,2.038541, -1.255944e-04,2.038541, -5.160460e-04,2.038541, -5.326512e-04,2.038541, -5.331328e-04,2.038541, -5.331435e-04,2.038541, -1.066287e-05,
2.155832, -5.612037e-04,2.155832, -5.611897e-04,2.155832, -5.605976e-04,2.155832, -5.412818e-04,2.155832, -1.117757e-04,2.155832, 4.672096e-03,2.155832, -1.117757e-04,2.155832, -5.412818e-04,2.155832, -5.605976e-04,2.155832, -5.611897e-04,2.155832, -5.612037e-04,2.155832, -1.122408e-05,
2.279297, -5.907406e-04,2.279297, -5.907225e-04,2.279297, -5.899955e-04,2.279297, -5.675496e-04,2.279297, -9.547303e-05,2.279297, 4.868962e-03,2.279297, -9.547303e-05,2.279297, -5.675496e-04,2.279297, -5.899955e-04,2.279297, -5.907225e-04,2.279297, -5.907406e-04,2.279297, -1.181482e-05,
2.409260, -6.218321e-04,2.409260, -6.218086e-04,2.409260, -6.209171e-04,2.409260, -5.948609e-04,2.409260, -7.643079e-05,2.409260, 5.071698e-03,2.409260, -7.643079e-05,2.409260, -5.948609e-04,2.409260, -6.209171e-04,2.409260, -6.218086e-04,2.409260, -6.218321e-04,2.409260, -1.243665e-05,
2.546063, -6.545599e-04,2.546063, -6.545296e-04,2.546063, -6.534376e-04,2.546063, -6.232217e-04,2.546063, -5.437513e-05,2.546063, 5.280247e-03,2.546063, -5.437513e-05,2.546063, -6.232217e-04,2.546063, -6.534376e-04,2.546063, -6.545296e-04,2.546063, -6.545599e-04,2.546063, -1.309121e-05,
2.690067, -6.890102e-04,2.690067, -6.889711e-04,2.690067, -6.876352e-04,2.690067, -6.526321e-04,2.690067, -2.901355e-05,2.690067, 5.494523e-03,2.690067, -2.901355e-05,2.690067, -6.526321e-04,2.690067, -6.876352e-04,2.690067, -6.889711e-04,2.690067, -6.890102e-04,2.690067, -1.378022e-05,
2.841649, -7.252736e-04,2.841649, -7.252231e-04,2.841649, -7.235908e-04,2.841649, -6.830848e-04,2.841649, -3.468011e-08,2.841649, 5.714413e-03,2.841649, -3.468011e-08,2.841649, -6.830848e-04,2.841649, -7.235908e-04,2.841649, -7.252231e-04,2.841649, -7.252736e-04,2.841649, -1.450550e-05,
3.001209, -7.634455e-04,3.001209, -7.633805e-04,3.001209, -7.613884e-04,3.001209, -7.145645e-04,3.001209, 3.289189e-05,3.001209, 5.939773e-03,3.001209, 3.289189e-05,3.001209, -7.145645e-04,3.001209, -7.613884e-04,3.001209, -7.633805e-04,3.001209, -7.634455e-04,3.001209, -1.526895e-05,
3.169168, -8.036263e-04,3.169168, -8.035427e-04,3.169168, -8.011146e-04,3.169168, -7.470460e-04,3.169168, 7.011549e-05,3.169168, 6.170427e-03,3.169168, 7.011549e-05,3.169168, -7.470460e-04,3.169168, -8.011146e-04,3.169168, -8.035427e-04,3.169168, -8.036263e-04,3.169168, -1.607258e-05,
3.345966, -8.459216e-04,3.345966, -8.458142e-04,3.345966, -8.428584e-04,3.345966, -7.804929e-04,3.345966, 1.120041e-04,3.345966, 6.406165e-03,3.345966, 1.120041e-04,3.345966, -7.804929e-04,3.345966, -8.428584e-04,3.345966, -8.458142e-04,3.345966, -8.459216e-04,3.345966, -1.691850e-05,
3.532070, -8.904428e-04,3.532070, -8.903051e-04,3.532070, -8.867113e-04,3.532070, -8.148565e-04,3.532070, 1.589437e-04,3.532070, 6.646743e-03,3.532070, 1.589437e-04,3.532070, -8.148565e-04,3.532070, -8.867113e-04,3.532070, -8.903051e-04,3.532070, -8.904428e-04,3.532070, -1.780895e-05,
3.727968, -9.373068e-04,3.727968, -9.371304e-04,3.727968, -9.327666e-04,3.727968, -8.500736e-04,3.727968, 2.113373e-04,3.727968, 6.891879e-03,3.727968, 2.113373e-04,3.727968, -8.500736e-04,3.727968, -9.327666e-04,3.727968, -9.371304e-04,3.727968, -9.373068e-04,3.727968, -1.874626e-05,
3.934177, -9.866369e-04,3.934177, -9.864113e-04,3.934177, -9.811192e-04,3.934177, -8.860648e-04,3.934177, 2.696042e-04,3.934177, 7.141255e-03,3.934177, 2.696042e-04,3.934177, -8.860648e-04,3.934177, -9.811192e-04,3.934177, -9.864113e-04,3.934177, -9.866369e-04,3.934177, -1.973291e-05,
4.151239, -1.038563e-03,4.151239, -1.038275e-03,4.151239, -1.031865e-03,4.151239, -9.227328e-04,4.151239, 3.341777e-04,4.151239, 7.394514e-03,4.151239, 3.341777e-04,4.151239, -9.227328e-04,4.151239, -1.031865e-03,4.151239, -1.038275e-03,4.151239, -1.038563e-03,4.151239, -2.077148e-05,
4.379725, -1.093221e-03,4.379725, -1.092853e-03,4.379725, -1.085101e-03,4.379725, -9.599602e-04,4.379725, 4.055034e-04,4.379725, 7.651262e-03,4.379725, 4.055034e-04,4.379725, -9.599602e-04,4.379725, -1.085101e-03,4.379725, -1.092853e-03,4.379725, -1.093221e-03,4.379725, -2.186472e-05,
4.620237, -1.150754e-03,4.620237, -1.150286e-03,4.620237, -1.140923e-03,4.620237, -9.976071e-04,4.620237, 4.840367e-04,4.620237, 7.911066e-03,4.620237, 4.840367e-04,4.620237, -9.976071e-04,4.620237, -1.140923e-03,4.620237, -1.150286e-03,4.620237, -1.150754e-03,4.620237, -2.301549e-05,
4.873407, -1.211314e-03,4.873407, -1.210719e-03,4.873407, -1.199426e-03,4.873407, -1.035509e-03,4.873407, 5.702398e-04,4.873407, 8.173456e-03,4.873407, 5.702398e-04,4.873407, -1.035509e-03,4.873407, -1.199426e-03,4.873407, -1.210719e-03,4.873407, -1.211314e-03,4.873407, -2.422683e-05,
5.139902, -1.275059e-03,5.139902, -1.274305e-03,5.139902, -1.260703e-03,5.139902, -1.073476e-03,5.139902, 6.645783e-04,5.139902, 8.437927e-03,5.139902, 6.645783e-04,5.139902, -1.073476e-03,5.139902, -1.260703e-03,5.139902, -1.274305e-03,5.139902, -1.275059e-03,5.139902, -2.550193e-05,
5.420424, -1.342157e-03,5.420424, -1.341201e-03,5.420424, -1.324843e-03,5.420424, -1.111286e-03,5.420424, 7.675167e-04,5.420424, 8.703937e-03,5.420424, 7.675167e-04,5.420424, -1.111286e-03,5.420424, -1.324843e-03,5.420424, -1.341201e-03,5.420424, -1.342157e-03,5.420424, -2.684413e-05,
5.715709, -1.412783e-03,5.715709, -1.411573e-03,5.715709, -1.391930e-03,5.715709, -1.148688e-03,5.715709, 8.795142e-04,5.715709, 8.970916e-03,5.715709, 8.795142e-04,5.715709, -1.148688e-03,5.715709, -1.391930e-03,5.715709, -1.411573e-03,5.715709, -1.412783e-03,5.715709, -2.825698e-05,
6.026536, -1.487121e-03,6.026536, -1.485592e-03,6.026536, -1.462042e-03,6.026536, -1.185397e-03,6.026536, 1.001019e-03,6.026536, 9.238263e-03,6.026536, 1.001019e-03,6.026536, -1.185397e-03,6.026536, -1.462042e-03,6.026536, -1.485592e-03,6.026536, -1.487121e-03,6.026536, -2.974419e-05,
6.353722, -1.565365e-03,6.353722, -1.563438e-03,6.353722, -1.535249e-03,6.353722, -1.221091e-03,6.353722, 1.132464e-03,6.353722, 9.505355e-03,6.353722, 1.132464e-03,6.353722, -1.221091e-03,6.353722, -1.535249e-03,6.353722, -1.563438e-03,6.353722, -1.565365e-03,6.353722, -3.130968e-05,
6.698128, -1.647719e-03,6.698128, -1.645294e-03,6.698128, -1.611608e-03,6.698128, -1.255411e-03,6.698128, 1.274258e-03,6.698128, 9.771546e-03,6.698128, 1.274258e-03,6.698128, -1.255411e-03,6.698128, -1.611608e-03,6.698128, -1.645294e-03,6.698128, -1.647719e-03,6.698128, -3.295756e-05,
7.060661, -1.734397e-03,7.060661, -1.731350e-03,7.060661, -1.691164e-03,7.060661, -1.287959e-03,7.060661, 1.426779e-03,7.060661, 1.003618e-02,7.060661, 1.426779e-03,7.060661, -1.287959e-03,7.060661, -1.691164e-03,7.060661, -1.731350e-03,7.060661, -1.734397e-03,7.060661, -3.469216e-05,
7.442275, -1.825623e-03,7.442275, -1.821802e-03,7.442275, -1.773947e-03,7.442275, -1.318296e-03,7.442275, 1.590372e-03,7.442275, 1.029859e-02,7.442275, 1.590372e-03,7.442275, -1.318296e-03,7.442275, -1.773947e-03,7.442275, -1.821802e-03,7.442275, -1.825623e-03,7.442275, -3.651807e-05,
7.843974, -1.921632e-03,7.843974, -1.916849e-03,7.843974, -1.859965e-03,7.843974, -1.345941e-03,7.843974, 1.765333e-03,7.843974, 1.055811e-02,7.843974, 1.765333e-03,7.843974, -1.345941e-03,7.843974, -1.859965e-03,7.843974, -1.916849e-03,7.843974, -1.921632e-03,7.843974, -3.844007e-05,
8.266815, -2.022669e-03,8.266815, -2.016696e-03,8.266815, -1.949207e-03,8.266815, -1.370370e-03,8.266815, 1.951907e-03,8.266815, 1.081407e-02,8.266815, 1.951907e-03,8.266815, -1.370370e-03,8.266815, -1.949207e-03,8.266815, -2.016696e-03,8.266815, -2.022669e-03,8.266815, -4.046323e-05,
8.711910, -2.128993e-03,8.711910, -2.121548e-03,8.711910, -2.041633e-03,8.711910, -1.391022e-03,8.711910, 2.150278e-03,8.711910, 1.106584e-02,8.711910, 2.150278e-03,8.711910, -1.391022e-03,8.711910, -2.041633e-03,8.711910, -2.121548e-03,8.711910, -2.128993e-03,8.711910, -4.259288e-05,
9.180432, -2.240873e-03,9.180432, -2.231612e-03,9.180432, -2.137175e-03,9.180432, -1.407292e-03,9.180432, 2.360561e-03,9.180432, 1.131278e-02,9.180432, 2.360561e-03,9.180432, -1.407292e-03,9.180432, -2.137175e-03,9.180432, -2.231612e-03,9.180432, -2.240873e-03,9.180432, -4.483461e-05,
9.673612, -2.358587e-03,9.673612, -2.347096e-03,9.673612, -2.235730e-03,9.673612, -1.418537e-03,9.673612, 2.582794e-03,9.673612, 1.155431e-02,9.673612, 2.582794e-03,9.673612, -1.418537e-03,9.673612, -2.235730e-03,9.673612, -2.347096e-03,9.673612, -2.358587e-03,9.673612, -4.719432e-05,
10.192750, -2.482428e-03,10.192750, -2.468202e-03,10.192750, -2.337155e-03,10.192750, -1.424083e-03,10.192750, 2.816930e-03,10.192750, 1.178987e-02,10.192750, 2.816930e-03,10.192750, -1.424083e-03,10.192750, -2.337155e-03,10.192750, -2.468202e-03,10.192750, -2.482428e-03,10.192750, -4.967823e-05,
10.739210, -2.612699e-03,10.739210, -2.595128e-03,10.739210, -2.441266e-03,10.739210, -1.423223e-03,10.739210, 3.062830e-03,10.739210, 1.201897e-02,10.739210, 3.062830e-03,10.739210, -1.423223e-03,10.739210, -2.441266e-03,10.739210, -2.595128e-03,10.739210, -2.612699e-03,10.739210, -5.229288e-05,
11.314432, -2.749707e-03,11.314432, -2.728059e-03,11.314432, -2.547880e-03,11.314432, -1.415373e-03,11.314432, 3.321048e-03,11.314432, 1.223994e-02,11.314432, 3.321048e-03,11.314432, -1.415373e-03,11.314432, -2.547880e-03,11.314432, -2.728059e-03,11.314432, -2.749707e-03,11.314432, -5.504513e-05,
11.919928, -2.893789e-03,11.919928, -2.867207e-03,11.919928, -2.656680e-03,11.919928, -1.399394e-03,11.919928, 3.590297e-03,11.919928, 1.245354e-02,11.919928, 3.590297e-03,11.919928, -1.399394e-03,11.919928, -2.656680e-03,11.919928, -2.867207e-03,11.919928, -2.893789e-03,11.919928, -5.794225e-05,
12.557293, -3.045258e-03,12.557293, -3.012664e-03,12.557293, -2.767210e-03,12.557293, -1.374925e-03,12.557293, 3.869054e-03,12.557293, 1.266201e-02,12.557293, 3.869054e-03,12.557293, -1.374925e-03,12.557293, -2.767210e-03,12.557293, -3.012664e-03,12.557293, -3.045258e-03,12.557293, -6.099184e-05,
13.228203, -3.204466e-03,13.228203, -3.164635e-03,13.228203, -2.879230e-03,13.228203, -1.340979e-03,13.228203, 4.158632e-03,13.228203, 1.286135e-02,13.228203, 4.158632e-03,13.228203, -1.340979e-03,13.228203, -2.879230e-03,13.228203, -3.164635e-03,13.228203, -3.204466e-03,13.228203, -6.420194e-05,
13.934424, -3.371752e-03,13.934424, -3.323216e-03,13.934424, -2.992225e-03,13.934424, -1.296885e-03,13.934424, 4.457721e-03,13.934424, 1.305271e-02,13.934424, 4.457721e-03,13.934424, -1.296885e-03,13.934424, -2.992225e-03,13.934424, -3.323216e-03,13.934424, -3.371752e-03,13.934424, -6.758098e-05,
14.677815, -3.547459e-03,14.677815, -3.488492e-03,14.677815, -3.105670e-03,14.677815, -1.241924e-03,14.677815, 4.765544e-03,14.677815, 1.323600e-02,14.677815, 4.765544e-03,14.677815, -1.241924e-03,14.677815, -3.105670e-03,14.677815, -3.488492e-03,14.677815, -3.547459e-03,14.677815, -7.113788e-05,
15.460332, -3.731932e-03,15.460332, -3.660511e-03,15.460332, -3.218977e-03,15.460332, -1.175415e-03,15.460332, 5.081219e-03,15.460332, 1.341123e-02,15.460332, 5.081219e-03,15.460332, -1.175415e-03,15.460332, -3.218977e-03,15.460332, -3.660511e-03,15.460332, -3.731932e-03,15.460332, -7.488198e-05,
16.284033, -3.925509e-03,16.284033, -3.839279e-03,16.284033, -3.331490e-03,16.284033, -1.096732e-03,16.284033, 5.403765e-03,16.284033, 1.357849e-02,16.284033, 5.403765e-03,16.284033, -1.096732e-03,16.284033, -3.331490e-03,16.284033, -3.839279e-03,16.284033, -3.925509e-03,16.284033, -7.882313e-05,
17.151088, -4.128517e-03,17.151088, -4.024750e-03,17.151088, -3.442491e-03,17.151088, -1.005316e-03,17.151088, 5.732105e-03,17.151088, 1.373793e-02,17.151088, 5.732105e-03,17.151088, -1.005316e-03,17.151088, -3.442491e-03,17.151088, -4.024750e-03,17.151088, -4.128517e-03,17.151088, -8.297172e-05,
18.063777, -4.341265e-03,18.063777, -4.216820e-03,18.063777, -3.551201e-03,18.063777, -9.006946e-04,18.063777, 6.065085e-03,18.063777, 1.388979e-02,18.063777, 6.065085e-03,18.063777, -9.006946e-04,18.063777, -3.551201e-03,18.063777, -4.216820e-03,18.063777, -4.341265e-03,18.063777, -8.733865e-05,
19.024502, -4.564039e-03,19.024502, -4.415320e-03,19.024502, -3.656787e-03,19.024502, -7.824955e-04,19.024502, 6.401475e-03,19.024502, 1.403433e-02,19.024502, 6.401475e-03,19.024502, -7.824955e-04,19.024502, -3.656787e-03,19.024502, -4.415320e-03,19.024502, -4.564039e-03,19.024502, -9.193542e-05,
20.035791, -4.797089e-03,20.035791, -4.620009e-03,20.035791, -3.758370e-03,20.035791, -6.504634e-04,20.035791, 6.739990e-03,20.035791, 1.417188e-02,20.035791, 6.739990e-03,20.035791, -6.504634e-04,20.035791, -3.758370e-03,20.035791, -4.620009e-03,20.035791, -4.797089e-03,20.035791, -9.677413e-05,
21.100307, -5.040624e-03,21.100307, -4.830566e-03,21.100307, -3.855033e-03,21.100307, -5.044739e-04,21.100307, 7.079300e-03,21.100307, 1.430279e-02,21.100307, 7.079300e-03,21.100307, -5.044739e-04,21.100307, -3.855033e-03,21.100307, -4.830566e-03,21.100307, -5.040624e-03,21.100307, -1.018675e-04,
22.220849, -5.294796e-03,22.220849, -5.046585e-03,22.220849, -3.945833e-03,22.220849, -3.445475e-04,22.220849, 7.418047e-03,22.220849, 1.442742e-02,22.220849, 7.418047e-03,22.220849, -3.445475e-04,22.220849, -3.945833e-03,22.220849, -5.046585e-03,22.220849, -5.294796e-03,22.220849, -1.072290e-04,
23.400367, -5.559687e-03,23.400367, -5.267568e-03,23.400367, -4.029820e-03,23.400367, -1.708604e-04,23.400367, 7.754862e-03,23.400367, 1.454614e-02,23.400367, 7.754862e-03,23.400367, -1.708604e-04,23.400367, -4.029820e-03,23.400367, -5.267568e-03,23.400367, -5.559687e-03,23.400367, -1.128726e-04,
24.641966, -5.835298e-03,24.641966, -5.492920e-03,24.641966, -4.106046e-03,24.641966, 1.624531e-05,24.641966, 8.088375e-03,24.641966, 1.465928e-02,24.641966, 8.088375e-03,24.641966, 1.624531e-05,24.641966, -4.106046e-03,24.641966, -5.492920e-03,24.641966, -5.835298e-03,24.641966, -1.188132e-04,
25.948911, -6.121528e-03,25.948911, -5.721947e-03,25.948911, -4.173590e-03,25.948911, 2.162561e-04,25.948911, 8.417237e-03,25.948911, 1.476714e-02,25.948911, 8.417237e-03,25.948911, 2.162561e-04,25.948911, -4.173590e-03,25.948911, -5.721947e-03,25.948911, -6.121528e-03,25.948911, -1.250666e-04,
27.324643, -6.418160e-03,27.324643, -5.953854e-03,27.324643, -4.231576e-03,27.324643, 4.284828e-04,27.324643, 8.740127e-03,27.324643, 1.486996e-02,27.324643, 8.740127e-03,27.324643, 4.284828e-04,27.324643, -4.231576e-03,27.324643, -5.953854e-03,27.324643, -6.418160e-03,27.324643, -1.316490e-04,
28.772782, -6.724840e-03,28.772782, -6.187746e-03,28.772782, -4.279192e-03,28.772782, 6.520609e-04,28.772782, 9.055766e-03,28.772782, 1.496790e-02,28.772782, 9.055766e-03,28.772782, 6.520609e-04,28.772782, -4.279192e-03,28.772782, -6.187746e-03,28.772782, -6.724840e-03,28.772782, -1.385779e-04,
30.297139, -7.041061e-03,30.297139, -6.422627e-03,30.297139, -4.315714e-03,30.297139, 8.859536e-04,30.297139, 9.362927e-03,30.297139, 1.506104e-02,30.297139, 9.362927e-03,30.297139, 8.859536e-04,30.297139, -4.315714e-03,30.297139, -6.422627e-03,30.297139, -7.041061e-03,30.297139, -1.458715e-04,
31.901726, -7.366140e-03,31.901726, -6.657409e-03,31.901726, -4.340525e-03,31.901726, 1.128959e-03,31.901726, 9.660436e-03,31.901726, 1.514935e-02,31.901726, 9.660436e-03,31.901726, 1.128959e-03,31.901726, -4.340525e-03,31.901726, -6.657409e-03,31.901726, -7.366140e-03,31.901726, -1.535489e-04,
33.590764, -7.699201e-03,33.590764, -6.890914e-03,33.590764, -4.353136e-03,33.590764, 1.379718e-03,33.590764, 9.947183e-03,33.590764, 1.523269e-02,33.590764, 9.947183e-03,33.590764, 1.379718e-03,33.590764, -4.353136e-03,33.590764, -6.890914e-03,33.590764, -7.699201e-03,33.590764, -1.616305e-04,
35.368699, -8.039160e-03,35.368699, -7.121887e-03,35.368699, -4.353206e-03,35.368699, 1.636731e-03,35.368699, 1.022211e-02,35.368699, 1.531081e-02,35.368699, 1.022211e-02,35.368699, 1.636731e-03,35.368699, -4.353206e-03,35.368699, -7.121887e-03,35.368699, -8.039160e-03,35.368699, -1.701373e-04,
37.240209, -8.384704e-03,37.240209, -7.349001e-03,37.240209, -4.340553e-03,37.240209, 1.898372e-03,37.240209, 1.048423e-02,37.240209, 1.538330e-02,37.240209, 1.048423e-02,37.240209, 1.898372e-03,37.240209, -4.340553e-03,37.240209, -7.349001e-03,37.240209, -8.384704e-03,37.240209, -1.790919e-04,
39.210220, -8.734280e-03,39.210220, -7.570877e-03,39.210220, -4.315170e-03,39.210220, 2.162903e-03,39.210220, 1.073259e-02,39.210220, 1.544966e-02,39.210220, 1.073259e-02,39.210220, 2.162903e-03,39.210220, -4.315170e-03,39.210220, -7.570877e-03,39.210220, -8.734280e-03,39.210220, -1.885178e-04,
41.283916, -9.086086e-03,41.283916, -7.786087e-03,41.283916, -4.277229e-03,41.283916, 2.428499e-03,41.283916, 1.096628e-02,41.283916, 1.550924e-02,41.283916, 1.096628e-02,41.283916, 2.428499e-03,41.283916, -4.277229e-03,41.283916, -7.786087e-03,41.283916, -9.086086e-03,41.283916, -1.984398e-04,
43.466754, -9.438070e-03,43.466754, -7.993179e-03,43.466754, -4.227085e-03,43.466754, 2.693266e-03,43.466754, 1.118443e-02,43.466754, 1.556126e-02,43.466754, 1.118443e-02,43.466754, 2.693266e-03,43.466754, -4.227085e-03,43.466754, -7.993179e-03,43.466754, -9.438070e-03,43.466754, -2.088840e-04,
45.764478, -9.787922e-03,45.764478, -8.190682e-03,45.764478, -4.165273e-03,45.764478, 2.955262e-03,45.764478, 1.138619e-02,45.764478, 1.560483e-02,45.764478, 1.138619e-02,45.764478, 2.955262e-03,45.764478, -4.165273e-03,45.764478, -8.190682e-03,45.764478, -9.787922e-03,45.764478, -2.198779e-04,
48.183134, -1.013309e-02,48.183134, -8.377125e-03,48.183134, -4.092499e-03,48.183134, 3.212518e-03,48.183134, 1.157072e-02,48.183134, 1.563895e-02,48.183134, 1.157072e-02,48.183134, 3.212518e-03,48.183134, -4.092499e-03,48.183134, -8.377125e-03,48.183134, -1.013309e-02,48.183134, -2.314504e-04,
50.729089, -1.047079e-02,50.729089, -8.551049e-03,50.729089, -4.009623e-03,50.729089, 3.463060e-03,50.729089, 1.173715e-02,50.729089, 1.566249e-02,50.729089, 1.173715e-02,50.729089, 3.463060e-03,50.729089, -4.009623e-03,50.729089, -8.551049e-03,50.729089, -1.047079e-02,50.729089, -2.436320e-04,
53.409041, -1.079803e-02,53.409041, -8.711018e-03,53.409041, -3.917644e-03,53.409041, 3.704929e-03,53.409041, 1.188463e-02,53.409041, 1.567426e-02,53.409041, 1.188463e-02,53.409041, 3.704929e-03,53.409041, -3.917644e-03,53.409041, -8.711018e-03,53.409041, -1.079803e-02,53.409041, -2.564548e-04,
56.230043, -1.111164e-02,56.230043, -8.855632e-03,56.230043, -3.817670e-03,56.230043, 3.936198e-03,56.230043, 1.201226e-02,56.230043, 1.567295e-02,56.230043, 1.201226e-02,56.230043, 3.936198e-03,56.230043, -3.817670e-03,56.230043, -8.855632e-03,56.230043, -1.111164e-02,56.230043, -2.699524e-04,
59.199519, -1.140831e-02,59.199519, -8.983534e-03,59.199519, -3.710894e-03,59.199519, 4.154997e-03,59.199519, 1.211913e-02,59.199519, 1.565720e-02,59.199519, 1.211913e-02,59.199519, 4.154997e-03,59.199519, -3.710894e-03,59.199519, -8.983534e-03,59.199519, -1.140831e-02,59.199519, -2.841604e-04,
62.325283, -1.168462e-02,62.325283, -9.093419e-03,62.325283, -3.598557e-03,62.325283, 4.359523e-03,62.325283, 1.220428e-02,62.325283, 1.562556e-02,62.325283, 1.220428e-02,62.325283, 4.359523e-03,62.325283, -3.598557e-03,62.325283, -9.093419e-03,62.325283, -1.168462e-02,62.325283, -2.991162e-04,
65.615561, -1.193712e-02,65.615561, -9.184038e-03,65.615561, -3.481917e-03,65.615561, 4.548063e-03,65.615561, 1.226673e-02,65.615561, 1.557654e-02,65.615561, 1.226673e-02,65.615561, 4.548063e-03,65.615561, -3.481917e-03,65.615561, -9.184038e-03,65.615561, -1.193712e-02,65.615561, -3.148592e-04,
69.079012, -1.216237e-02,69.079012, -9.254211e-03,69.079012, -3.362213e-03,69.079012, 4.719011e-03,69.079012, 1.230547e-02,69.079012, 1.550862e-02,69.079012, 1.230547e-02,69.079012, 4.719011e-03,69.079012, -3.362213e-03,69.079012, -9.254211e-03,69.079012, -1.216237e-02,69.079012, -3.314307e-04,
72.724749, -1.235701e-02,72.724749, -9.302827e-03,72.724749, -3.240632e-03,72.724749, 4.870882e-03,72.724749, 1.231945e-02,72.724749, 1.542025e-02,72.724749, 1.231945e-02,72.724749, 4.870882e-03,72.724749, -3.240632e-03,72.724749, -9.302827e-03,72.724749, -1.235701e-02,72.724749, -3.488744e-04,
76.562368, -1.251779e-02,76.562368, -9.328854e-03,76.562368, -3.118275e-03,76.562368, 5.002332e-03,76.562368, 1.230764e-02,76.562368, 1.530988e-02,76.562368, 1.230764e-02,76.562368, 5.002332e-03,76.562368, -3.118275e-03,76.562368, -9.328854e-03,76.562368, -1.251779e-02,76.562368, -3.672362e-04,
80.601966, -1.264171e-02,80.601966, -9.331347e-03,80.601966, -2.996133e-03,80.601966, 5.112172e-03,80.601966, 1.226902e-02,80.601966, 1.517597e-02,80.601966, 1.226902e-02,80.601966, 5.112172e-03,80.601966, -2.996133e-03,80.601966, -9.331347e-03,80.601966, -1.264171e-02,80.601966, -3.865645e-04,
84.854175, -1.272600e-02,84.854175, -9.309460e-03,84.854175, -2.875059e-03,84.854175, 5.199388e-03,84.854175, 1.220260e-02,84.854175, 1.501704e-02,84.854175, 1.220260e-02,84.854175, 5.199388e-03,84.854175, -2.875059e-03,84.854175, -9.309460e-03,84.854175, -1.272600e-02,84.854175, -4.069100e-04,
89.330184, -1.277017e-02,89.330184, -9.261255e-03,89.330184, -2.750946e-03,89.330184, 5.266872e-03,89.330184, 1.210390e-02,89.330184, 1.482318e-02,89.330184, 1.210390e-02,89.330184, 5.266872e-03,89.330184, -2.750946e-03,89.330184, -9.261255e-03,89.330184, -1.277017e-02,89.330184, -4.283263e-04,
94.041773, -1.276652e-02,94.041773, -9.186515e-03,94.041773, -2.632862e-03,94.041773, 5.305492e-03,94.041773, 1.197669e-02,94.041773, 1.460740e-02,94.041773, 1.197669e-02,94.041773, 5.305492e-03,94.041773, -2.632862e-03,94.041773, -9.186515e-03,94.041773, -1.276652e-02,94.041773, -4.508698e-04,
99.001340, -1.271659e-02,99.001340, -9.085536e-03,99.001340, -2.517904e-03,99.001340, 5.319301e-03,99.001340, 1.181930e-02,99.001340, 1.436283e-02,99.001340, 1.181930e-02,99.001340, 5.319301e-03,99.001340, -2.517904e-03,99.001340, -9.085536e-03,99.001340, -1.271659e-02,99.001340, -4.745998e-04,
104.221936, -1.262424e-02,104.221936, -8.963721e-03,104.221936, -2.410762e-03,104.221936, 5.308994e-03,104.221936, 1.163950e-02,104.221936, 1.410043e-02,104.221936, 1.163950e-02,104.221936, 5.308994e-03,104.221936, -2.410762e-03,104.221936, -8.963721e-03,104.221936, -1.262424e-02,104.221936, -4.995787e-04,
109.717302, -1.248189e-02,109.717302, -8.811611e-03,109.717302, -2.302865e-03,109.717302, 5.274337e-03,109.717302, 1.142284e-02,109.717302, 1.379836e-02,109.717302, 1.142284e-02,109.717302, 5.274337e-03,109.717302, -2.302865e-03,109.717302, -8.811611e-03,109.717302, -1.248189e-02,109.717302, -5.258723e-04,
115.501896, -1.229220e-02,115.501896, -8.633098e-03,115.501896, -2.197842e-03,115.501896, 5.215526e-03,115.501896, 1.117507e-02,115.501896, 1.346505e-02,115.501896, 1.117507e-02,115.501896, 5.215526e-03,115.501896, -2.197842e-03,115.501896, -8.633098e-03,115.501896, -1.229220e-02,115.501896, -5.535498e-04,
121.590944, -1.205576e-02,121.590944, -8.428534e-03,121.590944, -2.095488e-03,121.590944, 5.133134e-03,121.590944, 1.089645e-02,121.590944, 1.310037e-02,121.590944, 1.089645e-02,121.590944, 5.133134e-03,121.590944, -2.095488e-03,121.590944, -8.428534e-03,121.590944, -1.205576e-02,121.590944, -5.826840e-04,
128.000467, -1.177376e-02,128.000467, -8.198544e-03,128.000467, -1.995518e-03,128.000467, 5.027988e-03,128.000467, 1.058753e-02,128.000467, 1.270457e-02,128.000467, 1.058753e-02,128.000467, 5.027988e-03,128.000467, -1.995518e-03,128.000467, -8.198544e-03,128.000467, -1.177376e-02,128.000467, -6.133516e-04,
134.747334, -1.144796e-02,134.747334, -7.944037e-03,134.747334, -1.897601e-03,134.747334, 4.901168e-03,134.747334, 1.024925e-02,134.747334, 1.227832e-02,134.747334, 1.024925e-02,134.747334, 4.901168e-03,134.747334, -1.897601e-03,134.747334, -7.944037e-03,134.747334, -1.144796e-02,134.747334, -6.456332e-04,
141.849298, -1.108072e-02,141.849298, -7.666231e-03,141.849298, -1.801388e-03,141.849298, 4.753993e-03,141.849298, 9.882953e-03,141.849298, 1.182274e-02,141.849298, 9.882953e-03,141.849298, 4.753993e-03,141.849298, -1.801388e-03,141.849298, -7.666231e-03,141.849298, -1.108072e-02,141.849298, -6.796139e-04,
149.325051, -1.067492e-02,149.325051, -7.366656e-03,149.325051, -1.706546e-03,149.325051, 4.588012e-03,149.325051, 9.490364e-03,149.325051, 1.133945e-02,149.325051, 9.490364e-03,149.325051, 4.588012e-03,149.325051, -1.706546e-03,149.325051, -7.366656e-03,149.325051, -1.067492e-02,149.325051, -7.153831e-04,
157.194264, -1.023400e-02,157.194264, -7.047162e-03,157.194264, -1.612782e-03,157.194264, 4.404987e-03,157.194264, 9.073645e-03,157.194264, 1.083057e-02,157.194264, 9.073645e-03,157.194264, 4.404987e-03,157.194264, -1.612782e-03,157.194264, -7.047162e-03,157.194264, -1.023400e-02,157.194264, -7.530348e-04,
165.477647, -9.761840e-03,165.477647, -6.709911e-03,165.477647, -1.519873e-03,165.477647, 4.206871e-03,165.477647, 8.635366e-03,165.477647, 1.029873e-02,165.477647, 8.635366e-03,165.477647, 4.206871e-03,165.477647, -1.519873e-03,165.477647, -6.709911e-03,165.477647, -9.761840e-03,165.477647, -7.926682e-04,
174.196996, -9.262785e-03,174.196996, -6.357363e-03,174.196996, -1.427676e-03,174.196996, 3.995781e-03,174.196996, 8.178494e-03,174.196996, 9.747052e-03,174.196996, 8.178494e-03,174.196996, 3.995781e-03,174.196996, -1.427676e-03,174.196996, -6.357363e-03,174.196996, -9.262785e-03,174.196996, -8.343876e-04,
183.375259, -8.741525e-03,183.375259, -5.992249e-03,183.375259, -1.336145e-03,183.375259, 3.773974e-03,183.375259, 7.706360e-03,183.375259, 9.179124e-03,183.375259, 7.706360e-03,183.375259, 3.773974e-03,183.375259, -1.336145e-03,183.375259, -5.992249e-03,183.375259, -8.741525e-03,183.375259, -8.783028e-04,
193.036589, -8.203054e-03,193.036589, -5.617537e-03,193.036589, -1.245340e-03,193.036589, 3.543810e-03,193.036589, 7.222618e-03,193.036589, 8.598954e-03,193.036589, 7.222618e-03,193.036589, 3.543810e-03,193.036589, -1.245340e-03,193.036589, -5.617537e-03,193.036589, -8.203054e-03,193.036589, -9.245292e-04,
203.206409, -7.652584e-03,203.206409, -5.236382e-03,203.206409, -1.155417e-03,203.206409, 3.307721e-03,203.206409, 6.731185e-03,203.206409, 8.010902e-03,203.206409, 6.731185e-03,203.206409, 3.307721e-03,203.206409, -1.155417e-03,203.206409, -5.236382e-03,203.206409, -7.652584e-03,203.206409, -9.731887e-04,
213.911483, -7.095454e-03,213.911483, -4.852081e-03,213.911483, -1.066632e-03,213.911483, 3.068169e-03,213.911483, 6.236172e-03,213.911483, 7.419597e-03,213.911483, 6.236172e-03,213.911483, 3.068169e-03,213.911483, -1.066632e-03,213.911483, -4.852081e-03,213.911483, -7.095454e-03,213.911483, -1.024409e-03,
225.179983, -6.537044e-03,225.179983, -4.468001e-03,225.179983, -9.793202e-04,225.179983, 2.827612e-03,225.179983, 5.741804e-03,225.179983, 6.829840e-03,225.179983, 5.741804e-03,225.179983, 2.827612e-03,225.179983, -9.793202e-04,225.179983, -4.468001e-03,225.179983, -6.537044e-03,225.179983, -1.078325e-03,
237.041561, -1.326512e-03,237.041561, -9.063078e-04,237.041561, -1.981971e-04,237.041561, 5.739275e-04,237.041561, 1.164577e-03,237.041561, 1.385010e-03,237.041561, 1.164577e-03,237.041561, 5.739275e-04,237.041561, -1.981971e-04,237.041561, -9.063078e-04,237.041561, -1.326512e-03,237.041561, -2.516763e-04,
249.041561, 6.661338e-16,249.041561, -2.220446e-15,249.041561, -2.664535e-15,249.041561, -1.776357e-15,249.041561, -8.881784e-16,249.041561, 0.000000e+00,249.041561, 9.769963e-15,249.041561, -5.773160e-15,249.041561, -1.332268e-15,249.041561, -5.329071e-15,249.041561, 2.664535e-15,249.041561, 1.734723e-17,
261.041561, -6.439294e-15,261.041561, 3.552714e-15,261.041561, -3.108624e-15,261.041561, 4.440892e-15,261.041561, -2.664535e-15,261.041561, -2.664535e-15,261.041561, -1.776357e-15,261.041561, 4.440892e-16,261.041561, -8.881784e-16,261.041561, 3.552714e-15,261.041561, -8.437695e-15,261.041561, 1.734723e-17,
273.041561, -6.439294e-15,273.041561, 7.105427e-15,273.041561, -1.199041e-14,273.041561, -8.881784e-15,273.041561, -3.552714e-15,273.041561, 2.664535e-15,273.041561, -8.881784e-16,273.041561, -7.549517e-15,273.041561, 1.065814e-14,273.041561, -9.103829e-15,273.041561, -2.220446e-16,273.041561, 1.734723e-17,
285.041561, -4.440892e-15,285.041561, 8.437695e-15,285.041561, -1.509903e-14,285.041561, -2.664535e-15,285.041561, -7.105427e-15,285.041561, -2.664535e-15,285.041561, -1.065814e-14,285.041561, 8.437695e-15,285.041561, 0.000000e+00,285.041561, -3.996803e-15,285.041561, -4.440892e-15,285.041561, -3.816392e-17,
297.041561, -1.332268e-15,297.041561, -4.440892e-15,297.041561, 8.881784e-15,297.041561, -7.993606e-15,297.041561, -3.552714e-15,297.041561, -8.881784e-16,297.041561, -5.329071e-15,297.041561, -1.332268e-15,297.041561, -2.664535e-15,297.041561, -5.995204e-15,297.041561, 4.662937e-15,297.041561, 1.734723e-17,
309.041561, 2.664535e-15,309.041561, -7.549517e-15,309.041561, 6.217249e-15,309.041561, -1.421085e-14,309.041561, -1.065814e-14,309.041561, 0.000000e+00,309.041561, -8.881784e-16,309.041561, -2.220446e-15,309.041561, -4.440892e-15,309.041561, 5.551115e-15,309.041561, -3.330669e-15,309.041561, 1.734723e-17,
321.041561, 6.661338e-16,321.041561, 1.332268e-15,321.041561, 8.881784e-16,321.041561, 1.065814e-14,321.041561, -1.243450e-14,321.041561, 0.000000e+00,321.041561, 3.552714e-15,321.041561, 5.773160e-15,321.041561, -5.329071e-15,321.041561, 1.554312e-15,321.041561, -7.327472e-15,321.041561, 1.734723e-17,
333.041561, -2.220446e-16,333.041561, 1.332268e-15,333.041561, -1.065814e-14,333.041561, -8.881784e-16,333.041561, 3.552714e-15,333.041561, 0.000000e+00,333.041561, -6.217249e-15,333.041561, 4.884981e-15,333.041561, -6.661338e-15,333.041561, 5.329071e-15,333.041561, -4.440892e-15,333.041561, 1.734723e-17,
345.041561, -3.330669e-15,345.041561, 4.440892e-15,345.041561, 2.220446e-15,345.041561, -3.552714e-15,345.041561, 0.000000e+00,345.041561, -2.664535e-15,345.041561, 0.000000e+00,345.041561, 4.440892e-16,345.041561, 0.000000e+00,345.041561, 2.442491e-15,345.041561, -6.439294e-15,345.041561, 1.734723e-17,
357.041561, -2.442491e-15,357.041561, 3.108624e-15,357.041561, -7.993606e-15,357.041561, 7.993606e-15,357.041561, -1.332268e-14,357.041561, -2.664535e-15,357.041561, 5.329071e-15,357.041561, -3.108624e-15,357.041561, -1.065814e-14,357.041561, 1.332268e-15,357.041561, 1.776357e-15,357.041561, 1.734723e-17,
369.041561, 2.664535e-15,369.041561, -3.996803e-15,369.041561, -4.440892e-15,369.041561, -1.776357e-15,369.041561, 2.664535e-15,369.041561, -3.552714e-15,369.041561, 0.000000e+00,369.041561, 4.440892e-16,369.041561, -6.661338e-15,369.041561, 2.220446e-15,369.041561, -1.332268e-15,369.041561, 1.734723e-17,
381.041561, -1.332268e-15,381.041561, -2.664535e-15,381.041561, 3.552714e-15,381.041561, -7.105427e-15,381.041561, 2.664535e-15,381.041561, -1.776357e-15,381.041561, 5.329071e-15,381.041561, 4.440892e-16,381.041561, 4.440892e-16,381.041561, -6.883383e-15,381.041561, 6.661338e-16,381.041561, 1.734723e-17,
393.041561, 2.664535e-15,393.041561, -1.110223e-14,393.041561, 4.440892e-15,393.041561, 4.440892e-15,393.041561, -1.332268e-14,393.041561, -2.664535e-15,393.041561, -4.440892e-15,393.041561, -2.220446e-15,393.041561, 7.993606e-15,393.041561, -5.329071e-15,393.041561, -1.332268e-15,393.041561, 1.734723e-17,
405.041561, 1.776357e-15,405.041561, -9.325873e-15,405.041561, 3.552714e-15,405.041561, -8.881784e-15,405.041561, -1.332268e-14,405.041561, -8.881784e-16,405.041561, 8.881784e-15,405.041561, -1.199041e-14,405.041561, 1.776357e-15,405.041561, -2.220446e-16,405.041561, -2.220446e-16,405.041561, 1.734723e-17,
417.041561, -1.332268e-15,417.041561, -8.437695e-15,417.041561, -1.376677e-14,417.041561, 9.769963e-15,417.041561, -1.332268e-14,417.041561, 0.000000e+00,417.041561, 4.440892e-15,417.041561, -2.220446e-15,417.041561, 3.552714e-15,417.041561, -4.440892e-16,417.041561, -5.329071e-15,417.041561, 1.734723e-17,
429.041561, -3.330669e-15,429.041561, 5.773160e-15,429.041561, -6.217249e-15,429.041561, -8.881784e-15,429.041561, -3.552714e-15,429.041561, -8.881784e-16,429.041561, 2.664535e-15,429.041561, -9.325873e-15,429.041561, 0.000000e+00,429.041561, 1.043610e-14,429.041561, -7.327472e-15,429.041561, 1.734723e-17,
441.041561, 2.664535e-15,441.041561, -7.549517e-15,441.041561, -8.881784e-16,441.041561, -5.329071e-15,441.041561, 2.664535e-15,441.041561, 2.664535e-15,441.041561, -1.776357e-15,441.041561, 3.996803e-15,441.041561, 0.000000e+00,441.041561, -7.771561e-15,441.041561, 3.774758e-15,441.041561, 1.734723e-17,
453.041561, -8.437695e-15,453.041561, 4.440892e-15,453.041561, 2.664535e-15,453.041561, -1.065814e-14,453.041561, -1.421085e-14,453.041561, 8.881784e-16,453.041561, -5.329071e-15,453.041561, -6.661338e-15,453.041561, -4.884981e-15,453.041561, -8.881784e-15,453.041561, 2.664535e-15,453.041561, 1.734723e-17,
465.041561, -5.329071e-15,465.041561, 6.217249e-15,465.041561, -1.332268e-15,465.041561, -5.329071e-15,465.041561, -2.664535e-15,465.041561, 0.000000e+00,465.041561, -7.105427e-15,465.041561, 1.110223e-14,465.041561, -8.881784e-16,465.041561, 0.000000e+00,465.041561, -8.437695e-15,465.041561, 1.734723e-17,
477.041561, -4.440892e-15,477.041561, 6.661338e-15,477.041561, -1.154632e-14,477.041561, 4.440892e-15,477.041561, -7.993606e-15,477.041561, -1.776357e-15,477.041561, -2.664535e-15,477.041561, -9.325873e-15,477.041561, -3.552714e-15,477.041561, 4.440892e-15,477.041561, -1.332268e-15,477.041561, 1.734723e-17,
489.041561, -1.332268e-15,489.041561, -1.776357e-15,489.041561, 4.440892e-15,489.041561, -4.440892e-15,489.041561, 2.664535e-15,489.041561, -8.881784e-16,489.041561, 2.664535e-15,489.041561, 1.332268e-15,489.041561, -1.243450e-14,489.041561, 8.437695e-15,489.041561, -5.329071e-15,489.041561, 1.734723e-17,
501.041561, 1.776357e-15,501.041561, -5.773160e-15,501.041561, -5.329071e-15,501.041561, -1.776357e-15,501.041561, -8.881784e-16,501.041561, -3.552714e-15,501.041561, -1.154632e-14,501.041561, 7.549517e-15,501.041561, 1.332268e-15,501.041561, -3.330669e-15,501.041561, -6.439294e-15,501.041561, 1.734723e-17,
513.041561, 5.773160e-15,513.041561, 3.552714e-15,513.041561, -2.664535e-15,513.041561, -2.664535e-15,513.041561, 8.881784e-15,513.041561, 0.000000e+00,513.041561, 0.000000e+00,513.041561, 2.220446e-15,513.041561, -7.993606e-15,513.041561, -4.218847e-15,513.041561, 4.662937e-15,513.041561, 1.734723e-17,
525.041561, -8.437695e-15,525.041561, -1.199041e-14,525.041561, -3.108624e-15,525.041561, 8.881784e-16,525.041561, 1.776357e-15,525.041561, 2.664535e-15,525.041561, -1.776357e-15,525.041561, 4.440892e-16,525.041561, -3.552714e-15,525.041561, -2.664535e-15,525.041561, -8.437695e-15,525.041561, 1.734723e-17,
537.041561, -5.329071e-15,537.041561, -3.996803e-15,537.041561, 7.105427e-15,537.041561, -3.552714e-15,537.041561, -6.217249e-15,537.041561, -8.881784e-16,537.041561, -1.776357e-15,537.041561, 4.440892e-16,537.041561, -1.154632e-14,537.041561, 3.330669e-15,537.041561, 6.661338e-16,537.041561, 1.734723e-17,
549.041561, -3.330669e-15,549.041561, -5.773160e-15,549.041561, 1.243450e-14,549.041561, -1.154632e-14,549.041561, 3.552714e-15,549.041561, -2.664535e-15,549.041561, -1.332268e-14,549.041561, 1.021405e-14,549.041561, -1.065814e-14,549.041561, 8.659740e-15,549.041561, -7.327472e-15,549.041561, 1.734723e-17,
561.041561, -2.442491e-15,561.041561, -3.996803e-15,561.041561, 6.217249e-15,561.041561, 0.000000e+00,561.041561, -5.329071e-15,561.041561, 8.881784e-16,561.041561, -8.881784e-15,561.041561, -1.332268e-15,561.041561, 9.769963e-15,561.041561, -1.110223e-14,561.041561, 2.664535e-15,561.041561, 1.734723e-17,
573.041561, -1.332268e-15,573.041561, -6.217249e-15,573.041561, 5.329071e-15,573.041561, -2.664535e-15,573.041561, -2.664535e-15,573.041561, 0.000000e+00,573.041561, -9.769963e-15,573.041561, 4.884981e-15,573.041561, -1.065814e-14,573.041561, -2.664535e-15,573.041561, 5.773160e-15,573.041561, 1.734723e-17,
585.041561, -2.220446e-16,585.041561, 1.332268e-15,585.041561, -3.552714e-15,585.041561, -2.664535e-15,585.041561, 8.881784e-16,585.041561, -5.329071e-15,585.041561, -3.552714e-15,585.041561, -3.108624e-15,585.041561, 1.287859e-14,585.041561, -8.437695e-15,585.041561, -1.332268e-15,585.041561, 1.734723e-17,
597.041561, 6.661338e-16,597.041561, -7.105427e-15,597.041561, -3.108624e-15,597.041561, 1.776357e-15,597.041561, 1.776357e-15,597.041561, -1.776357e-15,597.041561, 2.664535e-15,597.041561, -5.773160e-15,597.041561, -5.329071e-15,597.041561, -2.442491e-15,597.041561, 3.774758e-15,597.041561, 1.734723e-17,
609.041561, -2.220446e-16,609.041561, -5.773160e-15,609.041561, 1.776357e-15,609.041561, -7.993606e-15,609.041561, 6.217249e-15,609.041561, 1.776357e-15,609.041561, -8.881784e-16,609.041561, -2.220446e-15,609.041561, 5.329071e-15,609.041561, -9.769963e-15,609.041561, -8.437695e-15,609.041561, 1.734723e-17,
621.041561, -1.332268e-15,621.041561, -1.776357e-15,621.041561, -6.217249e-15,621.041561, 8.881784e-15,621.041561, -1.332268e-14,621.041561, 1.776357e-15,621.041561, -1.776357e-15,621.041561, 8.437695e-15,621.041561, 0.000000e+00,621.041561, -3.996803e-15,621.041561, -4.440892e-15,621.041561, 1.734723e-17,
633.041561, -8.437695e-15,633.041561, -4.884981e-15,633.041561, -4.884981e-15,633.041561, 3.552714e-15,633.041561, 0.000000e+00,633.041561, 1.776357e-15,633.041561, 1.065814e-14,633.041561, 5.773160e-15,633.041561, 4.440892e-15,633.041561, -1.421085e-14,633.041561, -8.437695e-15,633.041561, 1.734723e-17,
645.041561, 5.773160e-15,645.041561, -1.421085e-14,645.041561, 9.769963e-15,645.041561, -7.105427e-15,645.041561, 0.000000e+00,645.041561, -1.776357e-15,645.041561, 5.329071e-15,645.041561, -1.332268e-15,645.041561, -7.105427e-15,645.041561, 6.439294e-15,645.041561, -3.330669e-15,645.041561, 1.734723e-17,
657.041561, -8.437695e-15,657.041561, 1.154632e-14,657.041561, -8.881784e-15,657.041561, 5.329071e-15,657.041561, -7.993606e-15,657.041561, -1.776357e-15,657.041561, 6.217249e-15,657.041561, -4.440892e-16,657.041561, -5.329071e-15,657.041561, 1.332268e-15,657.041561, -5.329071e-15,657.041561, 1.734723e-17,
669.041561, -6.439294e-15,669.041561, -3.552714e-15,669.041561, -1.287859e-14,669.041561, 1.776357e-15,669.041561, 1.776357e-15,669.041561, -3.552714e-15,669.041561, 1.776357e-15,669.041561, -5.773160e-15,669.041561, 3.552714e-15,669.041561, 1.554312e-15,669.041561, -6.439294e-15,669.041561, 1.734723e-17,
681.041561, -4.440892e-15,681.041561, -2.220446e-15,681.041561, -2.664535e-15,681.041561, 4.440892e-15,681.041561, -4.440892e-15,681.041561, 5.329071e-15,681.041561, -2.664535e-15,681.041561, 4.884981e-15,681.041561, 2.220446e-15,681.041561, -6.883383e-15,681.041561, 6.661338e-16,681.041561, 1.734723e-17,
693.041561, -3.330669e-15,693.041561, -3.996803e-15,693.041561, 5.329071e-15,693.041561, 2.664535e-15,693.041561, -6.217249e-15,693.041561, -2.664535e-15,693.041561, -4.440892e-15,693.041561, -1.110223e-14,693.041561, -2.664535e-15,693.041561, -7.105427e-15,693.041561, -1.332268e-15,693.041561, 1.734723e-17,
705.041561, 6.661338e-16,705.041561, -9.325873e-15,705.041561, 2.664535e-15,705.041561, 5.329071e-15,705.041561, -7.105427e-15,705.041561, 2.664535e-15,705.041561, 2.664535e-15,705.041561, -9.325873e-15,705.041561, 4.440892e-16,705.041561, 3.774758e-15,705.041561, -6.439294e-15,705.041561, 1.734723e-17,
717.041561, -6.439294e-15,717.041561, 8.437695e-15,717.041561, -4.440892e-15,717.041561, -7.993606e-15,717.041561, 8.881784e-16,717.041561, 8.881784e-16,717.041561, -8.881784e-15,717.041561, 4.440892e-16,717.041561, -4.440892e-15,717.041561, 2.886580e-15,717.041561, -2.442491e-15,717.041561, 1.734723e-17,
729.041561, 2.664535e-15,729.041561, -1.110223e-14,729.041561, -8.881784e-16,729.041561, -1.776357e-15,729.041561, 1.065814e-14,729.041561, 2.664535e-15,729.041561, -4.440892e-15,729.041561, -3.996803e-15,729.041561, -4.884981e-15,729.041561, 9.769963e-15,729.041561, -5.329071e-15,729.041561, 1.734723e-17,
741.041561, 5.773160e-15,741.041561, 9.325873e-15,741.041561, -6.661338e-15,741.041561, 5.329071e-15,741.041561, -5.329071e-15,741.041561, 1.776357e-15,741.041561, -5.329071e-15,741.041561, -4.884981e-15,741.041561, 3.552714e-15,741.041561, -9.769963e-15,741.041561, 5.773160e-15,741.041561, 1.734723e-17,
753.041561, -8.437695e-15,753.041561, -6.217249e-15,753.041561, -8.881784e-16,753.041561, 1.776357e-15,753.041561, -8.881784e-16,753.041561, 3.552714e-15,753.041561, -4.440892e-15,753.041561, -3.996803e-15,753.041561, 4.440892e-15,753.041561, -3.552714e-15,753.041561, -1.332268e-15,753.041561, 1.734723e-17,
765.041561, -6.439294e-15,765.041561, 4.884981e-15,765.041561, 8.881784e-16,765.041561, -7.105427e-15,765.041561, -5.329071e-15,765.041561, -1.776357e-15,765.041561, -1.332268e-14,765.041561, 8.437695e-15,765.041561, -3.552714e-15,765.041561, -7.549517e-15,765.041561, 1.776357e-15,765.041561, 1.734723e-17,
777.041561, 3.774758e-15,777.041561, -3.996803e-15,777.041561, 1.776357e-15,777.041561, -2.664535e-15,777.041561, -1.243450e-14,777.041561, -1.776357e-15,777.041561, 0.000000e+00,777.041561, -1.332268e-15,777.041561, 3.552714e-15,777.041561, -2.220446e-16,777.041561, -7.327472e-15,777.041561, 1.734723e-17,
789.041561, -2.220446e-16,789.041561, -7.549517e-15,789.041561, 0.000000e+00,789.041561, 7.993606e-15,789.041561, -8.881784e-16,789.041561, 3.552714e-15,789.041561, -6.217249e-15,789.041561, 3.108624e-15,789.041561, -6.661338e-15,789.041561, 4.218847e-15,789.041561, -3.330669e-15,789.041561, 1.734723e-17,
801.041561, -5.329071e-15,801.041561, 8.437695e-15,801.041561, -8.881784e-15,801.041561, 5.329071e-15,801.041561, -1.243450e-14,801.041561, -2.664535e-15,801.041561, 6.217249e-15,801.041561, -5.773160e-15,801.041561, -6.661338e-15,801.041561, 6.217249e-15,801.041561, -5.329071e-15,801.041561, 1.734723e-17,
813.041561, 3.774758e-15,813.041561, -9.769963e-15,813.041561, -2.220446e-15,813.041561, -3.552714e-15,813.041561, -7.105427e-15,813.041561, 8.881784e-16,813.041561, 3.552714e-15,813.041561, -3.108624e-15,813.041561, 6.217249e-15,813.041561, -1.110223e-14,813.041561, 2.664535e-15,813.041561, 1.734723e-17,
825.041561, -1.332268e-15,825.041561, -3.552714e-15,825.041561, -6.217249e-15,825.041561, 3.552714e-15,825.041561, 1.776357e-15,825.041561, -1.776357e-15,825.041561, 2.664535e-15,825.041561, -9.325873e-15,825.041561, 4.440892e-15,825.041561, -1.065814e-14,825.041561, -8.437695e-15,825.041561, 1.734723e-17,
837.041561, 1.776357e-15,837.041561, -7.993606e-15,837.041561, 4.440892e-16,837.041561, -4.440892e-15,837.041561, 1.776357e-15,837.041561, 8.881784e-16,837.041561, 5.329071e-15,837.041561, -6.661338e-15,837.041561, -1.332268e-15,837.041561, -1.332268e-15,837.041561, -1.332268e-15,837.041561, 1.734723e-17,
849.041561, -4.440892e-15,849.041561, 5.329071e-15,849.041561, -4.884981e-15,849.041561, -4.440892e-15,849.041561, 5.329071e-15,849.041561, 2.664535e-15,849.041561, -2.664535e-15,849.041561, -5.773160e-15,849.041561, 1.776357e-15,849.041561, 2.664535e-15,849.041561, -8.437695e-15,849.041561, 1.734723e-17,
861.041561, -6.439294e-15,861.041561, 8.437695e-15,861.041561, -8.881784e-16,861.041561, -1.243450e-14,861.041561, -1.776357e-15,861.041561, -2.664535e-15,861.041561, -9.769963e-15,861.041561, 3.108624e-15,861.041561, 0.000000e+00,861.041561, -9.547918e-15,861.041561, 3.774758e-15,861.041561, 1.734723e-17,
873.041561, 5.773160e-15,873.041561, 9.325873e-15,873.041561, -1.332268e-15,873.041561, -3.552714e-15,873.041561, -7.993606e-15,873.041561, -2.664535e-15,873.041561, 0.000000e+00,873.041561, -6.661338e-15,873.041561, 7.993606e-15,873.041561, -5.107026e-15,873.041561, -3.330669e-15,873.041561, 1.734723e-17,
885.041561, -4.440892e-15,885.041561, -1.776357e-15,885.041561, -3.108624e-15,885.041561, -8.881784e-16,885.041561, 9.769963e-15,885.041561, 1.776357e-15,885.041561, 0.000000e+00,885.041561, 8.437695e-15,885.041561, -1.065814e-14,885.041561, 8.659740e-15,885.041561, -6.439294e-15,885.041561, 1.734723e-17,
897.041561, -1.332268e-15,897.041561, 8.881784e-16,897.041561, 1.776357e-15,897.041561, -1.243450e-14,897.041561, 8.881784e-16,897.041561, 3.552714e-15,897.041561, 5.329071e-15,897.041561, -3.108624e-15,897.041561, 8.881784e-16,897.041561, 3.330669e-15,897.041561, -6.439294e-15,897.041561, 1.734723e-17,
909.041561, 3.774758e-15,909.041561, -7.549517e-15,909.041561, -1.776357e-15,909.041561, 8.881784e-16,909.041561, -7.993606e-15,909.041561, 0.000000e+00,909.041561, 2.664535e-15,909.041561, -8.437695e-15,909.041561, -2.220446e-15,909.041561, -4.884981e-15,909.041561, -8.437695e-15,909.041561, 1.734723e-17,
921.041561, 5.773160e-15,921.041561, -2.664535e-15,921.041561, 0.000000e+00,921.041561, -7.993606e-15,921.041561, -6.217249e-15,921.041561, -5.329071e-15,921.041561, -7.993606e-15,921.041561, 5.773160e-15,921.041561, -6.217249e-15,921.041561, -8.881784e-16,921.041561, -1.332268e-15,921.041561, 1.734723e-17,
933.041561, -6.439294e-15,933.041561, -2.220446e-15,933.041561, 7.105427e-15,933.041561, 1.776357e-15,933.041561, -5.329071e-15,933.041561, -1.776357e-15,933.041561, -1.421085e-14,933.041561, 9.325873e-15,933.041561, -1.376677e-14,933.041561, -5.329071e-15,933.041561, -4.440892e-15,933.041561, 1.734723e-17,
945.041561, 1.776357e-15,945.041561, -2.220446e-15,945.041561, -1.776357e-15,945.041561, -8.881784e-15,945.041561, 2.664535e-15,945.041561, 1.776357e-15,945.041561, -1.776357e-15,945.041561, 4.440892e-16,945.041561, -6.217249e-15,945.041561, -4.218847e-15,945.041561, 4.662937e-15,945.041561, 1.734723e-17,
957.041561, -2.442491e-15,957.041561, -3.996803e-15,957.041561, -4.440892e-15,957.041561, 3.552714e-15,957.041561, -7.105427e-15,957.041561, 0.000000e+00,957.041561, 1.065814e-14,957.041561, 4.440892e-16,957.041561, 6.217249e-15,957.041561, -5.773160e-15,957.041561, 2.664535e-15,957.041561, 1.734723e-17,
969.041561, -3.330669e-15,969.041561, 5.773160e-15,969.041561, -9.769963e-15,969.041561, 1.776357e-15,969.041561, -8.881784e-16,969.041561, 1.776357e-15,969.041561, 1.776357e-15,969.041561, -2.220446e-15,969.041561, -2.664535e-15,969.041561, -5.551115e-15,969.041561, -2.220446e-16,969.041561, 1.734723e-17,
981.041561, 6.661338e-16,981.041561, -1.332268e-15,981.041561, 1.776357e-15,981.041561, -1.243450e-14,981.041561, -3.552714e-15,981.041561, 0.000000e+00,981.041561, 5.329071e-15,981.041561, 3.108624e-15,981.041561, -1.154632e-14,981.041561, -2.664535e-15,981.041561, -8.437695e-15,981.041561, 1.734723e-17,
993.041561, 7.245448e-06,993.041561, 4.961093e-06,993.041561, 1.117649e-06,993.041561, -3.064616e-06,993.041561, -6.257865e-06,993.041561, -7.448261e-06,993.041561, -6.257864e-06,993.041561, -3.064616e-06,993.041561, 1.117649e-06,993.041561, 4.961093e-06,993.041561, 7.245448e-06,993.041561, 1.009375e-02,
999.490000, 7.809948e-06,999.490000, 5.348928e-06,999.490000, 1.208244e-06,999.490000, -3.297465e-06,999.490000, -6.737669e-06,999.490000, -8.020128e-06,999.490000, -6.737669e-06,999.490000, -3.297465e-06,999.490000, 1.208244e-06,999.490000, 5.348928e-06,999.490000, 7.809948e-06,999.490000, 1.170625e-02,
999.500000, 1.418245e-15,999.500000, -8.697470e-15,999.500000, -3.115563e-15,999.500000, 2.155394e-16,999.500000, 3.963843e-16,999.500000, 1.876971e-15,999.500000, 4.020222e-16,999.500000, 2.233456e-16,999.500000, -3.116214e-15,999.500000, -8.746693e-15,999.500000, 1.463022e-15,999.500000, 1.833318e-17,
999.510000, 3.097782e-15,999.510000, -6.557472e-15,999.510000, -3.106890e-15,999.510000, -2.462440e-15,999.510000, 5.061056e-15,999.510000, -3.400925e-15,999.510000, 5.077969e-15,999.510000, -2.458103e-15,999.510000, -3.111443e-15,999.510000, -6.627619e-15,999.510000, 3.163810e-15,999.510000, -3.308511e-17,
999.520000, 4.589753e-15,999.520000, -4.549312e-15,999.520000, -3.137247e-15,999.520000, 9.155437e-15,999.520000, -4.301247e-15,999.520000, 5.717649e-15,999.520000, -4.283032e-15,999.520000, 9.155003e-15,999.520000, -3.123803e-15,999.520000, -4.651553e-15,999.520000, 4.674321e-15,999.520000, -8.450678e-17,
999.530000, 5.896325e-15,999.530000, -2.689038e-15,999.530000, 1.102547e-14,999.530000, -7.564262e-15,999.530000, 7.034304e-16,999.530000, -6.253678e-15,999.530000, 7.082009e-16,999.530000, -7.546481e-15,999.530000, 1.102959e-14,999.530000, -2.809059e-15,999.530000, 5.998565e-15,999.530000, 8.612292e-17,
999.540000, 7.001452e-15,999.540000, -9.465085e-16,999.540000, 1.094524e-14,999.540000, 4.216245e-15,999.540000, 5.886784e-15,999.540000, 3.269086e-15,999.540000, 5.907167e-15,999.540000, 4.214077e-15,999.540000, 1.096324e-14,999.540000, -1.080950e-15,999.540000, 7.113017e-15,999.540000, 3.470125e-17,
999.550000, 7.912291e-15,999.550000, 6.565928e-16,999.550000, 1.085677e-14,999.550000, 1.846613e-15,999.550000, 1.125749e-14,999.550000, -1.219511e-15,999.550000, 1.126139e-14,999.550000, 1.873501e-15,999.550000, 1.085265e-14,999.550000, 5.093582e-16,999.550000, 8.041528e-15,999.550000, -1.671704e-17,
999.560000, -5.578979e-15,999.560000, -1.207021e-14,999.560000, -3.505442e-15,999.560000, -4.007211e-16,999.560000, -1.165387e-14,999.560000, 8.714383e-15,999.560000, -1.163349e-14,999.560000, -3.998538e-16,999.560000, -3.477687e-15,999.560000, -1.225333e-14,999.560000, -5.431961e-15,999.560000, -6.813533e-17,
999.570000, -5.054117e-15,999.570000, 3.485493e-15,999.570000, -1.787459e-14,999.570000, -2.589508e-15,999.570000, -5.960510e-15,999.570000, -2.458971e-15,999.570000, -5.952704e-15,999.570000, -2.571728e-15,999.570000, -1.785724e-14,999.570000, 3.282097e-15,999.570000, -4.885849e-15,999.570000, 1.024910e-16,
999.580000, -4.724519e-15,999.580000, 4.719749e-15,999.580000, -3.881010e-15,999.580000, -4.681151e-15,999.580000, -9.627715e-17,999.580000, -6.333475e-15,999.580000, -1.023487e-16,999.580000, -4.649493e-15,999.580000, -3.854556e-15,999.580000, 4.485128e-15,999.580000, -4.538470e-15,999.580000, 5.107270e-17,
999.590000, -4.596150e-15,999.590000, 5.818263e-15,999.590000, -4.107825e-15,999.590000, 7.522628e-15,999.590000, -8.290243e-15,999.590000, 4.210174e-15,999.590000, -8.282004e-15,999.590000, 7.541277e-15,999.590000, -4.071613e-15,999.590000, 5.559897e-15,999.590000, -4.391561e-15,999.590000, -3.489776e-19,
999.600000, -4.648842e-15,999.600000, 6.777131e-15,999.600000, -4.373238e-15,999.600000, 5.605325e-15,999.600000, -2.096413e-15,999.600000, 7.389922e-16,999.600000, -2.090775e-15,999.600000, 5.618336e-15,999.600000, -4.328569e-15,999.600000, 6.501310e-15,999.600000, -4.430701e-15,999.600000, -5.176727e-17,
999.610000, 9.304515e-15,999.610000, -6.593684e-15,999.610000, 9.544449e-15,999.610000, 3.775626e-15,999.610000, 4.250940e-15,999.610000, 4.579670e-15,999.610000, 4.273491e-15,999.610000, 3.788636e-15,999.610000, 9.584130e-15,999.610000, -6.899971e-15,999.610000, 9.548894e-15,999.610000, -1.031856e-16,
999.620000, 8.869316e-15,999.620000, 8.301736e-15,999.620000, -4.972151e-15,999.620000, 2.004039e-15,999.620000, 1.080212e-14,999.620000, 1.502271e-15,999.620000, 1.080559e-14,999.620000, 2.026591e-15,999.620000, -4.928133e-15,999.620000, 7.976909e-15,999.620000, 9.127248e-15,999.620000, 6.744076e-17,
999.630000, 8.235383e-15,999.630000, 8.865087e-15,999.630000, 8.896529e-15,999.630000, 3.265617e-16,999.630000, 3.295975e-15,999.630000, -1.375636e-15,999.630000, 3.309852e-15,999.630000, 3.478121e-16,999.630000, 8.937079e-15,999.630000, 8.523347e-15,999.630000, 8.510337e-15,999.630000, 1.602248e-17,
999.640000, -6.802068e-15,999.640000, -4.913171e-15,999.640000, -5.682520e-15,999.640000, -1.271986e-15,999.640000, -4.035834e-15,999.640000, 3.054848e-15,999.640000, -4.025860e-15,999.640000, -1.242062e-15,999.640000, -5.633731e-15,999.640000, -5.290907e-15,999.640000, -6.504346e-15,999.640000, -3.539581e-17,
999.650000, -7.822627e-15,999.650000, -4.616533e-15,999.650000, 8.137588e-15,999.650000, -2.785966e-15,999.650000, -1.121152e-14,999.650000, 5.932754e-16,999.650000, -1.119287e-14,999.650000, -2.751271e-15,999.650000, 8.173366e-15,999.650000, -5.003376e-15,999.650000, -7.511353e-15,999.650000, -8.681749e-17,
999.660000, 5.175764e-15,999.660000, -4.446530e-15,999.660000, -6.508249e-15,999.660000, -4.202368e-15,999.660000, -4.004609e-15,999.660000, -1.667069e-15,999.660000, -3.994634e-15,999.660000, -4.185020e-15,999.660000, -6.436691e-15,999.660000, -4.874248e-15,999.660000, 5.509807e-15,999.660000, 8.380883e-17,
999.670000, 3.777360e-15,999.670000, -4.419642e-15,999.670000, 7.259384e-15,999.670000, -5.557620e-15,999.670000, 3.379241e-15,999.670000, -3.736594e-15,999.670000, 3.396589e-15,999.670000, -5.535069e-15,999.670000, 7.320967e-15,999.670000, -4.859503e-15,999.670000, 4.124197e-15,999.670000, 3.239054e-17,
999.680000, 2.179246e-15,999.680000, -4.513317e-15,999.680000, 6.775830e-15,999.680000, 7.384284e-15,999.680000, -3.274291e-15,999.680000, 1.505740e-15,999.680000, -3.274724e-15,999.680000, 7.423749e-15,999.680000, 6.846737e-15,999.680000, -4.992317e-15,999.680000, 2.552212e-15,999.680000, -1.902944e-17,
999.690000, 3.990948e-16,999.690000, 9.449256e-15,999.690000, 6.274928e-15,999.690000, 6.220718e-15,999.690000, 4.426147e-15,999.690000, -1.569925e-16,999.690000, 4.445663e-15,999.690000, 6.246739e-15,999.690000, 6.336511e-15,999.690000, 8.974483e-15,999.690000, 7.763972e-16,999.690000, -7.044773e-17,
999.700000, 1.261675e-14,999.700000, -5.103990e-15,999.700000, 5.724154e-15,999.700000, 5.129144e-15,999.700000, 1.232348e-14,999.700000, -1.629773e-15,999.700000, 1.233302e-14,999.700000, 5.155598e-15,999.700000, 5.807637e-15,999.700000, 8.588291e-15,999.700000, -1.190562e-15,999.700000, 1.001752e-16,
999.710000, -3.761531e-15,999.710000, -5.609228e-15,999.710000, -9.037042e-15,999.710000, -1.010737e-14,999.710000, -8.038709e-15,999.710000, -2.903927e-15,999.710000, -8.020060e-15,999.710000, -1.006356e-14,999.710000, -8.979796e-15,999.710000, -6.124008e-15,999.710000, -3.353004e-15,999.710000, 4.875860e-17,
999.720000, -6.128561e-15,999.720000, -6.225055e-15,999.720000, 4.561022e-15,999.720000, -1.102287e-14,999.720000, 1.830133e-16,999.720000, 3.143319e-15,999.720000, 2.003606e-16,999.720000, -1.099511e-14,999.720000, 4.645373e-15,999.720000, -6.771276e-15,999.720000, -5.702253e-15,999.720000, -2.657989e-18,
999.730000, -8.685977e-15,999.730000, 7.221437e-15,999.730000, -1.025785e-14,999.730000, 2.327565e-15,999.730000, -5.627443e-15,999.730000, 2.280294e-15,999.730000, -5.608361e-15,999.730000, 2.358357e-15,999.730000, -1.018283e-14,999.730000, 6.666325e-15,999.730000, -8.246225e-15,999.730000, -5.407967e-17,
999.740000, 2.762764e-15,999.740000, -7.854394e-15,999.740000, 3.282964e-15,999.740000, 1.577297e-15,999.740000, 2.928213e-15,999.740000, 1.624569e-15,999.740000, 2.946428e-15,999.740000, 1.608522e-15,999.740000, 3.371652e-15,999.740000, -8.446260e-15,999.740000, 3.225393e-15,999.740000, -1.054980e-16,
999.750000, -1.762913e-16,999.750000, 5.330155e-15,999.750000, 2.603386e-15,999.750000, 8.985868e-16,999.750000, -2.548309e-15,999.750000, 1.164867e-15,999.750000, -2.539201e-15,999.750000, 9.384854e-16,999.750000, 2.692508e-15,999.750000, 4.717364e-15,999.750000, 3.033598e-16,999.750000, 6.512498e-17,
999.760000, -3.319827e-15,999.760000, 4.193043e-15,999.760000, 1.889114e-15,999.760000, 1.451443e-14,999.760000, -7.863502e-15,999.760000, -6.197300e-15,999.760000, -7.846588e-15,999.760000, 1.454999e-14,999.760000, 1.982572e-15,999.760000, 3.562905e-15,999.760000, -2.827382e-15,999.760000, 1.370838e-17,
999.770000, 7.560359e-15,999.770000, 2.910866e-15,999.770000, 1.151856e-15,999.770000, 1.401266e-14,999.770000, 1.202163e-15,999.770000, -6.264954e-15,999.770000, 1.217776e-15,999.770000, 1.405777e-14,999.770000, 1.232087e-15,999.770000, 2.266091e-15,999.770000, 8.071343e-15,999.770000, -3.770821e-17,
999.780000, 4.038870e-15,999.780000, 1.571876e-14,999.780000, 3.621235e-16,999.780000, -6.019490e-16,999.780000, 1.043002e-14,999.780000, 8.088148e-15,999.780000, 1.044694e-14,999.780000, -5.746272e-16,999.780000, 4.770490e-16,999.780000, 1.503073e-14,999.780000, 4.571864e-15,999.780000, -8.912989e-17,
999.790000, 3.173460e-16,999.790000, -1.422972e-14,999.790000, -4.419208e-16,999.790000, -1.516322e-14,999.790000, 5.629178e-15,999.790000, 8.427287e-15,999.790000, 5.655632e-15,999.790000, -1.514110e-14,999.790000, -3.213575e-16,999.790000, -1.494074e-14,999.790000, 8.680123e-16,999.790000, 8.149643e-17,
999.800000, -3.585890e-15,999.800000, -1.701764e-15,999.800000, -1.254205e-15,999.800000, -1.544294e-14,999.800000, 1.006140e-15,999.800000, 1.863093e-15,999.800000, 1.016982e-15,999.800000, -1.539480e-14,999.800000, -1.147736e-15,999.800000, -2.430022e-15,999.800000, -3.017443e-15,999.800000, 3.007475e-17,
999.810000, -7.683524e-15,999.810000, 1.070064e-14,999.810000, -2.101184e-15,999.810000, -1.562465e-14,999.810000, 1.074661e-14,999.810000, 2.613361e-15,999.810000, 1.076483e-14,999.810000, -1.558909e-14,999.810000, -1.986475e-15,999.810000, 9.951350e-15,999.810000, -7.098163e-15,999.810000, -2.134184e-17,
999.820000, 2.228252e-15,999.820000, -5.431636e-15,999.820000, -2.981122e-15,999.820000, 1.267693e-14,999.820000, -7.741204e-15,999.820000, 3.540571e-15,999.820000, -7.720387e-15,999.820000, 1.272203e-14,999.820000, -2.864896e-15,999.820000, -6.210202e-15,999.820000, 2.832912e-15,999.820000, -7.276182e-17,
999.830000, -2.252755e-15,999.830000, 6.706007e-15,999.830000, -3.895755e-15,999.830000, 1.268213e-14,999.830000, 2.327132e-15,999.830000, -2.419072e-15,999.830000, 2.349683e-15,999.830000, 1.272246e-14,999.830000, -3.770638e-15,999.830000, 5.909444e-15,999.830000, -1.634435e-15,999.830000, 9.786449e-17,
999.840000, 7.274021e-15,999.840000, 4.520256e-15,999.840000, -4.849419e-15,999.840000, 1.277190e-14,999.840000, -1.640181e-15,999.840000, -1.073794e-15,999.840000, -1.616762e-15,999.840000, 1.280313e-14,999.840000, -4.716930e-15,999.840000, 3.694853e-15,999.840000, 7.917820e-15,999.840000, 4.644451e-17,
999.850000, 2.407363e-15,999.850000, 2.197461e-15,999.850000, 8.376112e-15,999.850000, 1.294104e-14,999.850000, 8.769895e-15,999.850000, 4.718448e-16,999.850000, 8.792880e-15,999.850000, 1.298527e-14,999.850000, 8.508385e-15,999.850000, 1.349615e-15,999.850000, 3.064606e-15,999.850000, -4.973777e-18,
999.860000, -1.611775e-15,999.860000, -5.875075e-15,999.860000, -1.980143e-14,999.860000, -2.353586e-15,999.860000, 3.330669e-16,999.860000, 6.931088e-15,999.860000, 3.426079e-16,999.860000, -2.348816e-15,999.860000, -1.981098e-14,999.860000, -5.905866e-15,999.860000, -1.576213e-15,999.860000, -5.639207e-17,
999.870000, -6.913198e-15,999.870000, -8.500145e-15,999.870000, 7.585946e-15,999.870000, -1.622183e-14,999.870000, -3.086073e-15,999.870000, 1.831001e-15,999.870000, -3.062654e-15,999.870000, -1.621836e-14,999.870000, 7.572502e-15,999.870000, -8.530069e-15,999.870000, -6.878395e-15,999.870000, -1.078104e-16,
999.880000, 1.803462e-15,999.880000, -1.126464e-14,999.880000, 6.528632e-15,999.880000, -1.579552e-14,999.880000, 7.888655e-15,999.880000, 4.028895e-15,999.880000, 7.898196e-15,999.880000, -1.579119e-14,999.880000, 6.511068e-15,999.880000, -1.127418e-14,999.880000, 1.826230e-15,999.880000, 6.281427e-17,
999.890000, -3.883937e-15,999.890000, 4.922278e-17,999.890000, 5.459608e-15,999.890000, -1.100248e-15,999.890000, -9.382252e-15,999.890000, 6.417609e-15,999.890000, -9.364471e-15,999.890000, -1.099815e-15,999.890000, 5.445731e-15,999.890000, 2.808084e-17,999.890000, -3.853363e-15,999.890000, 1.139429e-17,
999.900000, 4.451951e-15,999.900000, -2.978954e-15,999.900000, 4.349385e-15,999.900000, -5.091413e-16,999.900000, 1.916002e-15,999.900000, 9.025766e-15,999.900000, 1.930314e-15,999.900000, -5.009014e-16,999.900000, 4.327485e-15,999.900000, -2.991964e-15,999.900000, 4.478189e-15,999.900000, -4.002400e-17,
999.910000, -1.623267e-15,999.910000, 8.084462e-15,999.910000, 3.204034e-15,999.910000, 1.660998e-16,999.910000, -8.231263e-16,999.910000, -9.489805e-15,999.910000, -8.101159e-16,999.910000, 1.804112e-16,999.910000, 3.181049e-15,999.910000, 8.058116e-15,999.910000, -1.587814e-15,999.910000, -9.144229e-17,
999.920000, 6.321658e-15,999.920000, 4.806919e-15,999.920000, 2.027458e-15,999.920000, 9.267760e-16,999.920000, 1.081427e-14,999.920000, -6.493070e-15,999.920000, 1.083682e-14,999.920000, 9.311128e-16,999.920000, 2.008593e-15,999.920000, 4.785126e-15,999.920000, 6.352883e-15,999.920000, 7.918403e-17,
999.930000, -1.344411e-16,999.930000, 1.560275e-14,999.930000, 8.291978e-16,999.930000, 1.756841e-15,999.930000, 8.435093e-15,999.930000, -3.308985e-15,999.930000, 8.444200e-15,999.930000, 1.765948e-15,999.930000, 8.066464e-16,999.930000, 1.558541e-14,999.930000, -1.038666e-16,999.930000, 2.776405e-17,
999.940000, -6.786780e-15,999.940000, -2.138047e-15,999.940000, -1.463369e-14,999.940000, 2.698362e-15,999.940000, -8.013555e-15,999.940000, 7.892992e-17,999.940000, -7.986667e-15,999.940000, 2.694893e-15,999.940000, -1.464779e-14,999.940000, -2.155069e-15,999.940000, -6.760543e-15,999.940000, -2.365594e-17,
999.950000, 5.762535e-16,999.950000, -5.805252e-15,999.950000, -1.684850e-15,999.950000, -1.050375e-14,999.950000, -1.007788e-14,999.950000, -3.416538e-15,999.950000, -1.006790e-14,999.950000, -1.049551e-14,999.950000, -1.706534e-15,999.950000, -5.822491e-15,999.950000, 6.068280e-16,999.950000, -7.507253e-17,
999.960000, -6.453280e-15,999.960000, 4.600053e-15,999.960000, -2.976352e-15,999.960000, -9.415645e-15,999.960000, 2.242130e-15,999.960000, 3.755676e-16,999.960000, 2.259911e-15,999.960000, -9.415645e-15,999.960000, -2.994133e-15,999.960000, 4.586609e-15,999.960000, -6.426934e-15,999.960000, 9.555040e-17,
999.970000, 5.233444e-16,999.970000, 6.748074e-16,999.970000, -4.290839e-15,999.970000, 5.963112e-15,999.970000, 5.152129e-16,999.970000, 4.381912e-15,999.970000, 5.191160e-16,999.970000, 5.982194e-15,999.970000, -4.313390e-15,999.970000, 6.480276e-16,999.970000, 5.589062e-16,999.970000, 4.413380e-17,
999.980000, 7.323027e-15,999.980000, -3.397673e-15,999.980000, -5.644790e-15,999.980000, 7.229894e-15,999.980000, -1.045171e-15,999.980000, 8.576473e-15,999.980000, -1.030859e-15,999.980000, 7.238567e-15,999.980000, -5.666257e-15,999.980000, -3.415887e-15,999.980000, 7.354360e-15,999.980000, -7.286177e-18,
999.990000, -2.836273e-16,999.990000, 6.616235e-15,999.990000, 7.185658e-15,999.990000, -5.635683e-15,999.990000, 1.176750e-14,999.990000, -8.325805e-15,999.990000, 1.177357e-14,999.990000, -5.617902e-15,999.990000, 7.154650e-15,999.990000, 6.603442e-15,999.990000, -2.530528e-16,999.990000, -5.870447e-17,
1000.000000, 6.124658e-15,1000.000000, 2.291570e-15,1000.000000, 5.782701e-15,1000.000000, 9.997211e-15,1000.000000, -3.658532e-15,1000.000000, -3.747003e-15,1000.000000, -3.632945e-15,1000.000000, 9.992875e-15,1000.000000, 5.773377e-15,1000.000000, 2.261754e-15,1000.000000, 6.159461e-15,1000.000000, -1.101244e-16,
1000.010000, 1.234256e-14,1000.010000, -2.166886e-15,1000.010000, 4.344181e-15,1000.010000, 1.151596e-14,1000.010000, 9.496744e-15,1000.010000, 1.052977e-15,1000.010000, 9.505417e-15,1000.010000, 1.152464e-14,1000.010000, 4.326184e-15,1000.010000, -2.192257e-15,1000.010000, 1.237725e-14,1000.010000, 6.050187e-17,
