//t, S_Catchment (1), t, S_Catchment (2), t, S_Catchment (5), t, S_Catchment (4), t, S_Catchment (3), t, S_Catchment (6), t, S_Catchment (9), t, S_Catchment (7), t, S_Catchment (8), t, S_Pond (1), 
41151.000000, 0.000000e+000,41151.000000, 0.000000e+000,41151.000000, 0.000000e+000,41151.000000, 0.000000e+000,41151.000000, 0.000000e+000,41151.000000, 0.000000e+000,41151.000000, 0.000000e+000,41151.000000, 0.000000e+000,41151.000000, 0.000000e+000,41151.000000, 0.000000e+000,
41151.000000, 0.000000e+000,41151.000000, 0.000000e+000,41151.000000, 0.000000e+000,41151.000000, 0.000000e+000,41151.000000, 0.000000e+000,41151.000000, 0.000000e+000,41151.000000, 0.000000e+000,41151.000000, 0.000000e+000,41151.000000, 0.000000e+000,41151.000000, 0.000000e+000,
41151.000000, 0.000000e+000,41151.000000, 0.000000e+000,41151.000000, 0.000000e+000,41151.000000, 0.000000e+000,41151.000000, 0.000000e+000,41151.000000, 0.000000e+000,41151.000000, 0.000000e+000,41151.000000, 0.000000e+000,41151.000000, 0.000000e+000,41151.000000, 0.000000e+000,
41151.000110, 0.000000e+000,41151.000110, 0.000000e+000,41151.000110, 0.000000e+000,41151.000110, 0.000000e+000,41151.000110, 0.000000e+000,41151.000110, 0.000000e+000,41151.000110, 0.000000e+000,41151.000110, 0.000000e+000,41151.000110, 0.000000e+000,41151.000110, 0.000000e+000,
41151.000231, 0.000000e+000,41151.000231, 0.000000e+000,41151.000231, 0.000000e+000,41151.000231, 0.000000e+000,41151.000231, 0.000000e+000,41151.000231, 0.000000e+000,41151.000231, 0.000000e+000,41151.000231, 0.000000e+000,41151.000231, 0.000000e+000,41151.000231, 0.000000e+000,
41151.000364, 0.000000e+000,41151.000364, 0.000000e+000,41151.000364, 0.000000e+000,41151.000364, 0.000000e+000,41151.000364, 0.000000e+000,41151.000364, 0.000000e+000,41151.000364, 0.000000e+000,41151.000364, 0.000000e+000,41151.000364, 0.000000e+000,41151.000364, 0.000000e+000,
41151.000511, 0.000000e+000,41151.000511, 0.000000e+000,41151.000511, 0.000000e+000,41151.000511, 0.000000e+000,41151.000511, 0.000000e+000,41151.000511, 0.000000e+000,41151.000511, 0.000000e+000,41151.000511, 0.000000e+000,41151.000511, 0.000000e+000,41151.000511, 0.000000e+000,
41151.000672, 0.000000e+000,41151.000672, 0.000000e+000,41151.000672, 0.000000e+000,41151.000672, 0.000000e+000,41151.000672, 0.000000e+000,41151.000672, 0.000000e+000,41151.000672, 0.000000e+000,41151.000672, 0.000000e+000,41151.000672, 0.000000e+000,41151.000672, 0.000000e+000,
41151.000849, 0.000000e+000,41151.000849, 0.000000e+000,41151.000849, 0.000000e+000,41151.000849, 0.000000e+000,41151.000849, 0.000000e+000,41151.000849, 0.000000e+000,41151.000849, 0.000000e+000,41151.000849, 0.000000e+000,41151.000849, 0.000000e+000,41151.000849, 0.000000e+000,
41151.001044, 0.000000e+000,41151.001044, 0.000000e+000,41151.001044, 0.000000e+000,41151.001044, 0.000000e+000,41151.001044, 0.000000e+000,41151.001044, 0.000000e+000,41151.001044, 0.000000e+000,41151.001044, 0.000000e+000,41151.001044, 0.000000e+000,41151.001044, 0.000000e+000,
41151.001258, 0.000000e+000,41151.001258, 0.000000e+000,41151.001258, 0.000000e+000,41151.001258, 0.000000e+000,41151.001258, 0.000000e+000,41151.001258, 0.000000e+000,41151.001258, 0.000000e+000,41151.001258, 0.000000e+000,41151.001258, 0.000000e+000,41151.001258, 0.000000e+000,
41151.001494, 0.000000e+000,41151.001494, 0.000000e+000,41151.001494, 0.000000e+000,41151.001494, 0.000000e+000,41151.001494, 0.000000e+000,41151.001494, 0.000000e+000,41151.001494, 0.000000e+000,41151.001494, 0.000000e+000,41151.001494, 0.000000e+000,41151.001494, 0.000000e+000,
41151.001753, 0.000000e+000,41151.001753, 0.000000e+000,41151.001753, 0.000000e+000,41151.001753, 0.000000e+000,41151.001753, 0.000000e+000,41151.001753, 0.000000e+000,41151.001753, 0.000000e+000,41151.001753, 0.000000e+000,41151.001753, 0.000000e+000,41151.001753, 0.000000e+000,
41151.002038, 0.000000e+000,41151.002038, 0.000000e+000,41151.002038, 0.000000e+000,41151.002038, 0.000000e+000,41151.002038, 0.000000e+000,41151.002038, 0.000000e+000,41151.002038, 0.000000e+000,41151.002038, 0.000000e+000,41151.002038, 0.000000e+000,41151.002038, 0.000000e+000,
41151.002352, 0.000000e+000,41151.002352, 0.000000e+000,41151.002352, 0.000000e+000,41151.002352, 0.000000e+000,41151.002352, 0.000000e+000,41151.002352, 0.000000e+000,41151.002352, 0.000000e+000,41151.002352, 0.000000e+000,41151.002352, 0.000000e+000,41151.002352, 0.000000e+000,
41151.002697, 0.000000e+000,41151.002697, 0.000000e+000,41151.002697, 0.000000e+000,41151.002697, 0.000000e+000,41151.002697, 0.000000e+000,41151.002697, 0.000000e+000,41151.002697, 0.000000e+000,41151.002697, 0.000000e+000,41151.002697, 0.000000e+000,41151.002697, 0.000000e+000,
41151.003077, 0.000000e+000,41151.003077, 0.000000e+000,41151.003077, 0.000000e+000,41151.003077, 0.000000e+000,41151.003077, 0.000000e+000,41151.003077, 0.000000e+000,41151.003077, 0.000000e+000,41151.003077, 0.000000e+000,41151.003077, 0.000000e+000,41151.003077, 0.000000e+000,
41151.003495, 0.000000e+000,41151.003495, 0.000000e+000,41151.003495, 0.000000e+000,41151.003495, 0.000000e+000,41151.003495, 0.000000e+000,41151.003495, 0.000000e+000,41151.003495, 0.000000e+000,41151.003495, 0.000000e+000,41151.003495, 0.000000e+000,41151.003495, 0.000000e+000,
41151.003954, 0.000000e+000,41151.003954, 0.000000e+000,41151.003954, 0.000000e+000,41151.003954, 0.000000e+000,41151.003954, 0.000000e+000,41151.003954, 0.000000e+000,41151.003954, 0.000000e+000,41151.003954, 0.000000e+000,41151.003954, 0.000000e+000,41151.003954, 0.000000e+000,
41151.004460, 0.000000e+000,41151.004460, 0.000000e+000,41151.004460, 0.000000e+000,41151.004460, 0.000000e+000,41151.004460, 0.000000e+000,41151.004460, 0.000000e+000,41151.004460, 0.000000e+000,41151.004460, 0.000000e+000,41151.004460, 0.000000e+000,41151.004460, 0.000000e+000,
41151.005016, 0.000000e+000,41151.005016, 0.000000e+000,41151.005016, 0.000000e+000,41151.005016, 0.000000e+000,41151.005016, 0.000000e+000,41151.005016, 0.000000e+000,41151.005016, 0.000000e+000,41151.005016, 0.000000e+000,41151.005016, 0.000000e+000,41151.005016, 0.000000e+000,
41151.005627, 0.000000e+000,41151.005627, 0.000000e+000,41151.005627, 0.000000e+000,41151.005627, 0.000000e+000,41151.005627, 0.000000e+000,41151.005627, 0.000000e+000,41151.005627, 0.000000e+000,41151.005627, 0.000000e+000,41151.005627, 0.000000e+000,41151.005627, 0.000000e+000,
41151.006300, 0.000000e+000,41151.006300, 0.000000e+000,41151.006300, 0.000000e+000,41151.006300, 0.000000e+000,41151.006300, 0.000000e+000,41151.006300, 0.000000e+000,41151.006300, 0.000000e+000,41151.006300, 0.000000e+000,41151.006300, 0.000000e+000,41151.006300, 0.000000e+000,
41151.007040, 0.000000e+000,41151.007040, 0.000000e+000,41151.007040, 0.000000e+000,41151.007040, 0.000000e+000,41151.007040, 0.000000e+000,41151.007040, 0.000000e+000,41151.007040, 0.000000e+000,41151.007040, 0.000000e+000,41151.007040, 0.000000e+000,41151.007040, 0.000000e+000,
41151.007854, 0.000000e+000,41151.007854, 0.000000e+000,41151.007854, 0.000000e+000,41151.007854, 0.000000e+000,41151.007854, 0.000000e+000,41151.007854, 0.000000e+000,41151.007854, 0.000000e+000,41151.007854, 0.000000e+000,41151.007854, 0.000000e+000,41151.007854, 0.000000e+000,
41151.007854, 0.000000e+000,41151.007854, 0.000000e+000,41151.007854, 0.000000e+000,41151.007854, 0.000000e+000,41151.007854, 0.000000e+000,41151.007854, 0.000000e+000,41151.007854, 0.000000e+000,41151.007854, 0.000000e+000,41151.007854, 0.000000e+000,41151.007854, 0.000000e+000,
41151.007956, 0.000000e+000,41151.007956, 0.000000e+000,41151.007956, 0.000000e+000,41151.007956, 0.000000e+000,41151.007956, 0.000000e+000,41151.007956, 0.000000e+000,41151.007956, 0.000000e+000,41151.007956, 0.000000e+000,41151.007956, 0.000000e+000,41151.007956, 0.000000e+000,
41151.008083, 0.000000e+000,41151.008083, 0.000000e+000,41151.008083, 0.000000e+000,41151.008083, 0.000000e+000,41151.008083, 0.000000e+000,41151.008083, 0.000000e+000,41151.008083, 0.000000e+000,41151.008083, 0.000000e+000,41151.008083, 0.000000e+000,41151.008083, 0.000000e+000,
41151.008242, 0.000000e+000,41151.008242, 0.000000e+000,41151.008242, 0.000000e+000,41151.008242, 0.000000e+000,41151.008242, 0.000000e+000,41151.008242, 0.000000e+000,41151.008242, 0.000000e+000,41151.008242, 0.000000e+000,41151.008242, 0.000000e+000,41151.008242, 0.000000e+000,
41151.008441, 0.000000e+000,41151.008441, 0.000000e+000,41151.008441, 0.000000e+000,41151.008441, 0.000000e+000,41151.008441, 0.000000e+000,41151.008441, 0.000000e+000,41151.008441, 0.000000e+000,41151.008441, 0.000000e+000,41151.008441, 0.000000e+000,41151.008441, 0.000000e+000,
41151.008689, 0.000000e+000,41151.008689, 0.000000e+000,41151.008689, 0.000000e+000,41151.008689, 0.000000e+000,41151.008689, 0.000000e+000,41151.008689, 0.000000e+000,41151.008689, 0.000000e+000,41151.008689, 0.000000e+000,41151.008689, 0.000000e+000,41151.008689, 0.000000e+000,
41151.009000, 0.000000e+000,41151.009000, 0.000000e+000,41151.009000, 0.000000e+000,41151.009000, 0.000000e+000,41151.009000, 0.000000e+000,41151.009000, 0.000000e+000,41151.009000, 0.000000e+000,41151.009000, 0.000000e+000,41151.009000, 0.000000e+000,41151.009000, 0.000000e+000,
41151.009388, 0.000000e+000,41151.009388, 0.000000e+000,41151.009388, 0.000000e+000,41151.009388, 0.000000e+000,41151.009388, 0.000000e+000,41151.009388, 0.000000e+000,41151.009388, 0.000000e+000,41151.009388, 0.000000e+000,41151.009388, 0.000000e+000,41151.009388, 0.000000e+000,
41151.009815, 0.000000e+000,41151.009815, 0.000000e+000,41151.009815, 0.000000e+000,41151.009815, 0.000000e+000,41151.009815, 0.000000e+000,41151.009815, 0.000000e+000,41151.009815, 0.000000e+000,41151.009815, 0.000000e+000,41151.009815, 0.000000e+000,41151.009815, 0.000000e+000,
41151.010285, 0.000000e+000,41151.010285, 0.000000e+000,41151.010285, 0.000000e+000,41151.010285, 0.000000e+000,41151.010285, 0.000000e+000,41151.010285, 0.000000e+000,41151.010285, 0.000000e+000,41151.010285, 0.000000e+000,41151.010285, 0.000000e+000,41151.010285, 0.000000e+000,
41151.010801, 0.000000e+000,41151.010801, 0.000000e+000,41151.010801, 0.000000e+000,41151.010801, 0.000000e+000,41151.010801, 0.000000e+000,41151.010801, 0.000000e+000,41151.010801, 0.000000e+000,41151.010801, 0.000000e+000,41151.010801, 0.000000e+000,41151.010801, 0.000000e+000,
41151.011370, 0.000000e+000,41151.011370, 0.000000e+000,41151.011370, 0.000000e+000,41151.011370, 0.000000e+000,41151.011370, 0.000000e+000,41151.011370, 0.000000e+000,41151.011370, 0.000000e+000,41151.011370, 0.000000e+000,41151.011370, 0.000000e+000,41151.011370, 0.000000e+000,
41151.011995, 0.000000e+000,41151.011995, 0.000000e+000,41151.011995, 0.000000e+000,41151.011995, 0.000000e+000,41151.011995, 0.000000e+000,41151.011995, 0.000000e+000,41151.011995, 0.000000e+000,41151.011995, 0.000000e+000,41151.011995, 0.000000e+000,41151.011995, 0.000000e+000,
41151.012682, 0.000000e+000,41151.012682, 0.000000e+000,41151.012682, 0.000000e+000,41151.012682, 0.000000e+000,41151.012682, 0.000000e+000,41151.012682, 0.000000e+000,41151.012682, 0.000000e+000,41151.012682, 0.000000e+000,41151.012682, 0.000000e+000,41151.012682, 0.000000e+000,
41151.013439, 0.000000e+000,41151.013439, 0.000000e+000,41151.013439, 0.000000e+000,41151.013439, 0.000000e+000,41151.013439, 0.000000e+000,41151.013439, 0.000000e+000,41151.013439, 0.000000e+000,41151.013439, 0.000000e+000,41151.013439, 0.000000e+000,41151.013439, 0.000000e+000,
41151.014271, 0.000000e+000,41151.014271, 0.000000e+000,41151.014271, 0.000000e+000,41151.014271, 0.000000e+000,41151.014271, 0.000000e+000,41151.014271, 0.000000e+000,41151.014271, 0.000000e+000,41151.014271, 0.000000e+000,41151.014271, 0.000000e+000,41151.014271, 0.000000e+000,
41151.015186, 0.000000e+000,41151.015186, 0.000000e+000,41151.015186, 0.000000e+000,41151.015186, 0.000000e+000,41151.015186, 0.000000e+000,41151.015186, 0.000000e+000,41151.015186, 0.000000e+000,41151.015186, 0.000000e+000,41151.015186, 0.000000e+000,41151.015186, 0.000000e+000,
41151.016193, 0.000000e+000,41151.016193, 0.000000e+000,41151.016193, 0.000000e+000,41151.016193, 0.000000e+000,41151.016193, 0.000000e+000,41151.016193, 0.000000e+000,41151.016193, 0.000000e+000,41151.016193, 0.000000e+000,41151.016193, 0.000000e+000,41151.016193, 0.000000e+000,
41151.017300, 0.000000e+000,41151.017300, 0.000000e+000,41151.017300, 0.000000e+000,41151.017300, 0.000000e+000,41151.017300, 0.000000e+000,41151.017300, 0.000000e+000,41151.017300, 0.000000e+000,41151.017300, 0.000000e+000,41151.017300, 0.000000e+000,41151.017300, 0.000000e+000,
41151.018519, 0.000000e+000,41151.018519, 0.000000e+000,41151.018519, 0.000000e+000,41151.018519, 0.000000e+000,41151.018519, 0.000000e+000,41151.018519, 0.000000e+000,41151.018519, 0.000000e+000,41151.018519, 0.000000e+000,41151.018519, 0.000000e+000,41151.018519, 0.000000e+000,
41151.019859, 0.000000e+000,41151.019859, 0.000000e+000,41151.019859, 0.000000e+000,41151.019859, 0.000000e+000,41151.019859, 0.000000e+000,41151.019859, 0.000000e+000,41151.019859, 0.000000e+000,41151.019859, 0.000000e+000,41151.019859, 0.000000e+000,41151.019859, 0.000000e+000,
41151.021333, 0.000000e+000,41151.021333, 0.000000e+000,41151.021333, 0.000000e+000,41151.021333, 0.000000e+000,41151.021333, 0.000000e+000,41151.021333, 0.000000e+000,41151.021333, 0.000000e+000,41151.021333, 0.000000e+000,41151.021333, 0.000000e+000,41151.021333, 0.000000e+000,
41151.022954, 0.000000e+000,41151.022954, 0.000000e+000,41151.022954, 0.000000e+000,41151.022954, 0.000000e+000,41151.022954, 0.000000e+000,41151.022954, 0.000000e+000,41151.022954, 0.000000e+000,41151.022954, 0.000000e+000,41151.022954, 0.000000e+000,41151.022954, 0.000000e+000,
41151.024738, 0.000000e+000,41151.024738, 0.000000e+000,41151.024738, 0.000000e+000,41151.024738, 0.000000e+000,41151.024738, 0.000000e+000,41151.024738, 0.000000e+000,41151.024738, 0.000000e+000,41151.024738, 0.000000e+000,41151.024738, 0.000000e+000,41151.024738, 0.000000e+000,
41151.026700, 0.000000e+000,41151.026700, 0.000000e+000,41151.026700, 0.000000e+000,41151.026700, 0.000000e+000,41151.026700, 0.000000e+000,41151.026700, 0.000000e+000,41151.026700, 0.000000e+000,41151.026700, 0.000000e+000,41151.026700, 0.000000e+000,41151.026700, 0.000000e+000,
41151.028858, 0.000000e+000,41151.028858, 0.000000e+000,41151.028858, 0.000000e+000,41151.028858, 0.000000e+000,41151.028858, 0.000000e+000,41151.028858, 0.000000e+000,41151.028858, 0.000000e+000,41151.028858, 0.000000e+000,41151.028858, 0.000000e+000,41151.028858, 0.000000e+000,
41151.031232, 0.000000e+000,41151.031232, 0.000000e+000,41151.031232, 0.000000e+000,41151.031232, 0.000000e+000,41151.031232, 0.000000e+000,41151.031232, 0.000000e+000,41151.031232, 0.000000e+000,41151.031232, 0.000000e+000,41151.031232, 0.000000e+000,41151.031232, 0.000000e+000,
41151.033843, 0.000000e+000,41151.033843, 0.000000e+000,41151.033843, 0.000000e+000,41151.033843, 0.000000e+000,41151.033843, 0.000000e+000,41151.033843, 0.000000e+000,41151.033843, 0.000000e+000,41151.033843, 0.000000e+000,41151.033843, 0.000000e+000,41151.033843, 0.000000e+000,
41151.036716, 0.000000e+000,41151.036716, 0.000000e+000,41151.036716, 0.000000e+000,41151.036716, 0.000000e+000,41151.036716, 0.000000e+000,41151.036716, 0.000000e+000,41151.036716, 0.000000e+000,41151.036716, 0.000000e+000,41151.036716, 0.000000e+000,41151.036716, 0.000000e+000,
41151.039875, 0.000000e+000,41151.039875, 0.000000e+000,41151.039875, 0.000000e+000,41151.039875, 0.000000e+000,41151.039875, 0.000000e+000,41151.039875, 0.000000e+000,41151.039875, 0.000000e+000,41151.039875, 0.000000e+000,41151.039875, 0.000000e+000,41151.039875, 0.000000e+000,
41151.043351, 0.000000e+000,41151.043351, 0.000000e+000,41151.043351, 0.000000e+000,41151.043351, 0.000000e+000,41151.043351, 0.000000e+000,41151.043351, 0.000000e+000,41151.043351, 0.000000e+000,41151.043351, 0.000000e+000,41151.043351, 0.000000e+000,41151.043351, 0.000000e+000,
41151.047174, 0.000000e+000,41151.047174, 0.000000e+000,41151.047174, 0.000000e+000,41151.047174, 0.000000e+000,41151.047174, 0.000000e+000,41151.047174, 0.000000e+000,41151.047174, 0.000000e+000,41151.047174, 0.000000e+000,41151.047174, 0.000000e+000,41151.047174, 0.000000e+000,
41151.051380, 0.000000e+000,41151.051380, 0.000000e+000,41151.051380, 0.000000e+000,41151.051380, 0.000000e+000,41151.051380, 0.000000e+000,41151.051380, 0.000000e+000,41151.051380, 0.000000e+000,41151.051380, 0.000000e+000,41151.051380, 0.000000e+000,41151.051380, 0.000000e+000,
41151.056006, 0.000000e+000,41151.056006, 0.000000e+000,41151.056006, 0.000000e+000,41151.056006, 0.000000e+000,41151.056006, 0.000000e+000,41151.056006, 0.000000e+000,41151.056006, 0.000000e+000,41151.056006, 0.000000e+000,41151.056006, 0.000000e+000,41151.056006, 0.000000e+000,
41151.061095, 0.000000e+000,41151.061095, 0.000000e+000,41151.061095, 0.000000e+000,41151.061095, 0.000000e+000,41151.061095, 0.000000e+000,41151.061095, 0.000000e+000,41151.061095, 0.000000e+000,41151.061095, 0.000000e+000,41151.061095, 0.000000e+000,41151.061095, 0.000000e+000,
41151.066692, 0.000000e+000,41151.066692, 0.000000e+000,41151.066692, 0.000000e+000,41151.066692, 0.000000e+000,41151.066692, 0.000000e+000,41151.066692, 0.000000e+000,41151.066692, 0.000000e+000,41151.066692, 0.000000e+000,41151.066692, 0.000000e+000,41151.066692, 0.000000e+000,
41151.072850, 0.000000e+000,41151.072850, 0.000000e+000,41151.072850, 0.000000e+000,41151.072850, 0.000000e+000,41151.072850, 0.000000e+000,41151.072850, 0.000000e+000,41151.072850, 0.000000e+000,41151.072850, 0.000000e+000,41151.072850, 0.000000e+000,41151.072850, 0.000000e+000,
41151.079623, 0.000000e+000,41151.079623, 0.000000e+000,41151.079623, 0.000000e+000,41151.079623, 0.000000e+000,41151.079623, 0.000000e+000,41151.079623, 0.000000e+000,41151.079623, 0.000000e+000,41151.079623, 0.000000e+000,41151.079623, 0.000000e+000,41151.079623, 0.000000e+000,
41151.087073, 0.000000e+000,41151.087073, 0.000000e+000,41151.087073, 0.000000e+000,41151.087073, 0.000000e+000,41151.087073, 0.000000e+000,41151.087073, 0.000000e+000,41151.087073, 0.000000e+000,41151.087073, 0.000000e+000,41151.087073, 0.000000e+000,41151.087073, 0.000000e+000,
41151.095269, 0.000000e+000,41151.095269, 0.000000e+000,41151.095269, 0.000000e+000,41151.095269, 0.000000e+000,41151.095269, 0.000000e+000,41151.095269, 0.000000e+000,41151.095269, 0.000000e+000,41151.095269, 0.000000e+000,41151.095269, 0.000000e+000,41151.095269, 0.000000e+000,
41151.104284, 0.000000e+000,41151.104284, 0.000000e+000,41151.104284, 0.000000e+000,41151.104284, 0.000000e+000,41151.104284, 0.000000e+000,41151.104284, 0.000000e+000,41151.104284, 0.000000e+000,41151.104284, 0.000000e+000,41151.104284, 0.000000e+000,41151.104284, 0.000000e+000,
41151.114200, 0.000000e+000,41151.114200, 0.000000e+000,41151.114200, 0.000000e+000,41151.114200, 0.000000e+000,41151.114200, 0.000000e+000,41151.114200, 0.000000e+000,41151.114200, 0.000000e+000,41151.114200, 0.000000e+000,41151.114200, 0.000000e+000,41151.114200, 0.000000e+000,
41151.125109, 0.000000e+000,41151.125109, 0.000000e+000,41151.125109, 0.000000e+000,41151.125109, 0.000000e+000,41151.125109, 0.000000e+000,41151.125109, 0.000000e+000,41151.125109, 0.000000e+000,41151.125109, 0.000000e+000,41151.125109, 0.000000e+000,41151.125109, 0.000000e+000,
41151.137108, 0.000000e+000,41151.137108, 0.000000e+000,41151.137108, 0.000000e+000,41151.137108, 0.000000e+000,41151.137108, 0.000000e+000,41151.137108, 0.000000e+000,41151.137108, 0.000000e+000,41151.137108, 0.000000e+000,41151.137108, 0.000000e+000,41151.137108, 0.000000e+000,
41151.150306, 0.000000e+000,41151.150306, 0.000000e+000,41151.150306, 0.000000e+000,41151.150306, 0.000000e+000,41151.150306, 0.000000e+000,41151.150306, 0.000000e+000,41151.150306, 0.000000e+000,41151.150306, 0.000000e+000,41151.150306, 0.000000e+000,41151.150306, 0.000000e+000,
41151.164825, 0.000000e+000,41151.164825, 0.000000e+000,41151.164825, 0.000000e+000,41151.164825, 0.000000e+000,41151.164825, 0.000000e+000,41151.164825, 0.000000e+000,41151.164825, 0.000000e+000,41151.164825, 0.000000e+000,41151.164825, 0.000000e+000,41151.164825, 0.000000e+000,
41151.180796, 0.000000e+000,41151.180796, 0.000000e+000,41151.180796, 0.000000e+000,41151.180796, 0.000000e+000,41151.180796, 0.000000e+000,41151.180796, 0.000000e+000,41151.180796, 0.000000e+000,41151.180796, 0.000000e+000,41151.180796, 0.000000e+000,41151.180796, 0.000000e+000,
41151.198364, 0.000000e+000,41151.198364, 0.000000e+000,41151.198364, 0.000000e+000,41151.198364, 0.000000e+000,41151.198364, 0.000000e+000,41151.198364, 0.000000e+000,41151.198364, 0.000000e+000,41151.198364, 0.000000e+000,41151.198364, 0.000000e+000,41151.198364, 0.000000e+000,
41151.217688, 0.000000e+000,41151.217688, 0.000000e+000,41151.217688, 0.000000e+000,41151.217688, 0.000000e+000,41151.217688, 0.000000e+000,41151.217688, 0.000000e+000,41151.217688, 0.000000e+000,41151.217688, 0.000000e+000,41151.217688, 0.000000e+000,41151.217688, 0.000000e+000,
41151.238945, 0.000000e+000,41151.238945, 0.000000e+000,41151.238945, 0.000000e+000,41151.238945, 0.000000e+000,41151.238945, 0.000000e+000,41151.238945, 0.000000e+000,41151.238945, 0.000000e+000,41151.238945, 0.000000e+000,41151.238945, 0.000000e+000,41151.238945, 0.000000e+000,
41151.262328, 0.000000e+000,41151.262328, 0.000000e+000,41151.262328, 0.000000e+000,41151.262328, 0.000000e+000,41151.262328, 0.000000e+000,41151.262328, 0.000000e+000,41151.262328, 0.000000e+000,41151.262328, 0.000000e+000,41151.262328, 0.000000e+000,41151.262328, 0.000000e+000,
41151.288049, 0.000000e+000,41151.288049, 0.000000e+000,41151.288049, 0.000000e+000,41151.288049, 0.000000e+000,41151.288049, 0.000000e+000,41151.288049, 0.000000e+000,41151.288049, 0.000000e+000,41151.288049, 0.000000e+000,41151.288049, 0.000000e+000,41151.288049, 0.000000e+000,
41151.316342, 0.000000e+000,41151.316342, 0.000000e+000,41151.316342, 0.000000e+000,41151.316342, 0.000000e+000,41151.316342, 0.000000e+000,41151.316342, 0.000000e+000,41151.316342, 0.000000e+000,41151.316342, 0.000000e+000,41151.316342, 0.000000e+000,41151.316342, 0.000000e+000,
41151.347464, 0.000000e+000,41151.347464, 0.000000e+000,41151.347464, 0.000000e+000,41151.347464, 0.000000e+000,41151.347464, 0.000000e+000,41151.347464, 0.000000e+000,41151.347464, 0.000000e+000,41151.347464, 0.000000e+000,41151.347464, 0.000000e+000,41151.347464, 0.000000e+000,
41151.381699, 0.000000e+000,41151.381699, 0.000000e+000,41151.381699, 0.000000e+000,41151.381699, 0.000000e+000,41151.381699, 0.000000e+000,41151.381699, 0.000000e+000,41151.381699, 0.000000e+000,41151.381699, 0.000000e+000,41151.381699, 0.000000e+000,41151.381699, 0.000000e+000,
41151.419357, 0.000000e+000,41151.419357, 0.000000e+000,41151.419357, 0.000000e+000,41151.419357, 0.000000e+000,41151.419357, 0.000000e+000,41151.419357, 0.000000e+000,41151.419357, 0.000000e+000,41151.419357, 0.000000e+000,41151.419357, 0.000000e+000,41151.419357, 0.000000e+000,
41151.460781, 0.000000e+000,41151.460781, 0.000000e+000,41151.460781, 0.000000e+000,41151.460781, 0.000000e+000,41151.460781, 0.000000e+000,41151.460781, 0.000000e+000,41151.460781, 0.000000e+000,41151.460781, 0.000000e+000,41151.460781, 0.000000e+000,41151.460781, 0.000000e+000,
41151.506347, 0.000000e+000,41151.506347, 0.000000e+000,41151.506347, 0.000000e+000,41151.506347, 0.000000e+000,41151.506347, 0.000000e+000,41151.506347, 0.000000e+000,41151.506347, 0.000000e+000,41151.506347, 0.000000e+000,41151.506347, 0.000000e+000,41151.506347, 0.000000e+000,
41151.556470, 0.000000e+000,41151.556470, 0.000000e+000,41151.556470, 0.000000e+000,41151.556470, 0.000000e+000,41151.556470, 0.000000e+000,41151.556470, 0.000000e+000,41151.556470, 0.000000e+000,41151.556470, 0.000000e+000,41151.556470, 0.000000e+000,41151.556470, 0.000000e+000,
41151.611605, 0.000000e+000,41151.611605, 0.000000e+000,41151.611605, 0.000000e+000,41151.611605, 0.000000e+000,41151.611605, 0.000000e+000,41151.611605, 0.000000e+000,41151.611605, 0.000000e+000,41151.611605, 0.000000e+000,41151.611605, 0.000000e+000,41151.611605, 0.000000e+000,
41151.672254, 0.000000e+000,41151.672254, 0.000000e+000,41151.672254, 0.000000e+000,41151.672254, 0.000000e+000,41151.672254, 0.000000e+000,41151.672254, 0.000000e+000,41151.672254, 0.000000e+000,41151.672254, 0.000000e+000,41151.672254, 0.000000e+000,41151.672254, 0.000000e+000,
41151.738968, 0.000000e+000,41151.738968, 0.000000e+000,41151.738968, 0.000000e+000,41151.738968, 0.000000e+000,41151.738968, 0.000000e+000,41151.738968, 0.000000e+000,41151.738968, 0.000000e+000,41151.738968, 0.000000e+000,41151.738968, 0.000000e+000,41151.738968, 0.000000e+000,
41151.812353, 0.000000e+000,41151.812353, 0.000000e+000,41151.812353, 0.000000e+000,41151.812353, 0.000000e+000,41151.812353, 0.000000e+000,41151.812353, 0.000000e+000,41151.812353, 0.000000e+000,41151.812353, 0.000000e+000,41151.812353, 0.000000e+000,41151.812353, 0.000000e+000,
41151.893076, 0.000000e+000,41151.893076, 0.000000e+000,41151.893076, 0.000000e+000,41151.893076, 0.000000e+000,41151.893076, 0.000000e+000,41151.893076, 0.000000e+000,41151.893076, 0.000000e+000,41151.893076, 0.000000e+000,41151.893076, 0.000000e+000,41151.893076, 0.000000e+000,
41151.981872, 0.000000e+000,41151.981872, 0.000000e+000,41151.981872, 0.000000e+000,41151.981872, 0.000000e+000,41151.981872, 0.000000e+000,41151.981872, 0.000000e+000,41151.981872, 0.000000e+000,41151.981872, 0.000000e+000,41151.981872, 0.000000e+000,41151.981872, 0.000000e+000,
41152.079547, 0.000000e+000,41152.079547, 0.000000e+000,41152.079547, 0.000000e+000,41152.079547, 0.000000e+000,41152.079547, 0.000000e+000,41152.079547, 0.000000e+000,41152.079547, 0.000000e+000,41152.079547, 0.000000e+000,41152.079547, 0.000000e+000,41152.079547, 0.000000e+000,
41152.186990, 0.000000e+000,41152.186990, 0.000000e+000,41152.186990, 0.000000e+000,41152.186990, 0.000000e+000,41152.186990, 0.000000e+000,41152.186990, 0.000000e+000,41152.186990, 0.000000e+000,41152.186990, 0.000000e+000,41152.186990, 0.000000e+000,41152.186990, 0.000000e+000,
41152.305177, 0.000000e+000,41152.305177, 0.000000e+000,41152.305177, 0.000000e+000,41152.305177, 0.000000e+000,41152.305177, 0.000000e+000,41152.305177, 0.000000e+000,41152.305177, 0.000000e+000,41152.305177, 0.000000e+000,41152.305177, 0.000000e+000,41152.305177, 0.000000e+000,
41152.435183, 0.000000e+000,41152.435183, 0.000000e+000,41152.435183, 0.000000e+000,41152.435183, 0.000000e+000,41152.435183, 0.000000e+000,41152.435183, 0.000000e+000,41152.435183, 0.000000e+000,41152.435183, 0.000000e+000,41152.435183, 0.000000e+000,41152.435183, 0.000000e+000,
41152.578189, 0.000000e+000,41152.578189, 0.000000e+000,41152.578189, 0.000000e+000,41152.578189, 0.000000e+000,41152.578189, 0.000000e+000,41152.578189, 0.000000e+000,41152.578189, 0.000000e+000,41152.578189, 0.000000e+000,41152.578189, 0.000000e+000,41152.578189, 0.000000e+000,
41152.735496, 0.000000e+000,41152.735496, 0.000000e+000,41152.735496, 0.000000e+000,41152.735496, 0.000000e+000,41152.735496, 0.000000e+000,41152.735496, 0.000000e+000,41152.735496, 0.000000e+000,41152.735496, 0.000000e+000,41152.735496, 0.000000e+000,41152.735496, 0.000000e+000,
41152.908534, 0.000000e+000,41152.908534, 0.000000e+000,41152.908534, 0.000000e+000,41152.908534, 0.000000e+000,41152.908534, 0.000000e+000,41152.908534, 0.000000e+000,41152.908534, 0.000000e+000,41152.908534, 0.000000e+000,41152.908534, 0.000000e+000,41152.908534, 0.000000e+000,
41153.098876, 0.000000e+000,41153.098876, 0.000000e+000,41153.098876, 0.000000e+000,41153.098876, 0.000000e+000,41153.098876, 0.000000e+000,41153.098876, 0.000000e+000,41153.098876, 0.000000e+000,41153.098876, 0.000000e+000,41153.098876, 0.000000e+000,41153.098876, 0.000000e+000,
41153.308252, 0.000000e+000,41153.308252, 0.000000e+000,41153.308252, 0.000000e+000,41153.308252, 0.000000e+000,41153.308252, 0.000000e+000,41153.308252, 0.000000e+000,41153.308252, 0.000000e+000,41153.308252, 0.000000e+000,41153.308252, 0.000000e+000,41153.308252, 0.000000e+000,
41153.538565, 0.000000e+000,41153.538565, 0.000000e+000,41153.538565, 0.000000e+000,41153.538565, 0.000000e+000,41153.538565, 0.000000e+000,41153.538565, 0.000000e+000,41153.538565, 0.000000e+000,41153.538565, 0.000000e+000,41153.538565, 0.000000e+000,41153.538565, 0.000000e+000,
41153.791910, 0.000000e+000,41153.791910, 0.000000e+000,41153.791910, 0.000000e+000,41153.791910, 0.000000e+000,41153.791910, 0.000000e+000,41153.791910, 0.000000e+000,41153.791910, 0.000000e+000,41153.791910, 0.000000e+000,41153.791910, 0.000000e+000,41153.791910, 0.000000e+000,
41154.070589, 0.000000e+000,41154.070589, 0.000000e+000,41154.070589, 0.000000e+000,41154.070589, 0.000000e+000,41154.070589, 0.000000e+000,41154.070589, 0.000000e+000,41154.070589, 0.000000e+000,41154.070589, 0.000000e+000,41154.070589, 0.000000e+000,41154.070589, 0.000000e+000,
41154.377136, 0.000000e+000,41154.377136, 0.000000e+000,41154.377136, 0.000000e+000,41154.377136, 0.000000e+000,41154.377136, 0.000000e+000,41154.377136, 0.000000e+000,41154.377136, 0.000000e+000,41154.377136, 0.000000e+000,41154.377136, 0.000000e+000,41154.377136, 0.000000e+000,
41154.714338, 0.000000e+000,41154.714338, 0.000000e+000,41154.714338, 0.000000e+000,41154.714338, 0.000000e+000,41154.714338, 0.000000e+000,41154.714338, 0.000000e+000,41154.714338, 0.000000e+000,41154.714338, 0.000000e+000,41154.714338, 0.000000e+000,41154.714338, 0.000000e+000,
41155.085259, 0.000000e+000,41155.085259, 0.000000e+000,41155.085259, 0.000000e+000,41155.085259, 0.000000e+000,41155.085259, 0.000000e+000,41155.085259, 0.000000e+000,41155.085259, 0.000000e+000,41155.085259, 0.000000e+000,41155.085259, 0.000000e+000,41155.085259, 0.000000e+000,
41155.493274, 0.000000e+000,41155.493274, 0.000000e+000,41155.493274, 0.000000e+000,41155.493274, 0.000000e+000,41155.493274, 0.000000e+000,41155.493274, 0.000000e+000,41155.493274, 0.000000e+000,41155.493274, 0.000000e+000,41155.493274, 0.000000e+000,41155.493274, 0.000000e+000,
41155.942089, 0.000000e+000,41155.942089, 0.000000e+000,41155.942089, 0.000000e+000,41155.942089, 0.000000e+000,41155.942089, 0.000000e+000,41155.942089, 0.000000e+000,41155.942089, 0.000000e+000,41155.942089, 0.000000e+000,41155.942089, 0.000000e+000,41155.942089, 0.000000e+000,
41156.435786, 0.000000e+000,41156.435786, 0.000000e+000,41156.435786, 0.000000e+000,41156.435786, 0.000000e+000,41156.435786, 0.000000e+000,41156.435786, 0.000000e+000,41156.435786, 0.000000e+000,41156.435786, 0.000000e+000,41156.435786, 0.000000e+000,41156.435786, 0.000000e+000,
41156.978853, 0.000000e+000,41156.978853, 0.000000e+000,41156.978853, 0.000000e+000,41156.978853, 0.000000e+000,41156.978853, 0.000000e+000,41156.978853, 0.000000e+000,41156.978853, 0.000000e+000,41156.978853, 0.000000e+000,41156.978853, 0.000000e+000,41156.978853, 0.000000e+000,
41157.576226, 0.000000e+000,41157.576226, 0.000000e+000,41157.576226, 0.000000e+000,41157.576226, 0.000000e+000,41157.576226, 0.000000e+000,41157.576226, 0.000000e+000,41157.576226, 0.000000e+000,41157.576226, 0.000000e+000,41157.576226, 0.000000e+000,41157.576226, 0.000000e+000,
41158.233337, 0.000000e+000,41158.233337, 0.000000e+000,41158.233337, 0.000000e+000,41158.233337, 0.000000e+000,41158.233337, 0.000000e+000,41158.233337, 0.000000e+000,41158.233337, 0.000000e+000,41158.233337, 0.000000e+000,41158.233337, 0.000000e+000,41158.233337, 0.000000e+000,
41158.956159, 0.000000e+000,41158.956159, 0.000000e+000,41158.956159, 0.000000e+000,41158.956159, 0.000000e+000,41158.956159, 0.000000e+000,41158.956159, 0.000000e+000,41158.956159, 0.000000e+000,41158.956159, 0.000000e+000,41158.956159, 0.000000e+000,41158.956159, 0.000000e+000,
41159.751263, 0.000000e+000,41159.751263, 0.000000e+000,41159.751263, 0.000000e+000,41159.751263, 0.000000e+000,41159.751263, 0.000000e+000,41159.751263, 0.000000e+000,41159.751263, 0.000000e+000,41159.751263, 0.000000e+000,41159.751263, 0.000000e+000,41159.751263, 0.000000e+000,
41160.625878, 0.000000e+000,41160.625878, 0.000000e+000,41160.625878, 0.000000e+000,41160.625878, 0.000000e+000,41160.625878, 0.000000e+000,41160.625878, 0.000000e+000,41160.625878, 0.000000e+000,41160.625878, 0.000000e+000,41160.625878, 0.000000e+000,41160.625878, 0.000000e+000,
41161.587954, 0.000000e+000,41161.587954, 0.000000e+000,41161.587954, 0.000000e+000,41161.587954, 0.000000e+000,41161.587954, 0.000000e+000,41161.587954, 0.000000e+000,41161.587954, 0.000000e+000,41161.587954, 0.000000e+000,41161.587954, 0.000000e+000,41161.587954, 0.000000e+000,
41162.646237, 0.000000e+000,41162.646237, 0.000000e+000,41162.646237, 0.000000e+000,41162.646237, 0.000000e+000,41162.646237, 0.000000e+000,41162.646237, 0.000000e+000,41162.646237, 0.000000e+000,41162.646237, 0.000000e+000,41162.646237, 0.000000e+000,41162.646237, 0.000000e+000,
41163.810349, 0.000000e+000,41163.810349, 0.000000e+000,41163.810349, 0.000000e+000,41163.810349, 0.000000e+000,41163.810349, 0.000000e+000,41163.810349, 0.000000e+000,41163.810349, 0.000000e+000,41163.810349, 0.000000e+000,41163.810349, 0.000000e+000,41163.810349, 0.000000e+000,
41165.090872, 0.000000e+000,41165.090872, 0.000000e+000,41165.090872, 0.000000e+000,41165.090872, 0.000000e+000,41165.090872, 0.000000e+000,41165.090872, 0.000000e+000,41165.090872, 0.000000e+000,41165.090872, 0.000000e+000,41165.090872, 0.000000e+000,41165.090872, 0.000000e+000,
41166.499447, 0.000000e+000,41166.499447, 0.000000e+000,41166.499447, 0.000000e+000,41166.499447, 0.000000e+000,41166.499447, 0.000000e+000,41166.499447, 0.000000e+000,41166.499447, 0.000000e+000,41166.499447, 0.000000e+000,41166.499447, 0.000000e+000,41166.499447, 0.000000e+000,
41168.048880, 0.000000e+000,41168.048880, 0.000000e+000,41168.048880, 0.000000e+000,41168.048880, 0.000000e+000,41168.048880, 0.000000e+000,41168.048880, 0.000000e+000,41168.048880, 0.000000e+000,41168.048880, 0.000000e+000,41168.048880, 0.000000e+000,41168.048880, 0.000000e+000,
41169.753256, 0.000000e+000,41169.753256, 0.000000e+000,41169.753256, 0.000000e+000,41169.753256, 0.000000e+000,41169.753256, 0.000000e+000,41169.753256, 0.000000e+000,41169.753256, 0.000000e+000,41169.753256, 0.000000e+000,41169.753256, 0.000000e+000,41169.753256, 0.000000e+000,
41171.628070, 0.000000e+000,41171.628070, 0.000000e+000,41171.628070, 0.000000e+000,41171.628070, 0.000000e+000,41171.628070, 0.000000e+000,41171.628070, 0.000000e+000,41171.628070, 0.000000e+000,41171.628070, 0.000000e+000,41171.628070, 0.000000e+000,41171.628070, 0.000000e+000,
41173.690365, 0.000000e+000,41173.690365, 0.000000e+000,41173.690365, 0.000000e+000,41173.690365, 0.000000e+000,41173.690365, 0.000000e+000,41173.690365, 0.000000e+000,41173.690365, 0.000000e+000,41173.690365, 0.000000e+000,41173.690365, 0.000000e+000,41173.690365, 0.000000e+000,
41175.958890, 0.000000e+000,41175.958890, 0.000000e+000,41175.958890, 0.000000e+000,41175.958890, 0.000000e+000,41175.958890, 0.000000e+000,41175.958890, 0.000000e+000,41175.958890, 0.000000e+000,41175.958890, 0.000000e+000,41175.958890, 0.000000e+000,41175.958890, 0.000000e+000,
41178.454267, 0.000000e+000,41178.454267, 0.000000e+000,41178.454267, 0.000000e+000,41178.454267, 0.000000e+000,41178.454267, 0.000000e+000,41178.454267, 0.000000e+000,41178.454267, 0.000000e+000,41178.454267, 0.000000e+000,41178.454267, 0.000000e+000,41178.454267, 0.000000e+000,
41181.199182, 0.000000e+000,41181.199182, 0.000000e+000,41181.199182, 0.000000e+000,41181.199182, 0.000000e+000,41181.199182, 0.000000e+000,41181.199182, 0.000000e+000,41181.199182, 0.000000e+000,41181.199182, 0.000000e+000,41181.199182, 0.000000e+000,41181.199182, 0.000000e+000,
