t, S_Pond (1), t, H_Pond (1), t, E_Pond (1), 
0.000000, 1.000000e+000,0.000000, 1.000000e+000,0.000000, 0.000000e+000,
0.010000, 1.000000e+000,0.010000, 1.000000e+000,0.010000, 0.000000e+000,
0.020000, 1.000000e+000,0.020000, 1.000000e+000,0.020000, 0.000000e+000,
0.030000, 1.000000e+000,0.030000, 1.000000e+000,0.030000, 0.000000e+000,
0.040000, 1.000000e+000,0.040000, 1.000000e+000,0.040000, 0.000000e+000,
0.050000, 1.000000e+000,0.050000, 1.000000e+000,0.050000, 0.000000e+000,
0.060000, 1.000000e+000,0.060000, 1.000000e+000,0.060000, 0.000000e+000,
0.070000, 1.000000e+000,0.070000, 1.000000e+000,0.070000, 0.000000e+000,
0.080000, 1.000000e+000,0.080000, 1.000000e+000,0.080000, 0.000000e+000,
0.090000, 1.000000e+000,0.090000, 1.000000e+000,0.090000, 0.000000e+000,
0.100000, 1.000000e+000,0.100000, 1.000000e+000,0.100000, 0.000000e+000,
