no., μ_AOB, k_OA, μ_NOB, k_ON, μ_OHO, k_OH, std_0, logp, logp_1, stuck_counter,purt_coeff_0,purt_coeff_1,purt_coeff_2,purt_coeff_3,purt_coeff_4,purt_coeff_5,purt_coeff_6,
10, 1.254680e-001, 2.561314e-001, 3.694836e-002, 1.415013e+000, 1.244798e-003, 9.875655e+000, 1.013448e+001, -6.909197e+003, -8.151700e+003, 1.000000,2.302585e-001,1.844440e-001,2.302585e-001,1.844440e-001,3.453878e-001,4.493598e-001,4.000000e-001,
20, 1.254680e-001, 2.561314e-001, 3.694836e-002, 1.415013e+000, 1.244798e-003, 9.875655e+000, 1.013448e+001, -6.909197e+003, -8.304478e+003, 2.000000,2.302585e-001,1.844440e-001,2.302585e-001,1.844440e-001,3.453878e-001,4.493598e-001,4.000000e-001,
30, 1.254680e-001, 2.561314e-001, 3.694836e-002, 1.415013e+000, 1.244798e-003, 9.875655e+000, 1.013448e+001, -6.909197e+003, -6.915892e+003, 3.000000,2.302585e-001,1.844440e-001,2.302585e-001,1.844440e-001,3.453878e-001,4.493598e-001,4.000000e-001,
40, 1.254680e-001, 2.561314e-001, 3.694836e-002, 1.415013e+000, 1.244798e-003, 9.875655e+000, 1.013448e+001, -6.909197e+003, -8.909579e+003, 5.000000,2.302585e-001,1.844440e-001,2.302585e-001,1.844440e-001,3.453878e-001,4.493598e-001,4.000000e-001,
50, 1.254680e-001, 2.561314e-001, 3.694836e-002, 1.415013e+000, 1.244798e-003, 9.875655e+000, 1.013448e+001, -6.909197e+003, -7.508903e+003, 6.000000,2.302585e-001,1.844440e-001,2.302585e-001,1.844440e-001,3.453878e-001,4.493598e-001,4.000000e-001,
60, 1.254680e-001, 2.561314e-001, 3.694836e-002, 1.415013e+000, 1.244798e-003, 9.875655e+000, 1.013448e+001, -6.909197e+003, -7.170658e+003, 7.000000,2.302585e-001,1.844440e-001,2.302585e-001,1.844440e-001,3.453878e-001,4.493598e-001,4.000000e-001,
70, 1.254680e-001, 2.561314e-001, 3.694836e-002, 1.415013e+000, 1.244798e-003, 9.875655e+000, 1.013448e+001, -6.909197e+003, -6.924109e+003, 8.000000,2.302585e-001,1.844440e-001,2.302585e-001,1.844440e-001,3.453878e-001,4.493598e-001,4.000000e-001,
80, 1.254680e-001, 2.561314e-001, 3.694836e-002, 1.415013e+000, 1.244798e-003, 9.875655e+000, 1.013448e+001, -6.909197e+003, -8.151700e+003, 10.000000,2.302585e-001,1.844440e-001,2.302585e-001,1.844440e-001,3.453878e-001,4.493598e-001,4.000000e-001,
90, 1.254680e-001, 2.561314e-001, 3.694836e-002, 1.415013e+000, 1.244798e-003, 9.875655e+000, 1.013448e+001, -6.909197e+003, -7.307732e+003, 11.000000,2.302585e-001,1.844440e-001,2.302585e-001,1.844440e-001,3.453878e-001,4.493598e-001,4.000000e-001,
100, 1.254680e-001, 2.561314e-001, 3.694836e-002, 1.415013e+000, 1.244798e-003, 9.875655e+000, 1.013448e+001, -6.909197e+003, -6.915892e+003, 12.000000,2.302585e-001,1.844440e-001,2.302585e-001,1.844440e-001,3.453878e-001,4.493598e-001,4.000000e-001,
110, 1.254680e-001, 2.561314e-001, 3.694836e-002, 1.415013e+000, 1.244798e-003, 9.875655e+000, 1.013448e+001, -6.909197e+003, -8.304478e+003, 13.000000,2.302585e-001,1.844440e-001,2.302585e-001,1.844440e-001,3.453878e-001,4.493598e-001,4.000000e-001,
120, 1.254680e-001, 2.561314e-001, 3.694836e-002, 1.415013e+000, 1.244798e-003, 9.875655e+000, 1.013448e+001, -6.909197e+003, -7.144078e+003, 15.000000,2.302585e-001,1.844440e-001,2.302585e-001,1.844440e-001,3.453878e-001,4.493598e-001,4.000000e-001,
130, 1.254680e-001, 2.561314e-001, 3.694836e-002, 1.415013e+000, 1.244798e-003, 9.875655e+000, 1.013448e+001, -6.909197e+003, -7.456659e+003, 16.000000,2.302585e-001,1.844440e-001,2.302585e-001,1.844440e-001,3.453878e-001,4.493598e-001,4.000000e-001,
140, 1.254680e-001, 2.561314e-001, 3.694836e-002, 1.415013e+000, 1.244798e-003, 9.875655e+000, 1.013448e+001, -6.909197e+003, -8.346141e+003, 17.000000,2.302585e-001,1.844440e-001,2.302585e-001,1.844440e-001,3.453878e-001,4.493598e-001,4.000000e-001,
150, 1.254680e-001, 2.561314e-001, 3.694836e-002, 1.415013e+000, 1.244798e-003, 9.875655e+000, 1.013448e+001, -6.909197e+003, -7.113479e+003, 18.000000,2.302585e-001,1.844440e-001,2.302585e-001,1.844440e-001,3.453878e-001,4.493598e-001,4.000000e-001,
160, 1.254680e-001, 2.561314e-001, 3.694836e-002, 1.415013e+000, 1.244798e-003, 9.875655e+000, 1.013448e+001, -6.909197e+003, -1.424155e+004, 20.000000,2.302585e-001,1.844440e-001,2.302585e-001,1.844440e-001,3.453878e-001,4.493598e-001,4.000000e-001,
170, 1.254680e-001, 2.561314e-001, 3.694836e-002, 1.415013e+000, 1.244798e-003, 9.875655e+000, 1.013448e+001, -6.909197e+003, -7.251349e+003, 21.000000,2.302585e-001,1.844440e-001,2.302585e-001,1.844440e-001,3.453878e-001,4.493598e-001,4.000000e-001,
180, 1.254680e-001, 2.561314e-001, 3.694836e-002, 1.415013e+000, 1.244798e-003, 9.875655e+000, 1.013448e+001, -6.909197e+003, -7.985388e+003, 22.000000,2.302585e-001,1.844440e-001,2.302585e-001,1.844440e-001,3.453878e-001,4.493598e-001,4.000000e-001,
190, 1.254680e-001, 2.561314e-001, 3.694836e-002, 1.415013e+000, 1.244798e-003, 9.875655e+000, 1.013448e+001, -6.909197e+003, -1.160769e+004, 23.000000,2.302585e-001,1.844440e-001,2.302585e-001,1.844440e-001,3.453878e-001,4.493598e-001,4.000000e-001,
200, 1.254680e-001, 2.561314e-001, 3.694836e-002, 1.415013e+000, 1.244798e-003, 9.875655e+000, 1.013448e+001, -6.909197e+003, -7.456659e+003, 25.000000,2.302585e-001,1.844440e-001,2.302585e-001,1.844440e-001,3.453878e-001,4.493598e-001,4.000000e-001,
210, 1.254680e-001, 2.561314e-001, 3.694836e-002, 1.415013e+000, 1.244798e-003, 9.875655e+000, 1.013448e+001, -6.909197e+003, -7.144078e+003, 26.000000,2.302585e-001,1.844440e-001,2.302585e-001,1.844440e-001,3.453878e-001,4.493598e-001,4.000000e-001,
220, 1.254680e-001, 2.561314e-001, 3.694836e-002, 1.415013e+000, 1.244798e-003, 9.875655e+000, 1.013448e+001, -6.909197e+003, -7.113479e+003, 27.000000,2.302585e-001,1.844440e-001,2.302585e-001,1.844440e-001,3.453878e-001,4.493598e-001,4.000000e-001,
230, 1.254680e-001, 2.561314e-001, 3.694836e-002, 1.415013e+000, 1.244798e-003, 9.875655e+000, 1.013448e+001, -6.909197e+003, -8.346141e+003, 28.000000,2.302585e-001,1.844440e-001,2.302585e-001,1.844440e-001,3.453878e-001,4.493598e-001,4.000000e-001,
240, 1.254680e-001, 2.561314e-001, 3.694836e-002, 1.415013e+000, 1.244798e-003, 9.875655e+000, 1.013448e+001, -6.909197e+003, -7.251349e+003, 30.000000,2.302585e-001,1.844440e-001,2.302585e-001,1.844440e-001,3.453878e-001,4.493598e-001,4.000000e-001,
250, 1.254680e-001, 2.561314e-001, 3.694836e-002, 1.415013e+000, 1.244798e-003, 9.875655e+000, 1.013448e+001, -6.909197e+003, -1.424155e+004, 31.000000,2.302585e-001,1.844440e-001,2.302585e-001,1.844440e-001,3.453878e-001,4.493598e-001,4.000000e-001,
260, 1.254680e-001, 2.561314e-001, 3.694836e-002, 1.415013e+000, 1.244798e-003, 9.875655e+000, 1.013448e+001, -6.909197e+003, -1.160769e+004, 32.000000,2.302585e-001,1.844440e-001,2.302585e-001,1.844440e-001,3.453878e-001,4.493598e-001,4.000000e-001,
270, 1.254680e-001, 2.561314e-001, 3.694836e-002, 1.415013e+000, 1.244798e-003, 9.875655e+000, 1.013448e+001, -6.909197e+003, -7.985388e+003, 33.000000,2.302585e-001,1.844440e-001,2.302585e-001,1.844440e-001,3.453878e-001,4.493598e-001,4.000000e-001,
280, 1.254680e-001, 2.561314e-001, 3.694836e-002, 1.415013e+000, 1.244798e-003, 9.875655e+000, 1.013448e+001, -6.909197e+003, -8.346141e+003, 35.000000,2.302585e-001,1.844440e-001,2.302585e-001,1.844440e-001,3.453878e-001,4.493598e-001,4.000000e-001,
290, 1.254680e-001, 2.561314e-001, 3.694836e-002, 1.415013e+000, 1.244798e-003, 9.875655e+000, 1.013448e+001, -6.909197e+003, -7.113479e+003, 36.000000,2.302585e-001,1.844440e-001,2.302585e-001,1.844440e-001,3.453878e-001,4.493598e-001,4.000000e-001,
300, 1.254680e-001, 2.561314e-001, 3.694836e-002, 1.415013e+000, 1.244798e-003, 9.875655e+000, 1.013448e+001, -6.909197e+003, -7.144078e+003, 37.000000,2.302585e-001,1.844440e-001,2.302585e-001,1.844440e-001,3.453878e-001,4.493598e-001,4.000000e-001,
310, 1.254680e-001, 2.561314e-001, 3.694836e-002, 1.415013e+000, 1.244798e-003, 9.875655e+000, 1.013448e+001, -6.909197e+003, -7.456659e+003, 38.000000,2.302585e-001,1.844440e-001,2.302585e-001,1.844440e-001,3.453878e-001,4.493598e-001,4.000000e-001,
320, 1.254680e-001, 2.561314e-001, 3.694836e-002, 1.415013e+000, 1.244798e-003, 9.875655e+000, 1.013448e+001, -6.909197e+003, -7.985388e+003, 40.000000,2.302585e-001,1.844440e-001,2.302585e-001,1.844440e-001,3.453878e-001,4.493598e-001,4.000000e-001,
330, 1.254680e-001, 2.561314e-001, 3.694836e-002, 1.415013e+000, 1.244798e-003, 9.875655e+000, 1.013448e+001, -6.909197e+003, -1.160769e+004, 41.000000,2.302585e-001,1.844440e-001,2.302585e-001,1.844440e-001,3.453878e-001,4.493598e-001,4.000000e-001,
340, 1.254680e-001, 2.561314e-001, 3.694836e-002, 1.415013e+000, 1.244798e-003, 9.875655e+000, 1.013448e+001, -6.909197e+003, -1.424155e+004, 42.000000,2.302585e-001,1.844440e-001,2.302585e-001,1.844440e-001,3.453878e-001,4.493598e-001,4.000000e-001,
350, 1.254680e-001, 2.561314e-001, 3.694836e-002, 1.415013e+000, 1.244798e-003, 9.875655e+000, 1.013448e+001, -6.909197e+003, -7.251349e+003, 43.000000,2.302585e-001,1.844440e-001,2.302585e-001,1.844440e-001,3.453878e-001,4.493598e-001,4.000000e-001,
360, 1.254680e-001, 2.561314e-001, 3.694836e-002, 1.415013e+000, 1.244798e-003, 9.875655e+000, 1.013448e+001, -6.909197e+003, -7.113479e+003, 45.000000,2.302585e-001,1.844440e-001,2.302585e-001,1.844440e-001,3.453878e-001,4.493598e-001,4.000000e-001,
370, 1.254680e-001, 2.561314e-001, 3.694836e-002, 1.415013e+000, 1.244798e-003, 9.875655e+000, 1.013448e+001, -6.909197e+003, -8.346141e+003, 46.000000,2.302585e-001,1.844440e-001,2.302585e-001,1.844440e-001,3.453878e-001,4.493598e-001,4.000000e-001,
380, 1.254680e-001, 2.561314e-001, 3.694836e-002, 1.415013e+000, 1.244798e-003, 9.875655e+000, 1.013448e+001, -6.909197e+003, -7.456659e+003, 47.000000,2.302585e-001,1.844440e-001,2.302585e-001,1.844440e-001,3.453878e-001,4.493598e-001,4.000000e-001,
390, 1.254680e-001, 2.561314e-001, 3.694836e-002, 1.415013e+000, 1.244798e-003, 9.875655e+000, 1.013448e+001, -6.909197e+003, -7.144078e+003, 48.000000,2.302585e-001,1.844440e-001,2.302585e-001,1.844440e-001,3.453878e-001,4.493598e-001,4.000000e-001,
400, 1.254680e-001, 2.561314e-001, 3.694836e-002, 1.415013e+000, 1.244798e-003, 9.875655e+000, 1.013448e+001, -6.909197e+003, -1.160769e+004, 50.000000,2.302585e-001,1.844440e-001,2.302585e-001,1.844440e-001,3.453878e-001,4.493598e-001,4.000000e-001,
410, 1.254680e-001, 2.561314e-001, 3.694836e-002, 1.415013e+000, 1.244798e-003, 9.875655e+000, 1.013448e+001, -6.909197e+003, -7.985388e+003, 51.000000,2.302585e-001,1.844440e-001,2.302585e-001,1.844440e-001,3.453878e-001,4.493598e-001,4.000000e-001,
420, 1.254680e-001, 2.561314e-001, 3.694836e-002, 1.415013e+000, 1.244798e-003, 9.875655e+000, 1.013448e+001, -6.909197e+003, -7.251349e+003, 52.000000,2.302585e-001,1.844440e-001,2.302585e-001,1.844440e-001,3.453878e-001,4.493598e-001,4.000000e-001,
430, 1.254680e-001, 2.561314e-001, 3.694836e-002, 1.415013e+000, 1.244798e-003, 9.875655e+000, 1.013448e+001, -6.909197e+003, -1.424155e+004, 53.000000,2.302585e-001,1.844440e-001,2.302585e-001,1.844440e-001,3.453878e-001,4.493598e-001,4.000000e-001,
440, 1.254680e-001, 2.561314e-001, 3.694836e-002, 1.415013e+000, 1.244798e-003, 9.875655e+000, 1.013448e+001, -6.909197e+003, -7.400480e+003, 55.000000,2.302585e-001,1.844440e-001,2.302585e-001,1.844440e-001,3.453878e-001,4.493598e-001,4.000000e-001,
450, 1.254680e-001, 2.561314e-001, 3.694836e-002, 1.415013e+000, 1.244798e-003, 9.875655e+000, 1.013448e+001, -6.909197e+003, -8.088187e+003, 56.000000,2.302585e-001,1.844440e-001,2.302585e-001,1.844440e-001,3.453878e-001,4.493598e-001,4.000000e-001,
460, 1.254680e-001, 2.561314e-001, 3.694836e-002, 1.415013e+000, 1.244798e-003, 9.875655e+000, 1.013448e+001, -6.909197e+003, -7.082087e+003, 57.000000,2.302585e-001,1.844440e-001,2.302585e-001,1.844440e-001,3.453878e-001,4.493598e-001,4.000000e-001,
470, 1.254680e-001, 2.561314e-001, 3.694836e-002, 1.415013e+000, 1.244798e-003, 9.875655e+000, 1.013448e+001, -6.909197e+003, -7.340108e+003, 58.000000,2.302585e-001,1.844440e-001,2.302585e-001,1.844440e-001,3.453878e-001,4.493598e-001,4.000000e-001,
480, 1.254680e-001, 2.561314e-001, 3.694836e-002, 1.415013e+000, 1.244798e-003, 9.875655e+000, 1.013448e+001, -6.909197e+003, -7.193450e+003, 60.000000,2.302585e-001,1.844440e-001,2.302585e-001,1.844440e-001,3.453878e-001,4.493598e-001,4.000000e-001,
490, 1.254680e-001, 2.561314e-001, 3.694836e-002, 1.415013e+000, 1.244798e-003, 9.875655e+000, 1.013448e+001, -6.909197e+003, -7.816441e+003, 61.000000,2.302585e-001,1.844440e-001,2.302585e-001,1.844440e-001,3.453878e-001,4.493598e-001,4.000000e-001,
500, 1.254680e-001, 2.561314e-001, 3.694836e-002, 1.415013e+000, 1.244798e-003, 9.875655e+000, 1.013448e+001, -6.909197e+003, -1.027011e+004, 62.000000,2.302585e-001,1.844440e-001,2.302585e-001,1.844440e-001,3.453878e-001,4.493598e-001,4.000000e-001,
510, 1.254680e-001, 2.561314e-001, 3.694836e-002, 1.415013e+000, 1.244798e-003, 9.875655e+000, 1.013448e+001, -6.909197e+003, -7.136792e+003, 63.000000,2.302585e-001,1.844440e-001,2.302585e-001,1.844440e-001,3.453878e-001,4.493598e-001,4.000000e-001,
520, 1.254680e-001, 2.561314e-001, 3.694836e-002, 1.415013e+000, 1.244798e-003, 9.875655e+000, 1.013448e+001, -6.909197e+003, -8.088187e+003, 65.000000,2.302585e-001,1.844440e-001,2.302585e-001,1.844440e-001,3.453878e-001,4.493598e-001,4.000000e-001,
530, 1.254680e-001, 2.561314e-001, 3.694836e-002, 1.415013e+000, 1.244798e-003, 9.875655e+000, 1.013448e+001, -6.909197e+003, -7.400480e+003, 66.000000,2.302585e-001,1.844440e-001,2.302585e-001,1.844440e-001,3.453878e-001,4.493598e-001,4.000000e-001,
540, 1.254680e-001, 2.561314e-001, 3.694836e-002, 1.415013e+000, 1.244798e-003, 9.875655e+000, 1.013448e+001, -6.909197e+003, -7.340108e+003, 67.000000,2.302585e-001,1.844440e-001,2.302585e-001,1.844440e-001,3.453878e-001,4.493598e-001,4.000000e-001,
550, 1.254680e-001, 2.561314e-001, 3.694836e-002, 1.415013e+000, 1.244798e-003, 9.875655e+000, 1.013448e+001, -6.909197e+003, -7.082087e+003, 68.000000,2.302585e-001,1.844440e-001,2.302585e-001,1.844440e-001,3.453878e-001,4.493598e-001,4.000000e-001,
560, 1.254680e-001, 2.561314e-001, 3.694836e-002, 1.415013e+000, 1.244798e-003, 9.875655e+000, 1.013448e+001, -6.909197e+003, -7.816441e+003, 70.000000,2.302585e-001,1.844440e-001,2.302585e-001,1.844440e-001,3.453878e-001,4.493598e-001,4.000000e-001,
570, 1.254680e-001, 2.561314e-001, 3.694836e-002, 1.415013e+000, 1.244798e-003, 9.875655e+000, 1.013448e+001, -6.909197e+003, -7.193450e+003, 71.000000,2.302585e-001,1.844440e-001,2.302585e-001,1.844440e-001,3.453878e-001,4.493598e-001,4.000000e-001,
580, 1.254680e-001, 2.561314e-001, 3.694836e-002, 1.415013e+000, 1.244798e-003, 9.875655e+000, 1.013448e+001, -6.909197e+003, -7.136792e+003, 72.000000,2.302585e-001,1.844440e-001,2.302585e-001,1.844440e-001,3.453878e-001,4.493598e-001,4.000000e-001,
590, 1.254680e-001, 2.561314e-001, 3.694836e-002, 1.415013e+000, 1.244798e-003, 9.875655e+000, 1.013448e+001, -6.909197e+003, -1.027011e+004, 73.000000,2.302585e-001,1.844440e-001,2.302585e-001,1.844440e-001,3.453878e-001,4.493598e-001,4.000000e-001,
600, 1.254680e-001, 2.561314e-001, 3.694836e-002, 1.415013e+000, 1.244798e-003, 9.875655e+000, 1.013448e+001, -6.909197e+003, -7.082087e+003, 75.000000,2.302585e-001,1.844440e-001,2.302585e-001,1.844440e-001,3.453878e-001,4.493598e-001,4.000000e-001,
610, 1.254680e-001, 2.561314e-001, 3.694836e-002, 1.415013e+000, 1.244798e-003, 9.875655e+000, 1.013448e+001, -6.909197e+003, -7.340108e+003, 76.000000,2.302585e-001,1.844440e-001,2.302585e-001,1.844440e-001,3.453878e-001,4.493598e-001,4.000000e-001,
620, 1.254680e-001, 2.561314e-001, 3.694836e-002, 1.415013e+000, 1.244798e-003, 9.875655e+000, 1.013448e+001, -6.909197e+003, -7.400480e+003, 77.000000,2.302585e-001,1.844440e-001,2.302585e-001,1.844440e-001,3.453878e-001,4.493598e-001,4.000000e-001,
630, 1.254680e-001, 2.561314e-001, 3.694836e-002, 1.415013e+000, 1.244798e-003, 9.875655e+000, 1.013448e+001, -6.909197e+003, -8.088187e+003, 78.000000,2.302585e-001,1.844440e-001,2.302585e-001,1.844440e-001,3.453878e-001,4.493598e-001,4.000000e-001,
640, 1.254680e-001, 2.561314e-001, 3.694836e-002, 1.415013e+000, 1.244798e-003, 9.875655e+000, 1.013448e+001, -6.909197e+003, -1.027011e+004, 80.000000,2.302585e-001,1.844440e-001,2.302585e-001,1.844440e-001,3.453878e-001,4.493598e-001,4.000000e-001,
650, 1.254680e-001, 2.561314e-001, 3.694836e-002, 1.415013e+000, 1.244798e-003, 9.875655e+000, 1.013448e+001, -6.909197e+003, -7.136792e+003, 81.000000,2.302585e-001,1.844440e-001,2.302585e-001,1.844440e-001,3.453878e-001,4.493598e-001,4.000000e-001,
660, 1.254680e-001, 2.561314e-001, 3.694836e-002, 1.415013e+000, 1.244798e-003, 9.875655e+000, 1.013448e+001, -6.909197e+003, -7.193450e+003, 82.000000,2.302585e-001,1.844440e-001,2.302585e-001,1.844440e-001,3.453878e-001,4.493598e-001,4.000000e-001,
670, 1.254680e-001, 2.561314e-001, 3.694836e-002, 1.415013e+000, 1.244798e-003, 9.875655e+000, 1.013448e+001, -6.909197e+003, -7.816441e+003, 83.000000,2.302585e-001,1.844440e-001,2.302585e-001,1.844440e-001,3.453878e-001,4.493598e-001,4.000000e-001,
680, 1.254680e-001, 2.561314e-001, 3.694836e-002, 1.415013e+000, 1.244798e-003, 9.875655e+000, 1.013448e+001, -6.909197e+003, -1.027011e+004, 85.000000,2.302585e-001,1.844440e-001,2.302585e-001,1.844440e-001,3.453878e-001,4.493598e-001,4.000000e-001,
690, 1.254680e-001, 2.561314e-001, 3.694836e-002, 1.415013e+000, 1.244798e-003, 9.875655e+000, 1.013448e+001, -6.909197e+003, -7.082087e+003, 86.000000,2.302585e-001,1.844440e-001,2.302585e-001,1.844440e-001,3.453878e-001,4.493598e-001,4.000000e-001,
700, 1.254680e-001, 2.561314e-001, 3.694836e-002, 1.415013e+000, 1.244798e-003, 9.875655e+000, 1.013448e+001, -6.909197e+003, -8.088187e+003, 87.000000,2.302585e-001,1.844440e-001,2.302585e-001,1.844440e-001,3.453878e-001,4.493598e-001,4.000000e-001,
710, 1.254680e-001, 2.561314e-001, 3.694836e-002, 1.415013e+000, 1.244798e-003, 9.875655e+000, 1.013448e+001, -6.909197e+003, -7.400480e+003, 88.000000,2.302585e-001,1.844440e-001,2.302585e-001,1.844440e-001,3.453878e-001,4.493598e-001,4.000000e-001,
720, 1.254680e-001, 2.561314e-001, 3.694836e-002, 1.415013e+000, 1.244798e-003, 9.875655e+000, 1.013448e+001, -6.909197e+003, -7.340108e+003, 90.000000,2.302585e-001,1.844440e-001,2.302585e-001,1.844440e-001,3.453878e-001,4.493598e-001,4.000000e-001,
730, 1.254680e-001, 2.561314e-001, 3.694836e-002, 1.415013e+000, 1.244798e-003, 9.875655e+000, 1.013448e+001, -6.909197e+003, -1.027011e+004, 91.000000,2.302585e-001,1.844440e-001,2.302585e-001,1.844440e-001,3.453878e-001,4.493598e-001,4.000000e-001,
740, 1.254680e-001, 2.561314e-001, 3.694836e-002, 1.415013e+000, 1.244798e-003, 9.875655e+000, 1.013448e+001, -6.909197e+003, -7.816441e+003, 92.000000,2.302585e-001,1.844440e-001,2.302585e-001,1.844440e-001,3.453878e-001,4.493598e-001,4.000000e-001,
750, 1.254680e-001, 2.561314e-001, 3.694836e-002, 1.415013e+000, 1.244798e-003, 9.875655e+000, 1.013448e+001, -6.909197e+003, -7.193450e+003, 93.000000,2.302585e-001,1.844440e-001,2.302585e-001,1.844440e-001,3.453878e-001,4.493598e-001,4.000000e-001,
760, 1.254680e-001, 2.561314e-001, 3.694836e-002, 1.415013e+000, 1.244798e-003, 9.875655e+000, 1.013448e+001, -6.909197e+003, -7.136792e+003, 95.000000,2.302585e-001,1.844440e-001,2.302585e-001,1.844440e-001,3.453878e-001,4.493598e-001,4.000000e-001,
770, 1.254680e-001, 2.561314e-001, 3.694836e-002, 1.415013e+000, 1.244798e-003, 9.875655e+000, 1.013448e+001, -6.909197e+003, -7.052040e+003, 96.000000,2.302585e-001,1.844440e-001,2.302585e-001,1.844440e-001,3.453878e-001,4.493598e-001,4.000000e-001,
780, 1.254680e-001, 2.561314e-001, 3.694836e-002, 1.415013e+000, 1.244798e-003, 9.875655e+000, 1.013448e+001, -6.909197e+003, -7.276546e+003, 97.000000,2.302585e-001,1.844440e-001,2.302585e-001,1.844440e-001,3.453878e-001,4.493598e-001,4.000000e-001,
790, 1.254680e-001, 2.561314e-001, 3.694836e-002, 1.415013e+000, 1.244798e-003, 9.875655e+000, 1.013448e+001, -6.909197e+003, -7.720220e+003, 98.000000,2.302585e-001,1.844440e-001,2.302585e-001,1.844440e-001,3.453878e-001,4.493598e-001,4.000000e-001,
800, 1.254680e-001, 2.561314e-001, 3.694836e-002, 1.415013e+000, 1.244798e-003, 9.875655e+000, 1.013448e+001, -6.909197e+003, -7.890009e+003, 100.000000,2.302585e-001,1.844440e-001,2.302585e-001,1.844440e-001,3.453878e-001,4.493598e-001,4.000000e-001,
810, 1.254680e-001, 2.561314e-001, 3.694836e-002, 1.415013e+000, 1.244798e-003, 9.875655e+000, 1.013448e+001, -6.909197e+003, -9.368544e+003, 101.000000,2.302585e-001,1.844440e-001,2.302585e-001,1.844440e-001,3.453878e-001,4.493598e-001,4.000000e-001,
820, 1.254680e-001, 2.561314e-001, 3.694836e-002, 1.415013e+000, 1.244798e-003, 9.875655e+000, 1.013448e+001, -6.909197e+003, -7.084002e+003, 102.000000,2.302585e-001,1.844440e-001,2.302585e-001,1.844440e-001,3.453878e-001,4.493598e-001,4.000000e-001,
830, 1.254680e-001, 2.561314e-001, 3.694836e-002, 1.415013e+000, 1.244798e-003, 9.875655e+000, 1.013448e+001, -6.909197e+003, -7.499177e+003, 103.000000,2.302585e-001,1.844440e-001,2.302585e-001,1.844440e-001,3.453878e-001,4.493598e-001,4.000000e-001,
840, 1.254680e-001, 2.561314e-001, 3.694836e-002, 1.415013e+000, 1.244798e-003, 9.875655e+000, 1.013448e+001, -6.909197e+003, -7.651552e+003, 105.000000,2.302585e-001,1.844440e-001,2.302585e-001,1.844440e-001,3.453878e-001,4.493598e-001,4.000000e-001,
850, 1.254680e-001, 2.561314e-001, 3.694836e-002, 1.415013e+000, 1.244798e-003, 9.875655e+000, 1.013448e+001, -6.909197e+003, -7.890009e+003, 106.000000,2.302585e-001,1.844440e-001,2.302585e-001,1.844440e-001,3.453878e-001,4.493598e-001,4.000000e-001,
860, 1.254680e-001, 2.561314e-001, 3.694836e-002, 1.415013e+000, 1.244798e-003, 9.875655e+000, 1.013448e+001, -6.909197e+003, -7.720220e+003, 107.000000,2.302585e-001,1.844440e-001,2.302585e-001,1.844440e-001,3.453878e-001,4.493598e-001,4.000000e-001,
870, 1.254680e-001, 2.561314e-001, 3.694836e-002, 1.415013e+000, 1.244798e-003, 9.875655e+000, 1.013448e+001, -6.909197e+003, -7.276546e+003, 108.000000,2.302585e-001,1.844440e-001,2.302585e-001,1.844440e-001,3.453878e-001,4.493598e-001,4.000000e-001,
880, 1.254680e-001, 2.561314e-001, 3.694836e-002, 1.415013e+000, 1.244798e-003, 9.875655e+000, 1.013448e+001, -6.909197e+003, -7.052040e+003, 110.000000,2.302585e-001,1.844440e-001,2.302585e-001,1.844440e-001,3.453878e-001,4.493598e-001,4.000000e-001,
890, 1.254680e-001, 2.561314e-001, 3.694836e-002, 1.415013e+000, 1.244798e-003, 9.875655e+000, 1.013448e+001, -6.909197e+003, -7.890009e+003, 111.000000,2.302585e-001,1.844440e-001,2.302585e-001,1.844440e-001,3.453878e-001,4.493598e-001,4.000000e-001,
900, 1.254680e-001, 2.561314e-001, 3.694836e-002, 1.415013e+000, 1.244798e-003, 9.875655e+000, 1.013448e+001, -6.909197e+003, -7.499177e+003, 112.000000,2.302585e-001,1.844440e-001,2.302585e-001,1.844440e-001,3.453878e-001,4.493598e-001,4.000000e-001,
910, 1.254680e-001, 2.561314e-001, 3.694836e-002, 1.415013e+000, 1.244798e-003, 9.875655e+000, 1.013448e+001, -6.909197e+003, -7.084002e+003, 113.000000,2.302585e-001,1.844440e-001,2.302585e-001,1.844440e-001,3.453878e-001,4.493598e-001,4.000000e-001,
920, 1.254680e-001, 2.561314e-001, 3.694836e-002, 1.415013e+000, 1.244798e-003, 9.875655e+000, 1.013448e+001, -6.909197e+003, -9.368544e+003, 115.000000,2.302585e-001,1.844440e-001,2.302585e-001,1.844440e-001,3.453878e-001,4.493598e-001,4.000000e-001,
930, 1.254680e-001, 2.561314e-001, 3.694836e-002, 1.415013e+000, 1.244798e-003, 9.875655e+000, 1.013448e+001, -6.909197e+003, -7.651552e+003, 116.000000,2.302585e-001,1.844440e-001,2.302585e-001,1.844440e-001,3.453878e-001,4.493598e-001,4.000000e-001,
940, 1.254680e-001, 2.561314e-001, 3.694836e-002, 1.415013e+000, 1.244798e-003, 9.875655e+000, 1.013448e+001, -6.909197e+003, -7.890009e+003, 117.000000,2.302585e-001,1.844440e-001,2.302585e-001,1.844440e-001,3.453878e-001,4.493598e-001,4.000000e-001,
950, 1.254680e-001, 2.561314e-001, 3.694836e-002, 1.415013e+000, 1.244798e-003, 9.875655e+000, 1.013448e+001, -6.909197e+003, -7.052040e+003, 118.000000,2.302585e-001,1.844440e-001,2.302585e-001,1.844440e-001,3.453878e-001,4.493598e-001,4.000000e-001,
960, 1.254680e-001, 2.561314e-001, 3.694836e-002, 1.415013e+000, 1.244798e-003, 9.875655e+000, 1.013448e+001, -6.909197e+003, -7.276546e+003, 120.000000,2.302585e-001,1.844440e-001,2.302585e-001,1.844440e-001,3.453878e-001,4.493598e-001,4.000000e-001,
970, 1.254680e-001, 2.561314e-001, 3.694836e-002, 1.415013e+000, 1.244798e-003, 9.875655e+000, 1.013448e+001, -6.909197e+003, -7.720220e+003, 121.000000,2.302585e-001,1.844440e-001,2.302585e-001,1.844440e-001,3.453878e-001,4.493598e-001,4.000000e-001,
980, 1.254680e-001, 2.561314e-001, 3.694836e-002, 1.415013e+000, 1.244798e-003, 9.875655e+000, 1.013448e+001, -6.909197e+003, -7.651552e+003, 122.000000,2.302585e-001,1.844440e-001,2.302585e-001,1.844440e-001,3.453878e-001,4.493598e-001,4.000000e-001,
990, 1.254680e-001, 2.561314e-001, 3.694836e-002, 1.415013e+000, 1.244798e-003, 9.875655e+000, 1.013448e+001, -6.909197e+003, -9.368544e+003, 123.000000,2.302585e-001,1.844440e-001,2.302585e-001,1.844440e-001,3.453878e-001,4.493598e-001,4.000000e-001,
1000, 1.254680e-001, 2.561314e-001, 3.694836e-002, 1.415013e+000, 1.244798e-003, 9.875655e+000, 1.013448e+001, -6.909197e+003, -7.084002e+003, 125.000000,2.302585e-001,1.844440e-001,2.302585e-001,1.844440e-001,3.453878e-001,4.493598e-001,4.000000e-001,
1010, 1.254680e-001, 2.561314e-001, 3.694836e-002, 1.415013e+000, 1.244798e-003, 9.875655e+000, 1.013448e+001, -6.909197e+003, -7.499177e+003, 126.000000,2.302585e-001,1.844440e-001,2.302585e-001,1.844440e-001,3.453878e-001,4.493598e-001,4.000000e-001,
1020, 1.254680e-001, 2.561314e-001, 3.694836e-002, 1.415013e+000, 1.244798e-003, 9.875655e+000, 1.013448e+001, -6.909197e+003, -7.052040e+003, 127.000000,2.302585e-001,1.844440e-001,2.302585e-001,1.844440e-001,3.453878e-001,4.493598e-001,4.000000e-001,
1030, 1.254680e-001, 2.561314e-001, 3.694836e-002, 1.415013e+000, 1.244798e-003, 9.875655e+000, 1.013448e+001, -6.909197e+003, -7.890009e+003, 128.000000,2.302585e-001,1.844440e-001,2.302585e-001,1.844440e-001,3.453878e-001,4.493598e-001,4.000000e-001,
1040, 1.254680e-001, 2.561314e-001, 3.694836e-002, 1.415013e+000, 1.244798e-003, 9.875655e+000, 1.013448e+001, -6.909197e+003, -7.720220e+003, 130.000000,2.302585e-001,1.844440e-001,2.302585e-001,1.844440e-001,3.453878e-001,4.493598e-001,4.000000e-001,
1050, 1.254680e-001, 2.561314e-001, 3.694836e-002, 1.415013e+000, 1.244798e-003, 9.875655e+000, 1.013448e+001, -6.909197e+003, -7.276546e+003, 131.000000,2.302585e-001,1.844440e-001,2.302585e-001,1.844440e-001,3.453878e-001,4.493598e-001,4.000000e-001,
1060, 1.254680e-001, 2.561314e-001, 3.694836e-002, 1.415013e+000, 1.244798e-003, 9.875655e+000, 1.013448e+001, -6.909197e+003, -9.368544e+003, 132.000000,2.302585e-001,1.844440e-001,2.302585e-001,1.844440e-001,3.453878e-001,4.493598e-001,4.000000e-001,
1070, 1.254680e-001, 2.561314e-001, 3.694836e-002, 1.415013e+000, 1.244798e-003, 9.875655e+000, 1.013448e+001, -6.909197e+003, -7.651552e+003, 133.000000,2.302585e-001,1.844440e-001,2.302585e-001,1.844440e-001,3.453878e-001,4.493598e-001,4.000000e-001,
1080, 1.254680e-001, 2.561314e-001, 3.694836e-002, 1.415013e+000, 1.244798e-003, 9.875655e+000, 1.013448e+001, -6.909197e+003, -7.499177e+003, 135.000000,2.302585e-001,1.844440e-001,2.302585e-001,1.844440e-001,3.453878e-001,4.493598e-001,4.000000e-001,
1090, 1.254680e-001, 2.561314e-001, 3.694836e-002, 1.415013e+000, 1.244798e-003, 9.875655e+000, 1.013448e+001, -6.909197e+003, -7.084002e+003, 136.000000,2.302585e-001,1.844440e-001,2.302585e-001,1.844440e-001,3.453878e-001,4.493598e-001,4.000000e-001,
1100, 1.254680e-001, 2.561314e-001, 3.694836e-002, 1.415013e+000, 1.244798e-003, 9.875655e+000, 1.013448e+001, -6.909197e+003, -7.567662e+003, 137.000000,2.302585e-001,1.844440e-001,2.302585e-001,1.844440e-001,3.453878e-001,4.493598e-001,4.000000e-001,
1110, 1.254680e-001, 2.561314e-001, 3.694836e-002, 1.415013e+000, 1.244798e-003, 9.875655e+000, 1.013448e+001, -6.909197e+003, -6.993960e+003, 138.000000,2.302585e-001,1.844440e-001,2.302585e-001,1.844440e-001,3.453878e-001,4.493598e-001,4.000000e-001,
1120, 1.254680e-001, 2.561314e-001, 3.694836e-002, 1.415013e+000, 1.244798e-003, 9.875655e+000, 1.013448e+001, -6.909197e+003, -7.022632e+003, 140.000000,2.302585e-001,1.844440e-001,2.302585e-001,1.844440e-001,3.453878e-001,4.493598e-001,4.000000e-001,
1130, 1.254680e-001, 2.561314e-001, 3.694836e-002, 1.415013e+000, 1.244798e-003, 9.875655e+000, 1.013448e+001, -6.909197e+003, -7.214565e+003, 141.000000,2.302585e-001,1.844440e-001,2.302585e-001,1.844440e-001,3.453878e-001,4.493598e-001,4.000000e-001,
1140, 1.254680e-001, 2.561314e-001, 3.694836e-002, 1.415013e+000, 1.244798e-003, 9.875655e+000, 1.013448e+001, -6.909197e+003, -7.361377e+003, 142.000000,2.302585e-001,1.844440e-001,2.302585e-001,1.844440e-001,3.453878e-001,4.493598e-001,4.000000e-001,
1150, 1.254680e-001, 2.561314e-001, 3.694836e-002, 1.415013e+000, 1.244798e-003, 9.875655e+000, 1.013448e+001, -6.909197e+003, -8.190082e+003, 143.000000,2.302585e-001,1.844440e-001,2.302585e-001,1.844440e-001,3.453878e-001,4.493598e-001,4.000000e-001,
1160, 1.254680e-001, 2.561314e-001, 3.694836e-002, 1.415013e+000, 1.244798e-003, 9.875655e+000, 1.013448e+001, -6.909197e+003, -8.699803e+003, 145.000000,2.302585e-001,1.844440e-001,2.302585e-001,1.844440e-001,3.453878e-001,4.493598e-001,4.000000e-001,
1170, 1.254680e-001, 2.561314e-001, 3.694836e-002, 1.415013e+000, 1.244798e-003, 9.875655e+000, 1.013448e+001, -6.909197e+003, -7.039658e+003, 146.000000,2.302585e-001,1.844440e-001,2.302585e-001,1.844440e-001,3.453878e-001,4.493598e-001,4.000000e-001,
1180, 1.254680e-001, 2.561314e-001, 3.694836e-002, 1.415013e+000, 1.244798e-003, 9.875655e+000, 1.013448e+001, -6.909197e+003, -7.361377e+003, 147.000000,2.302585e-001,1.844440e-001,2.302585e-001,1.844440e-001,3.453878e-001,4.493598e-001,4.000000e-001,
1190, 1.254680e-001, 2.561314e-001, 3.694836e-002, 1.415013e+000, 1.244798e-003, 9.875655e+000, 1.013448e+001, -6.909197e+003, -7.567662e+003, 148.000000,2.302585e-001,1.844440e-001,2.302585e-001,1.844440e-001,3.453878e-001,4.493598e-001,4.000000e-001,
1200, 1.254680e-001, 2.561314e-001, 3.694836e-002, 1.415013e+000, 1.244798e-003, 9.875655e+000, 1.013448e+001, -6.909197e+003, -7.214565e+003, 150.000000,2.302585e-001,1.844440e-001,2.302585e-001,1.844440e-001,3.453878e-001,4.493598e-001,4.000000e-001,
1210, 1.254680e-001, 2.561314e-001, 3.694836e-002, 1.415013e+000, 1.244798e-003, 9.875655e+000, 1.013448e+001, -6.909197e+003, -7.022632e+003, 151.000000,2.302585e-001,1.844440e-001,2.302585e-001,1.844440e-001,3.453878e-001,4.493598e-001,4.000000e-001,
1220, 1.254680e-001, 2.561314e-001, 3.694836e-002, 1.415013e+000, 1.244798e-003, 9.875655e+000, 1.013448e+001, -6.909197e+003, -6.993960e+003, 152.000000,2.302585e-001,1.844440e-001,2.302585e-001,1.844440e-001,3.453878e-001,4.493598e-001,4.000000e-001,
1230, 1.254680e-001, 2.561314e-001, 3.694836e-002, 1.415013e+000, 1.244798e-003, 9.875655e+000, 1.013448e+001, -6.909197e+003, -7.361377e+003, 153.000000,2.302585e-001,1.844440e-001,2.302585e-001,1.844440e-001,3.453878e-001,4.493598e-001,4.000000e-001,
1240, 1.254680e-001, 2.561314e-001, 3.694836e-002, 1.415013e+000, 1.244798e-003, 9.875655e+000, 1.013448e+001, -6.909197e+003, -7.039658e+003, 155.000000,2.302585e-001,1.844440e-001,2.302585e-001,1.844440e-001,3.453878e-001,4.493598e-001,4.000000e-001,
1250, 1.254680e-001, 2.561314e-001, 3.694836e-002, 1.415013e+000, 1.244798e-003, 9.875655e+000, 1.013448e+001, -6.909197e+003, -8.699803e+003, 156.000000,2.302585e-001,1.844440e-001,2.302585e-001,1.844440e-001,3.453878e-001,4.493598e-001,4.000000e-001,
1260, 1.254680e-001, 2.561314e-001, 3.694836e-002, 1.415013e+000, 1.244798e-003, 9.875655e+000, 1.013448e+001, -6.909197e+003, -8.190082e+003, 157.000000,2.302585e-001,1.844440e-001,2.302585e-001,1.844440e-001,3.453878e-001,4.493598e-001,4.000000e-001,
1270, 1.254680e-001, 2.561314e-001, 3.694836e-002, 1.415013e+000, 1.244798e-003, 9.875655e+000, 1.013448e+001, -6.909197e+003, -7.214565e+003, 158.000000,2.302585e-001,1.844440e-001,2.302585e-001,1.844440e-001,3.453878e-001,4.493598e-001,4.000000e-001,
1280, 1.254680e-001, 2.561314e-001, 3.694836e-002, 1.415013e+000, 1.244798e-003, 9.875655e+000, 1.013448e+001, -6.909197e+003, -7.567662e+003, 160.000000,2.302585e-001,1.844440e-001,2.302585e-001,1.844440e-001,3.453878e-001,4.493598e-001,4.000000e-001,
1290, 1.254680e-001, 2.561314e-001, 3.694836e-002, 1.415013e+000, 1.244798e-003, 9.875655e+000, 1.013448e+001, -6.909197e+003, -6.993960e+003, 161.000000,2.302585e-001,1.844440e-001,2.302585e-001,1.844440e-001,3.453878e-001,4.493598e-001,4.000000e-001,
1300, 1.254680e-001, 2.561314e-001, 3.694836e-002, 1.415013e+000, 1.244798e-003, 9.875655e+000, 1.013448e+001, -6.909197e+003, -7.022632e+003, 162.000000,2.302585e-001,1.844440e-001,2.302585e-001,1.844440e-001,3.453878e-001,4.493598e-001,4.000000e-001,
1310, 1.254680e-001, 2.561314e-001, 3.694836e-002, 1.415013e+000, 1.244798e-003, 9.875655e+000, 1.013448e+001, -6.909197e+003, -7.039658e+003, 163.000000,2.302585e-001,1.844440e-001,2.302585e-001,1.844440e-001,3.453878e-001,4.493598e-001,4.000000e-001,
1320, 1.254680e-001, 2.561314e-001, 3.694836e-002, 1.415013e+000, 1.244798e-003, 9.875655e+000, 1.013448e+001, -6.909197e+003, -7.361377e+003, 165.000000,2.302585e-001,1.844440e-001,2.302585e-001,1.844440e-001,3.453878e-001,4.493598e-001,4.000000e-001,
1330, 1.254680e-001, 2.561314e-001, 3.694836e-002, 1.415013e+000, 1.244798e-003, 9.875655e+000, 1.013448e+001, -6.909197e+003, -8.190082e+003, 166.000000,2.302585e-001,1.844440e-001,2.302585e-001,1.844440e-001,3.453878e-001,4.493598e-001,4.000000e-001,
1340, 1.254680e-001, 2.561314e-001, 3.694836e-002, 1.415013e+000, 1.244798e-003, 9.875655e+000, 1.013448e+001, -6.909197e+003, -8.699803e+003, 167.000000,2.302585e-001,1.844440e-001,2.302585e-001,1.844440e-001,3.453878e-001,4.493598e-001,4.000000e-001,
1350, 1.254680e-001, 2.561314e-001, 3.694836e-002, 1.415013e+000, 1.244798e-003, 9.875655e+000, 1.013448e+001, -6.909197e+003, -7.022632e+003, 168.000000,2.302585e-001,1.844440e-001,2.302585e-001,1.844440e-001,3.453878e-001,4.493598e-001,4.000000e-001,
1360, 1.254680e-001, 2.561314e-001, 3.694836e-002, 1.415013e+000, 1.244798e-003, 9.875655e+000, 1.013448e+001, -6.909197e+003, -6.993960e+003, 170.000000,2.302585e-001,1.844440e-001,2.302585e-001,1.844440e-001,3.453878e-001,4.493598e-001,4.000000e-001,
1370, 1.254680e-001, 2.561314e-001, 3.694836e-002, 1.415013e+000, 1.244798e-003, 9.875655e+000, 1.013448e+001, -6.909197e+003, -7.567662e+003, 171.000000,2.302585e-001,1.844440e-001,2.302585e-001,1.844440e-001,3.453878e-001,4.493598e-001,4.000000e-001,
1380, 1.254680e-001, 2.561314e-001, 3.694836e-002, 1.415013e+000, 1.244798e-003, 9.875655e+000, 1.013448e+001, -6.909197e+003, -7.214565e+003, 172.000000,2.302585e-001,1.844440e-001,2.302585e-001,1.844440e-001,3.453878e-001,4.493598e-001,4.000000e-001,
1390, 1.254680e-001, 2.561314e-001, 3.694836e-002, 1.415013e+000, 1.244798e-003, 9.875655e+000, 1.013448e+001, -6.909197e+003, -7.022632e+003, 173.000000,2.302585e-001,1.844440e-001,2.302585e-001,1.844440e-001,3.453878e-001,4.493598e-001,4.000000e-001,
1400, 1.254680e-001, 2.561314e-001, 3.694836e-002, 1.415013e+000, 1.244798e-003, 9.875655e+000, 1.013448e+001, -6.909197e+003, -8.190082e+003, 175.000000,2.302585e-001,1.844440e-001,2.302585e-001,1.844440e-001,3.453878e-001,4.493598e-001,4.000000e-001,
1410, 1.254680e-001, 2.561314e-001, 3.694836e-002, 1.415013e+000, 1.244798e-003, 9.875655e+000, 1.013448e+001, -6.909197e+003, -7.361377e+003, 176.000000,2.302585e-001,1.844440e-001,2.302585e-001,1.844440e-001,3.453878e-001,4.493598e-001,4.000000e-001,
1420, 1.254680e-001, 2.561314e-001, 3.694836e-002, 1.415013e+000, 1.244798e-003, 9.875655e+000, 1.013448e+001, -6.909197e+003, -7.039658e+003, 177.000000,2.302585e-001,1.844440e-001,2.302585e-001,1.844440e-001,3.453878e-001,4.493598e-001,4.000000e-001,
1430, 1.254680e-001, 2.561314e-001, 3.694836e-002, 1.415013e+000, 1.244798e-003, 9.875655e+000, 1.013448e+001, -6.909197e+003, -8.699803e+003, 178.000000,2.302585e-001,1.844440e-001,2.302585e-001,1.844440e-001,3.453878e-001,4.493598e-001,4.000000e-001,
1440, 1.254680e-001, 2.561314e-001, 3.694836e-002, 1.415013e+000, 1.244798e-003, 9.875655e+000, 1.013448e+001, -6.909197e+003, -7.153268e+003, 180.000000,2.302585e-001,1.844440e-001,2.302585e-001,1.844440e-001,3.453878e-001,4.493598e-001,4.000000e-001,
1450, 1.254680e-001, 2.561314e-001, 3.694836e-002, 1.415013e+000, 1.244798e-003, 9.875655e+000, 1.013448e+001, -6.909197e+003, -7.427947e+003, 181.000000,2.302585e-001,1.844440e-001,2.302585e-001,1.844440e-001,3.453878e-001,4.493598e-001,4.000000e-001,
1460, 1.254680e-001, 2.561314e-001, 3.694836e-002, 1.415013e+000, 1.244798e-003, 9.875655e+000, 1.013448e+001, -6.909197e+003, -6.968602e+003, 182.000000,2.302585e-001,1.844440e-001,2.302585e-001,1.844440e-001,3.453878e-001,4.493598e-001,4.000000e-001,
1470, 1.254680e-001, 2.561314e-001, 3.694836e-002, 1.415013e+000, 1.244798e-003, 9.875655e+000, 1.013448e+001, -6.909197e+003, -7.096305e+003, 183.000000,2.302585e-001,1.844440e-001,2.302585e-001,1.844440e-001,3.453878e-001,4.493598e-001,4.000000e-001,
1480, 1.254680e-001, 2.561314e-001, 3.694836e-002, 1.415013e+000, 1.244798e-003, 9.875655e+000, 1.013448e+001, -6.909197e+003, -7.001319e+003, 185.000000,2.302585e-001,1.844440e-001,2.302585e-001,1.844440e-001,3.453878e-001,4.493598e-001,4.000000e-001,
1490, 1.254680e-001, 2.561314e-001, 3.694836e-002, 1.415013e+000, 1.244798e-003, 9.875655e+000, 1.013448e+001, -6.909197e+003, -7.241640e+003, 186.000000,2.302585e-001,1.844440e-001,2.302585e-001,1.844440e-001,3.453878e-001,4.493598e-001,4.000000e-001,
1500, 1.254680e-001, 2.561314e-001, 3.694836e-002, 1.415013e+000, 1.244798e-003, 9.875655e+000, 1.013448e+001, -6.909197e+003, -7.799613e+003, 187.000000,2.302585e-001,1.844440e-001,2.302585e-001,1.844440e-001,3.453878e-001,4.493598e-001,4.000000e-001,
1510, 1.254680e-001, 2.561314e-001, 3.694836e-002, 1.415013e+000, 1.244798e-003, 9.875655e+000, 1.013448e+001, -6.909197e+003, -6.969058e+003, 188.000000,2.302585e-001,1.844440e-001,2.302585e-001,1.844440e-001,3.453878e-001,4.493598e-001,4.000000e-001,
1520, 1.254680e-001, 2.561314e-001, 3.694836e-002, 1.415013e+000, 1.244798e-003, 9.875655e+000, 1.013448e+001, -6.909197e+003, -7.427947e+003, 190.000000,2.302585e-001,1.844440e-001,2.302585e-001,1.844440e-001,3.453878e-001,4.493598e-001,4.000000e-001,
1530, 1.254680e-001, 2.561314e-001, 3.694836e-002, 1.415013e+000, 1.244798e-003, 9.875655e+000, 1.013448e+001, -6.909197e+003, -7.153268e+003, 191.000000,2.302585e-001,1.844440e-001,2.302585e-001,1.844440e-001,3.453878e-001,4.493598e-001,4.000000e-001,
1540, 1.254680e-001, 2.561314e-001, 3.694836e-002, 1.415013e+000, 1.244798e-003, 9.875655e+000, 1.013448e+001, -6.909197e+003, -7.096305e+003, 192.000000,2.302585e-001,1.844440e-001,2.302585e-001,1.844440e-001,3.453878e-001,4.493598e-001,4.000000e-001,
1550, 1.254680e-001, 2.561314e-001, 3.694836e-002, 1.415013e+000, 1.244798e-003, 9.875655e+000, 1.013448e+001, -6.909197e+003, -6.968602e+003, 193.000000,2.302585e-001,1.844440e-001,2.302585e-001,1.844440e-001,3.453878e-001,4.493598e-001,4.000000e-001,
1560, 1.254680e-001, 2.561314e-001, 3.694836e-002, 1.415013e+000, 1.244798e-003, 9.875655e+000, 1.013448e+001, -6.909197e+003, -7.241640e+003, 195.000000,2.302585e-001,1.844440e-001,2.302585e-001,1.844440e-001,3.453878e-001,4.493598e-001,4.000000e-001,
1570, 1.254680e-001, 2.561314e-001, 3.694836e-002, 1.415013e+000, 1.244798e-003, 9.875655e+000, 1.013448e+001, -6.909197e+003, -7.001319e+003, 196.000000,2.302585e-001,1.844440e-001,2.302585e-001,1.844440e-001,3.453878e-001,4.493598e-001,4.000000e-001,
1580, 1.254680e-001, 2.561314e-001, 3.694836e-002, 1.415013e+000, 1.244798e-003, 9.875655e+000, 1.013448e+001, -6.909197e+003, -6.969058e+003, 197.000000,2.302585e-001,1.844440e-001,2.302585e-001,1.844440e-001,3.453878e-001,4.493598e-001,4.000000e-001,
1590, 1.254680e-001, 2.561314e-001, 3.694836e-002, 1.415013e+000, 1.244798e-003, 9.875655e+000, 1.013448e+001, -6.909197e+003, -7.799613e+003, 198.000000,2.302585e-001,1.844440e-001,2.302585e-001,1.844440e-001,3.453878e-001,4.493598e-001,4.000000e-001,
1600, 1.254680e-001, 2.561314e-001, 3.694836e-002, 1.415013e+000, 1.244798e-003, 9.875655e+000, 1.013448e+001, -6.909197e+003, -6.968602e+003, 200.000000,2.302585e-001,1.844440e-001,2.302585e-001,1.844440e-001,3.453878e-001,4.493598e-001,4.000000e-001,
1610, 1.254680e-001, 2.561314e-001, 3.694836e-002, 1.415013e+000, 1.244798e-003, 9.875655e+000, 1.013448e+001, -6.909197e+003, -7.096305e+003, 201.000000,2.302585e-001,1.844440e-001,2.302585e-001,1.844440e-001,3.453878e-001,4.493598e-001,4.000000e-001,
1620, 1.254680e-001, 2.561314e-001, 3.694836e-002, 1.415013e+000, 1.244798e-003, 9.875655e+000, 1.013448e+001, -6.909197e+003, -7.153268e+003, 202.000000,2.302585e-001,1.844440e-001,2.302585e-001,1.844440e-001,3.453878e-001,4.493598e-001,4.000000e-001,
1630, 1.254680e-001, 2.561314e-001, 3.694836e-002, 1.415013e+000, 1.244798e-003, 9.875655e+000, 1.013448e+001, -6.909197e+003, -7.427947e+003, 203.000000,2.302585e-001,1.844440e-001,2.302585e-001,1.844440e-001,3.453878e-001,4.493598e-001,4.000000e-001,
1640, 1.254680e-001, 2.561314e-001, 3.694836e-002, 1.415013e+000, 1.244798e-003, 9.875655e+000, 1.013448e+001, -6.909197e+003, -7.799613e+003, 205.000000,2.302585e-001,1.844440e-001,2.302585e-001,1.844440e-001,3.453878e-001,4.493598e-001,4.000000e-001,
1650, 1.254680e-001, 2.561314e-001, 3.694836e-002, 1.415013e+000, 1.244798e-003, 9.875655e+000, 1.013448e+001, -6.909197e+003, -6.969058e+003, 206.000000,2.302585e-001,1.844440e-001,2.302585e-001,1.844440e-001,3.453878e-001,4.493598e-001,4.000000e-001,
1660, 1.254680e-001, 2.561314e-001, 3.694836e-002, 1.415013e+000, 1.244798e-003, 9.875655e+000, 1.013448e+001, -6.909197e+003, -7.001319e+003, 207.000000,2.302585e-001,1.844440e-001,2.302585e-001,1.844440e-001,3.453878e-001,4.493598e-001,4.000000e-001,
1670, 1.254680e-001, 2.561314e-001, 3.694836e-002, 1.415013e+000, 1.244798e-003, 9.875655e+000, 1.013448e+001, -6.909197e+003, -7.241640e+003, 208.000000,2.302585e-001,1.844440e-001,2.302585e-001,1.844440e-001,3.453878e-001,4.493598e-001,4.000000e-001,
1680, 1.254680e-001, 2.561314e-001, 3.694836e-002, 1.415013e+000, 1.244798e-003, 9.875655e+000, 1.013448e+001, -6.909197e+003, -7.096305e+003, 210.000000,2.302585e-001,1.844440e-001,2.302585e-001,1.844440e-001,3.453878e-001,4.493598e-001,4.000000e-001,
1690, 1.254680e-001, 2.561314e-001, 3.694836e-002, 1.415013e+000, 1.244798e-003, 9.875655e+000, 1.013448e+001, -6.909197e+003, -6.968602e+003, 211.000000,2.302585e-001,1.844440e-001,2.302585e-001,1.844440e-001,3.453878e-001,4.493598e-001,4.000000e-001,
1700, 1.254680e-001, 2.561314e-001, 3.694836e-002, 1.415013e+000, 1.244798e-003, 9.875655e+000, 1.013448e+001, -6.909197e+003, -7.427947e+003, 212.000000,2.302585e-001,1.844440e-001,2.302585e-001,1.844440e-001,3.453878e-001,4.493598e-001,4.000000e-001,
1710, 1.254680e-001, 2.561314e-001, 3.694836e-002, 1.415013e+000, 1.244798e-003, 9.875655e+000, 1.013448e+001, -6.909197e+003, -7.153268e+003, 213.000000,2.302585e-001,1.844440e-001,2.302585e-001,1.844440e-001,3.453878e-001,4.493598e-001,4.000000e-001,
1720, 1.254680e-001, 2.561314e-001, 3.694836e-002, 1.415013e+000, 1.244798e-003, 9.875655e+000, 1.013448e+001, -6.909197e+003, -6.969058e+003, 215.000000,2.302585e-001,1.844440e-001,2.302585e-001,1.844440e-001,3.453878e-001,4.493598e-001,4.000000e-001,
1730, 1.254680e-001, 2.561314e-001, 3.694836e-002, 1.415013e+000, 1.244798e-003, 9.875655e+000, 1.013448e+001, -6.909197e+003, -7.799613e+003, 216.000000,2.302585e-001,1.844440e-001,2.302585e-001,1.844440e-001,3.453878e-001,4.493598e-001,4.000000e-001,
1740, 1.254680e-001, 2.561314e-001, 3.694836e-002, 1.415013e+000, 1.244798e-003, 9.875655e+000, 1.013448e+001, -6.909197e+003, -7.241640e+003, 217.000000,2.302585e-001,1.844440e-001,2.302585e-001,1.844440e-001,3.453878e-001,4.493598e-001,4.000000e-001,
1750, 1.254680e-001, 2.561314e-001, 3.694836e-002, 1.415013e+000, 1.244798e-003, 9.875655e+000, 1.013448e+001, -6.909197e+003, -7.001319e+003, 218.000000,2.302585e-001,1.844440e-001,2.302585e-001,1.844440e-001,3.453878e-001,4.493598e-001,4.000000e-001,
1760, 1.254680e-001, 2.561314e-001, 3.694836e-002, 1.415013e+000, 1.244798e-003, 9.875655e+000, 1.013448e+001, -6.909197e+003, -6.969058e+003, 220.000000,2.302585e-001,1.844440e-001,2.302585e-001,1.844440e-001,3.453878e-001,4.493598e-001,4.000000e-001,
1770, 1.254680e-001, 2.561314e-001, 3.694836e-002, 1.415013e+000, 1.244798e-003, 9.875655e+000, 1.013448e+001, -6.909197e+003, -6.949536e+003, 221.000000,2.302585e-001,1.844440e-001,2.302585e-001,1.844440e-001,3.453878e-001,4.493598e-001,4.000000e-001,
1780, 1.254680e-001, 2.561314e-001, 3.694836e-002, 1.415013e+000, 1.244798e-003, 9.875655e+000, 1.013448e+001, -6.909197e+003, -7.044466e+003, 222.000000,2.302585e-001,1.844440e-001,2.302585e-001,1.844440e-001,3.453878e-001,4.493598e-001,4.000000e-001,
1790, 1.254680e-001, 2.561314e-001, 3.694836e-002, 1.415013e+000, 1.244798e-003, 9.875655e+000, 1.013448e+001, -6.909197e+003, -7.192714e+003, 223.000000,2.302585e-001,1.844440e-001,2.302585e-001,1.844440e-001,3.453878e-001,4.493598e-001,4.000000e-001,
1800, 1.254680e-001, 2.561314e-001, 3.694836e-002, 1.415013e+000, 1.244798e-003, 9.875655e+000, 1.013448e+001, -6.909197e+003, -7.301658e+003, 225.000000,2.302585e-001,1.844440e-001,2.302585e-001,1.844440e-001,3.453878e-001,4.493598e-001,4.000000e-001,
1810, 1.254680e-001, 2.561314e-001, 3.694836e-002, 1.415013e+000, 1.244798e-003, 9.875655e+000, 1.013448e+001, -6.909197e+003, -7.500132e+003, 226.000000,2.302585e-001,1.844440e-001,2.302585e-001,1.844440e-001,3.453878e-001,4.493598e-001,4.000000e-001,
1820, 1.254680e-001, 2.561314e-001, 3.694836e-002, 1.415013e+000, 1.244798e-003, 9.875655e+000, 1.013448e+001, -6.909197e+003, -6.946701e+003, 227.000000,2.302585e-001,1.844440e-001,2.302585e-001,1.844440e-001,3.453878e-001,4.493598e-001,4.000000e-001,
1830, 1.254680e-001, 2.561314e-001, 3.694836e-002, 1.415013e+000, 1.244798e-003, 9.875655e+000, 1.013448e+001, -6.909197e+003, -7.063122e+003, 228.000000,2.302585e-001,1.844440e-001,2.302585e-001,1.844440e-001,3.453878e-001,4.493598e-001,4.000000e-001,
1840, 1.254680e-001, 2.561314e-001, 3.694836e-002, 1.415013e+000, 1.244798e-003, 9.875655e+000, 1.013448e+001, -6.909197e+003, -7.143168e+003, 230.000000,2.302585e-001,1.844440e-001,2.302585e-001,1.844440e-001,3.453878e-001,4.493598e-001,4.000000e-001,
1850, 1.254680e-001, 2.561314e-001, 3.694836e-002, 1.415013e+000, 1.244798e-003, 9.875655e+000, 1.013448e+001, -6.909197e+003, -7.301658e+003, 231.000000,2.302585e-001,1.844440e-001,2.302585e-001,1.844440e-001,3.453878e-001,4.493598e-001,4.000000e-001,
1860, 1.254680e-001, 2.561314e-001, 3.694836e-002, 1.415013e+000, 1.244798e-003, 9.875655e+000, 1.013448e+001, -6.909197e+003, -7.192714e+003, 232.000000,2.302585e-001,1.844440e-001,2.302585e-001,1.844440e-001,3.453878e-001,4.493598e-001,4.000000e-001,
1870, 1.254680e-001, 2.561314e-001, 3.694836e-002, 1.415013e+000, 1.244798e-003, 9.875655e+000, 1.013448e+001, -6.909197e+003, -7.044466e+003, 233.000000,2.302585e-001,1.844440e-001,2.302585e-001,1.844440e-001,3.453878e-001,4.493598e-001,4.000000e-001,
1880, 1.254680e-001, 2.561314e-001, 3.694836e-002, 1.415013e+000, 1.244798e-003, 9.875655e+000, 1.013448e+001, -6.909197e+003, -6.949536e+003, 235.000000,2.302585e-001,1.844440e-001,2.302585e-001,1.844440e-001,3.453878e-001,4.493598e-001,4.000000e-001,
1890, 1.254680e-001, 2.561314e-001, 3.694836e-002, 1.415013e+000, 1.244798e-003, 9.875655e+000, 1.013448e+001, -6.909197e+003, -7.143168e+003, 236.000000,2.302585e-001,1.844440e-001,2.302585e-001,1.844440e-001,3.453878e-001,4.493598e-001,4.000000e-001,
1900, 1.254680e-001, 2.561314e-001, 3.694836e-002, 1.415013e+000, 1.244798e-003, 9.875655e+000, 1.013448e+001, -6.909197e+003, -7.063122e+003, 237.000000,2.302585e-001,1.844440e-001,2.302585e-001,1.844440e-001,3.453878e-001,4.493598e-001,4.000000e-001,
1910, 1.254680e-001, 2.561314e-001, 3.694836e-002, 1.415013e+000, 1.244798e-003, 9.875655e+000, 1.013448e+001, -6.909197e+003, -6.946701e+003, 238.000000,2.302585e-001,1.844440e-001,2.302585e-001,1.844440e-001,3.453878e-001,4.493598e-001,4.000000e-001,
1920, 1.254680e-001, 2.561314e-001, 3.694836e-002, 1.415013e+000, 1.244798e-003, 9.875655e+000, 1.013448e+001, -6.909197e+003, -7.500132e+003, 240.000000,2.302585e-001,1.844440e-001,2.302585e-001,1.844440e-001,3.453878e-001,4.493598e-001,4.000000e-001,
1930, 1.254680e-001, 2.561314e-001, 3.694836e-002, 1.415013e+000, 1.244798e-003, 9.875655e+000, 1.013448e+001, -6.909197e+003, -7.192714e+003, 241.000000,2.302585e-001,1.844440e-001,2.302585e-001,1.844440e-001,3.453878e-001,4.493598e-001,4.000000e-001,
1940, 1.254680e-001, 2.561314e-001, 3.694836e-002, 1.415013e+000, 1.244798e-003, 9.875655e+000, 1.013448e+001, -6.909197e+003, -7.301658e+003, 242.000000,2.302585e-001,1.844440e-001,2.302585e-001,1.844440e-001,3.453878e-001,4.493598e-001,4.000000e-001,
1950, 1.254680e-001, 2.561314e-001, 3.694836e-002, 1.415013e+000, 1.244798e-003, 9.875655e+000, 1.013448e+001, -6.909197e+003, -6.949536e+003, 243.000000,2.302585e-001,1.844440e-001,2.302585e-001,1.844440e-001,3.453878e-001,4.493598e-001,4.000000e-001,
1960, 1.254680e-001, 2.561314e-001, 3.694836e-002, 1.415013e+000, 1.244798e-003, 9.875655e+000, 1.013448e+001, -6.909197e+003, -7.044466e+003, 245.000000,2.302585e-001,1.844440e-001,2.302585e-001,1.844440e-001,3.453878e-001,4.493598e-001,4.000000e-001,
1970, 1.254680e-001, 2.561314e-001, 3.694836e-002, 1.415013e+000, 1.244798e-003, 9.875655e+000, 1.013448e+001, -6.909197e+003, -7.063122e+003, 246.000000,2.302585e-001,1.844440e-001,2.302585e-001,1.844440e-001,3.453878e-001,4.493598e-001,4.000000e-001,
1980, 1.254680e-001, 2.561314e-001, 3.694836e-002, 1.415013e+000, 1.244798e-003, 9.875655e+000, 1.013448e+001, -6.909197e+003, -7.143168e+003, 247.000000,2.302585e-001,1.844440e-001,2.302585e-001,1.844440e-001,3.453878e-001,4.493598e-001,4.000000e-001,
1990, 1.254680e-001, 2.561314e-001, 3.694836e-002, 1.415013e+000, 1.244798e-003, 9.875655e+000, 1.013448e+001, -6.909197e+003, -7.500132e+003, 248.000000,2.302585e-001,1.844440e-001,2.302585e-001,1.844440e-001,3.453878e-001,4.493598e-001,4.000000e-001,
2000, 1.254680e-001, 2.561314e-001, 3.694836e-002, 1.415013e+000, 1.244798e-003, 9.875655e+000, 1.013448e+001, -6.909197e+003, -6.946701e+003, 250.000000,2.302585e-001,1.844440e-001,2.302585e-001,1.844440e-001,3.453878e-001,4.493598e-001,4.000000e-001,
2010, 1.254680e-001, 2.561314e-001, 3.694836e-002, 1.415013e+000, 1.244798e-003, 9.875655e+000, 1.013448e+001, -6.909197e+003, -7.044466e+003, 251.000000,2.302585e-001,1.844440e-001,2.302585e-001,1.844440e-001,3.453878e-001,4.493598e-001,4.000000e-001,
2020, 1.254680e-001, 2.561314e-001, 3.694836e-002, 1.415013e+000, 1.244798e-003, 9.875655e+000, 1.013448e+001, -6.909197e+003, -6.949536e+003, 252.000000,2.302585e-001,1.844440e-001,2.302585e-001,1.844440e-001,3.453878e-001,4.493598e-001,4.000000e-001,
2030, 1.254680e-001, 2.561314e-001, 3.694836e-002, 1.415013e+000, 1.244798e-003, 9.875655e+000, 1.013448e+001, -6.909197e+003, -7.301658e+003, 253.000000,2.302585e-001,1.844440e-001,2.302585e-001,1.844440e-001,3.453878e-001,4.493598e-001,4.000000e-001,
2040, 1.254680e-001, 2.561314e-001, 3.694836e-002, 1.415013e+000, 1.244798e-003, 9.875655e+000, 1.013448e+001, -6.909197e+003, -7.192714e+003, 255.000000,2.302585e-001,1.844440e-001,2.302585e-001,1.844440e-001,3.453878e-001,4.493598e-001,4.000000e-001,
2050, 1.254680e-001, 2.561314e-001, 3.694836e-002, 1.415013e+000, 1.244798e-003, 9.875655e+000, 1.013448e+001, -6.909197e+003, -6.946701e+003, 256.000000,2.302585e-001,1.844440e-001,2.302585e-001,1.844440e-001,3.453878e-001,4.493598e-001,4.000000e-001,
2060, 1.254680e-001, 2.561314e-001, 3.694836e-002, 1.415013e+000, 1.244798e-003, 9.875655e+000, 1.013448e+001, -6.909197e+003, -7.500132e+003, 257.000000,2.302585e-001,1.844440e-001,2.302585e-001,1.844440e-001,3.453878e-001,4.493598e-001,4.000000e-001,
2070, 1.254680e-001, 2.561314e-001, 3.694836e-002, 1.415013e+000, 1.244798e-003, 9.875655e+000, 1.013448e+001, -6.909197e+003, -7.143168e+003, 258.000000,2.302585e-001,1.844440e-001,2.302585e-001,1.844440e-001,3.453878e-001,4.493598e-001,4.000000e-001,
2080, 1.254680e-001, 2.561314e-001, 3.694836e-002, 1.415013e+000, 1.244798e-003, 9.875655e+000, 1.013448e+001, -6.909197e+003, -7.063122e+003, 260.000000,2.302585e-001,1.844440e-001,2.302585e-001,1.844440e-001,3.453878e-001,4.493598e-001,4.000000e-001,
2090, 1.254680e-001, 2.561314e-001, 3.694836e-002, 1.415013e+000, 1.244798e-003, 9.875655e+000, 1.013448e+001, -6.909197e+003, -7.001573e+003, 261.000000,2.302585e-001,1.844440e-001,2.302585e-001,1.844440e-001,3.453878e-001,4.493598e-001,4.000000e-001,
2100, 1.254680e-001, 2.561314e-001, 3.694836e-002, 1.415013e+000, 1.244798e-003, 9.875655e+000, 1.013448e+001, -6.909197e+003, -7.099638e+003, 262.000000,2.302585e-001,1.844440e-001,2.302585e-001,1.844440e-001,3.453878e-001,4.493598e-001,4.000000e-001,
2110, 1.254680e-001, 2.561314e-001, 3.694836e-002, 1.415013e+000, 1.244798e-003, 9.875655e+000, 1.013448e+001, -6.909197e+003, -6.921985e+003, 263.000000,2.302585e-001,1.844440e-001,2.302585e-001,1.844440e-001,3.453878e-001,4.493598e-001,4.000000e-001,
2120, 1.254680e-001, 2.561314e-001, 3.694836e-002, 1.415013e+000, 1.244798e-003, 9.875655e+000, 1.013448e+001, -6.909197e+003, -6.933304e+003, 265.000000,2.302585e-001,1.844440e-001,2.302585e-001,1.844440e-001,3.453878e-001,4.493598e-001,4.000000e-001,
2130, 1.254680e-001, 2.561314e-001, 3.694836e-002, 1.415013e+000, 1.244798e-003, 9.875655e+000, 1.013448e+001, -6.909197e+003, -6.929366e+003, 266.000000,2.302585e-001,1.844440e-001,2.302585e-001,1.844440e-001,3.453878e-001,4.493598e-001,4.000000e-001,
2140, 1.254680e-001, 2.561314e-001, 3.694836e-002, 1.415013e+000, 1.244798e-003, 9.875655e+000, 1.013448e+001, -6.909197e+003, -7.002006e+003, 267.000000,2.302585e-001,1.844440e-001,2.302585e-001,1.844440e-001,3.453878e-001,4.493598e-001,4.000000e-001,
2150, 1.254680e-001, 2.561314e-001, 3.694836e-002, 1.415013e+000, 1.244798e-003, 9.875655e+000, 1.013448e+001, -6.909197e+003, -7.121207e+003, 268.000000,2.302585e-001,1.844440e-001,2.302585e-001,1.844440e-001,3.453878e-001,4.493598e-001,4.000000e-001,
2160, 1.254680e-001, 2.561314e-001, 3.694836e-002, 1.415013e+000, 1.244798e-003, 9.875655e+000, 1.013448e+001, -6.909197e+003, -7.279299e+003, 270.000000,2.302585e-001,1.844440e-001,2.302585e-001,1.844440e-001,3.453878e-001,4.493598e-001,4.000000e-001,
2170, 1.254680e-001, 2.561314e-001, 3.694836e-002, 1.415013e+000, 1.244798e-003, 9.875655e+000, 1.013448e+001, -6.909197e+003, -6.929366e+003, 271.000000,2.302585e-001,1.844440e-001,2.302585e-001,1.844440e-001,3.453878e-001,4.493598e-001,4.000000e-001,
2180, 1.254680e-001, 2.561314e-001, 3.694836e-002, 1.415013e+000, 1.244798e-003, 9.875655e+000, 1.013448e+001, -6.909197e+003, -6.921985e+003, 272.000000,2.302585e-001,1.844440e-001,2.302585e-001,1.844440e-001,3.453878e-001,4.493598e-001,4.000000e-001,
2190, 1.254680e-001, 2.561314e-001, 3.694836e-002, 1.415013e+000, 1.244798e-003, 9.875655e+000, 1.013448e+001, -6.909197e+003, -7.099638e+003, 273.000000,2.302585e-001,1.844440e-001,2.302585e-001,1.844440e-001,3.453878e-001,4.493598e-001,4.000000e-001,
2200, 1.254680e-001, 2.561314e-001, 3.694836e-002, 1.415013e+000, 1.244798e-003, 9.875655e+000, 1.013448e+001, -6.909197e+003, -7.001573e+003, 275.000000,2.302585e-001,1.844440e-001,2.302585e-001,1.844440e-001,3.453878e-001,4.493598e-001,4.000000e-001,
2210, 1.254680e-001, 2.561314e-001, 3.694836e-002, 1.415013e+000, 1.244798e-003, 9.875655e+000, 1.013448e+001, -6.909197e+003, -6.933304e+003, 276.000000,2.302585e-001,1.844440e-001,2.302585e-001,1.844440e-001,3.453878e-001,4.493598e-001,4.000000e-001,
2220, 1.254680e-001, 2.561314e-001, 3.694836e-002, 1.415013e+000, 1.244798e-003, 9.875655e+000, 1.013448e+001, -6.909197e+003, -7.121207e+003, 277.000000,2.302585e-001,1.844440e-001,2.302585e-001,1.844440e-001,3.453878e-001,4.493598e-001,4.000000e-001,
2230, 1.254680e-001, 2.561314e-001, 3.694836e-002, 1.415013e+000, 1.244798e-003, 9.875655e+000, 1.013448e+001, -6.909197e+003, -7.002006e+003, 278.000000,2.302585e-001,1.844440e-001,2.302585e-001,1.844440e-001,3.453878e-001,4.493598e-001,4.000000e-001,
2240, 1.254680e-001, 2.561314e-001, 3.694836e-002, 1.415013e+000, 1.244798e-003, 9.875655e+000, 1.013448e+001, -6.909197e+003, -6.929366e+003, 280.000000,2.302585e-001,1.844440e-001,2.302585e-001,1.844440e-001,3.453878e-001,4.493598e-001,4.000000e-001,
2250, 1.254680e-001, 2.561314e-001, 3.694836e-002, 1.415013e+000, 1.244798e-003, 9.875655e+000, 1.013448e+001, -6.909197e+003, -7.279299e+003, 281.000000,2.302585e-001,1.844440e-001,2.302585e-001,1.844440e-001,3.453878e-001,4.493598e-001,4.000000e-001,
2260, 1.254680e-001, 2.561314e-001, 3.694836e-002, 1.415013e+000, 1.244798e-003, 9.875655e+000, 1.013448e+001, -6.909197e+003, -6.933304e+003, 282.000000,2.302585e-001,1.844440e-001,2.302585e-001,1.844440e-001,3.453878e-001,4.493598e-001,4.000000e-001,
2270, 1.254680e-001, 2.561314e-001, 3.694836e-002, 1.415013e+000, 1.244798e-003, 9.875655e+000, 1.013448e+001, -6.909197e+003, -7.001573e+003, 283.000000,2.302585e-001,1.844440e-001,2.302585e-001,1.844440e-001,3.453878e-001,4.493598e-001,4.000000e-001,
2280, 1.254680e-001, 2.561314e-001, 3.694836e-002, 1.415013e+000, 1.244798e-003, 9.875655e+000, 1.013448e+001, -6.909197e+003, -7.099638e+003, 285.000000,2.302585e-001,1.844440e-001,2.302585e-001,1.844440e-001,3.453878e-001,4.493598e-001,4.000000e-001,
2290, 1.254680e-001, 2.561314e-001, 3.694836e-002, 1.415013e+000, 1.244798e-003, 9.875655e+000, 1.013448e+001, -6.909197e+003, -6.921985e+003, 286.000000,2.302585e-001,1.844440e-001,2.302585e-001,1.844440e-001,3.453878e-001,4.493598e-001,4.000000e-001,
2300, 1.254680e-001, 2.561314e-001, 3.694836e-002, 1.415013e+000, 1.244798e-003, 9.875655e+000, 1.013448e+001, -6.909197e+003, -7.279299e+003, 287.000000,2.302585e-001,1.844440e-001,2.302585e-001,1.844440e-001,3.453878e-001,4.493598e-001,4.000000e-001,
2310, 1.254680e-001, 2.561314e-001, 3.694836e-002, 1.415013e+000, 1.244798e-003, 9.875655e+000, 1.013448e+001, -6.909197e+003, -6.929366e+003, 288.000000,2.302585e-001,1.844440e-001,2.302585e-001,1.844440e-001,3.453878e-001,4.493598e-001,4.000000e-001,
2320, 1.254680e-001, 2.561314e-001, 3.694836e-002, 1.415013e+000, 1.244798e-003, 9.875655e+000, 1.013448e+001, -6.909197e+003, -7.002006e+003, 290.000000,2.302585e-001,1.844440e-001,2.302585e-001,1.844440e-001,3.453878e-001,4.493598e-001,4.000000e-001,
2330, 1.254680e-001, 2.561314e-001, 3.694836e-002, 1.415013e+000, 1.244798e-003, 9.875655e+000, 1.013448e+001, -6.909197e+003, -7.121207e+003, 291.000000,2.302585e-001,1.844440e-001,2.302585e-001,1.844440e-001,3.453878e-001,4.493598e-001,4.000000e-001,
2340, 1.254680e-001, 2.561314e-001, 3.694836e-002, 1.415013e+000, 1.244798e-003, 9.875655e+000, 1.013448e+001, -6.909197e+003, -7.279299e+003, 292.000000,2.302585e-001,1.844440e-001,2.302585e-001,1.844440e-001,3.453878e-001,4.493598e-001,4.000000e-001,
2350, 1.254680e-001, 2.561314e-001, 3.694836e-002, 1.415013e+000, 1.244798e-003, 9.875655e+000, 1.013448e+001, -6.909197e+003, -6.933304e+003, 293.000000,2.302585e-001,1.844440e-001,2.302585e-001,1.844440e-001,3.453878e-001,4.493598e-001,4.000000e-001,
2360, 1.254680e-001, 2.561314e-001, 3.694836e-002, 1.415013e+000, 1.244798e-003, 9.875655e+000, 1.013448e+001, -6.909197e+003, -6.921985e+003, 295.000000,2.302585e-001,1.844440e-001,2.302585e-001,1.844440e-001,3.453878e-001,4.493598e-001,4.000000e-001,
2370, 1.254680e-001, 2.561314e-001, 3.694836e-002, 1.415013e+000, 1.244798e-003, 9.875655e+000, 1.013448e+001, -6.909197e+003, -7.099638e+003, 296.000000,2.302585e-001,1.844440e-001,2.302585e-001,1.844440e-001,3.453878e-001,4.493598e-001,4.000000e-001,
2380, 1.254680e-001, 2.561314e-001, 3.694836e-002, 1.415013e+000, 1.244798e-003, 9.875655e+000, 1.013448e+001, -6.909197e+003, -7.001573e+003, 297.000000,2.302585e-001,1.844440e-001,2.302585e-001,1.844440e-001,3.453878e-001,4.493598e-001,4.000000e-001,
2390, 1.254680e-001, 2.561314e-001, 3.694836e-002, 1.415013e+000, 1.244798e-003, 9.875655e+000, 1.013448e+001, -6.909197e+003, -7.279299e+003, 298.000000,2.302585e-001,1.844440e-001,2.302585e-001,1.844440e-001,3.453878e-001,4.493598e-001,4.000000e-001,
2400, 1.254680e-001, 2.561314e-001, 3.694836e-002, 1.415013e+000, 1.244798e-003, 9.875655e+000, 1.013448e+001, -6.909197e+003, -7.121207e+003, 300.000000,2.302585e-001,1.844440e-001,2.302585e-001,1.844440e-001,3.453878e-001,4.493598e-001,4.000000e-001,
2410, 1.254680e-001, 2.561314e-001, 3.694836e-002, 1.415013e+000, 1.244798e-003, 9.875655e+000, 1.013448e+001, -6.909197e+003, -7.002006e+003, 301.000000,2.302585e-001,1.844440e-001,2.302585e-001,1.844440e-001,3.453878e-001,4.493598e-001,4.000000e-001,
2420, 1.254680e-001, 2.561314e-001, 3.694836e-002, 1.415013e+000, 1.244798e-003, 9.875655e+000, 1.013448e+001, -6.909197e+003, -6.929366e+003, 302.000000,2.302585e-001,1.844440e-001,2.302585e-001,1.844440e-001,3.453878e-001,4.493598e-001,4.000000e-001,
2430, 1.254680e-001, 2.561314e-001, 3.694836e-002, 1.415013e+000, 1.244798e-003, 9.875655e+000, 1.013448e+001, -6.909197e+003, -6.938818e+003, 303.000000,2.302585e-001,1.844440e-001,2.302585e-001,1.844440e-001,3.453878e-001,4.493598e-001,4.000000e-001,
2440, 1.254680e-001, 2.561314e-001, 3.694836e-002, 1.415013e+000, 1.244798e-003, 9.875655e+000, 1.013448e+001, -6.909197e+003, -6.967463e+003, 305.000000,2.302585e-001,1.844440e-001,2.302585e-001,1.844440e-001,3.453878e-001,4.493598e-001,4.000000e-001,
2450, 1.254680e-001, 2.561314e-001, 3.694836e-002, 1.415013e+000, 1.244798e-003, 9.875655e+000, 1.013448e+001, -6.909197e+003, -7.021459e+003, 306.000000,2.302585e-001,1.844440e-001,2.302585e-001,1.844440e-001,3.453878e-001,4.493598e-001,4.000000e-001,
2460, 1.254680e-001, 2.561314e-001, 3.694836e-002, 1.415013e+000, 1.244798e-003, 9.875655e+000, 1.013448e+001, -6.909197e+003, -6.915748e+003, 307.000000,2.302585e-001,1.844440e-001,2.302585e-001,1.844440e-001,3.453878e-001,4.493598e-001,4.000000e-001,
2470, 1.254680e-001, 2.561314e-001, 3.694836e-002, 1.415013e+000, 1.244798e-003, 9.875655e+000, 1.013448e+001, -6.909197e+003, -6.912306e+003, 308.000000,2.302585e-001,1.844440e-001,2.302585e-001,1.844440e-001,3.453878e-001,4.493598e-001,4.000000e-001,
2480, 1.254680e-001, 2.561314e-001, 3.694836e-002, 1.415013e+000, 1.244798e-003, 9.875655e+000, 1.013448e+001, -6.909197e+003, -6.918515e+003, 310.000000,2.302585e-001,1.844440e-001,2.302585e-001,1.844440e-001,3.453878e-001,4.493598e-001,4.000000e-001,
2490, 1.254680e-001, 2.561314e-001, 3.694836e-002, 1.415013e+000, 1.244798e-003, 9.875655e+000, 1.013448e+001, -6.909197e+003, -6.958852e+003, 311.000000,2.302585e-001,1.844440e-001,2.302585e-001,1.844440e-001,3.453878e-001,4.493598e-001,4.000000e-001,
2500, 1.254680e-001, 2.561314e-001, 3.694836e-002, 1.415013e+000, 1.244798e-003, 9.875655e+000, 1.013448e+001, -6.909197e+003, -7.015234e+003, 312.000000,2.302585e-001,1.844440e-001,2.302585e-001,1.844440e-001,3.453878e-001,4.493598e-001,4.000000e-001,
2510, 1.254680e-001, 2.561314e-001, 3.694836e-002, 1.415013e+000, 1.244798e-003, 9.875655e+000, 1.013448e+001, -6.909197e+003, -6.915748e+003, 313.000000,2.302585e-001,1.844440e-001,2.302585e-001,1.844440e-001,3.453878e-001,4.493598e-001,4.000000e-001,
2520, 1.254680e-001, 2.561314e-001, 3.694836e-002, 1.415013e+000, 1.244798e-003, 9.875655e+000, 1.013448e+001, -6.909197e+003, -7.021459e+003, 315.000000,2.302585e-001,1.844440e-001,2.302585e-001,1.844440e-001,3.453878e-001,4.493598e-001,4.000000e-001,
2530, 1.254680e-001, 2.561314e-001, 3.694836e-002, 1.415013e+000, 1.244798e-003, 9.875655e+000, 1.013448e+001, -6.909197e+003, -6.967463e+003, 316.000000,2.302585e-001,1.844440e-001,2.302585e-001,1.844440e-001,3.453878e-001,4.493598e-001,4.000000e-001,
2540, 1.254680e-001, 2.561314e-001, 3.694836e-002, 1.415013e+000, 1.244798e-003, 9.875655e+000, 1.013448e+001, -6.909197e+003, -6.938818e+003, 317.000000,2.302585e-001,1.844440e-001,2.302585e-001,1.844440e-001,3.453878e-001,4.493598e-001,4.000000e-001,
2550, 1.254680e-001, 2.561314e-001, 3.694836e-002, 1.415013e+000, 1.244798e-003, 9.875655e+000, 1.013448e+001, -6.909197e+003, -7.015234e+003, 318.000000,2.302585e-001,1.844440e-001,2.302585e-001,1.844440e-001,3.453878e-001,4.493598e-001,4.000000e-001,
2560, 1.254680e-001, 2.561314e-001, 3.694836e-002, 1.415013e+000, 1.244798e-003, 9.875655e+000, 1.013448e+001, -6.909197e+003, -6.958852e+003, 320.000000,2.302585e-001,1.844440e-001,2.302585e-001,1.844440e-001,3.453878e-001,4.493598e-001,4.000000e-001,
2570, 1.254680e-001, 2.561314e-001, 3.694836e-002, 1.415013e+000, 1.244798e-003, 9.875655e+000, 1.013448e+001, -6.909197e+003, -6.918515e+003, 321.000000,2.302585e-001,1.844440e-001,2.302585e-001,1.844440e-001,3.453878e-001,4.493598e-001,4.000000e-001,
2580, 1.254680e-001, 2.561314e-001, 3.694836e-002, 1.415013e+000, 1.244798e-003, 9.875655e+000, 1.013448e+001, -6.909197e+003, -6.912306e+003, 322.000000,2.302585e-001,1.844440e-001,2.302585e-001,1.844440e-001,3.453878e-001,4.493598e-001,4.000000e-001,
2590, 1.254680e-001, 2.561314e-001, 3.694836e-002, 1.415013e+000, 1.244798e-003, 9.875655e+000, 1.013448e+001, -6.909197e+003, -7.021459e+003, 323.000000,2.302585e-001,1.844440e-001,2.302585e-001,1.844440e-001,3.453878e-001,4.493598e-001,4.000000e-001,
2600, 1.254680e-001, 2.561314e-001, 3.694836e-002, 1.415013e+000, 1.244798e-003, 9.875655e+000, 1.013448e+001, -6.909197e+003, -6.915748e+003, 325.000000,2.302585e-001,1.844440e-001,2.302585e-001,1.844440e-001,3.453878e-001,4.493598e-001,4.000000e-001,
2610, 1.254680e-001, 2.561314e-001, 3.694836e-002, 1.415013e+000, 1.244798e-003, 9.875655e+000, 1.013448e+001, -6.909197e+003, -6.938818e+003, 326.000000,2.302585e-001,1.844440e-001,2.302585e-001,1.844440e-001,3.453878e-001,4.493598e-001,4.000000e-001,
2620, 1.254680e-001, 2.561314e-001, 3.694836e-002, 1.415013e+000, 1.244798e-003, 9.875655e+000, 1.013448e+001, -6.909197e+003, -6.967463e+003, 327.000000,2.302585e-001,1.844440e-001,2.302585e-001,1.844440e-001,3.453878e-001,4.493598e-001,4.000000e-001,
2630, 1.254680e-001, 2.561314e-001, 3.694836e-002, 1.415013e+000, 1.244798e-003, 9.875655e+000, 1.013448e+001, -6.909197e+003, -6.958852e+003, 328.000000,2.302585e-001,1.844440e-001,2.302585e-001,1.844440e-001,3.453878e-001,4.493598e-001,4.000000e-001,
2640, 1.254680e-001, 2.561314e-001, 3.694836e-002, 1.415013e+000, 1.244798e-003, 9.875655e+000, 1.013448e+001, -6.909197e+003, -7.015234e+003, 330.000000,2.302585e-001,1.844440e-001,2.302585e-001,1.844440e-001,3.453878e-001,4.493598e-001,4.000000e-001,
2650, 1.254680e-001, 2.561314e-001, 3.694836e-002, 1.415013e+000, 1.244798e-003, 9.875655e+000, 1.013448e+001, -6.909197e+003, -6.912306e+003, 331.000000,2.302585e-001,1.844440e-001,2.302585e-001,1.844440e-001,3.453878e-001,4.493598e-001,4.000000e-001,
2660, 1.254680e-001, 2.561314e-001, 3.694836e-002, 1.415013e+000, 1.244798e-003, 9.875655e+000, 1.013448e+001, -6.909197e+003, -6.918515e+003, 332.000000,2.302585e-001,1.844440e-001,2.302585e-001,1.844440e-001,3.453878e-001,4.493598e-001,4.000000e-001,
2670, 1.254680e-001, 2.561314e-001, 3.694836e-002, 1.415013e+000, 1.244798e-003, 9.875655e+000, 1.013448e+001, -6.909197e+003, -6.958852e+003, 333.000000,2.302585e-001,1.844440e-001,2.302585e-001,1.844440e-001,3.453878e-001,4.493598e-001,4.000000e-001,
2680, 1.254680e-001, 2.561314e-001, 3.694836e-002, 1.415013e+000, 1.244798e-003, 9.875655e+000, 1.013448e+001, -6.909197e+003, -6.938818e+003, 335.000000,2.302585e-001,1.844440e-001,2.302585e-001,1.844440e-001,3.453878e-001,4.493598e-001,4.000000e-001,
2690, 1.254680e-001, 2.561314e-001, 3.694836e-002, 1.415013e+000, 1.244798e-003, 9.875655e+000, 1.013448e+001, -6.909197e+003, -6.915748e+003, 336.000000,2.302585e-001,1.844440e-001,2.302585e-001,1.844440e-001,3.453878e-001,4.493598e-001,4.000000e-001,
2700, 1.254680e-001, 2.561314e-001, 3.694836e-002, 1.415013e+000, 1.244798e-003, 9.875655e+000, 1.013448e+001, -6.909197e+003, -7.021459e+003, 337.000000,2.302585e-001,1.844440e-001,2.302585e-001,1.844440e-001,3.453878e-001,4.493598e-001,4.000000e-001,
2710, 1.254680e-001, 2.561314e-001, 3.694836e-002, 1.415013e+000, 1.244798e-003, 9.875655e+000, 1.013448e+001, -6.909197e+003, -6.967463e+003, 338.000000,2.302585e-001,1.844440e-001,2.302585e-001,1.844440e-001,3.453878e-001,4.493598e-001,4.000000e-001,
2720, 1.254680e-001, 2.561314e-001, 3.694836e-002, 1.415013e+000, 1.244798e-003, 9.875655e+000, 1.013448e+001, -6.909197e+003, -6.912306e+003, 340.000000,2.302585e-001,1.844440e-001,2.302585e-001,1.844440e-001,3.453878e-001,4.493598e-001,4.000000e-001,
2730, 1.254680e-001, 2.561314e-001, 3.694836e-002, 1.415013e+000, 1.244798e-003, 9.875655e+000, 1.013448e+001, -6.909197e+003, -7.015234e+003, 341.000000,2.302585e-001,1.844440e-001,2.302585e-001,1.844440e-001,3.453878e-001,4.493598e-001,4.000000e-001,
2740, 1.254680e-001, 2.561314e-001, 3.694836e-002, 1.415013e+000, 1.244798e-003, 9.875655e+000, 1.013448e+001, -6.909197e+003, -6.958852e+003, 342.000000,2.302585e-001,1.844440e-001,2.302585e-001,1.844440e-001,3.453878e-001,4.493598e-001,4.000000e-001,
2750, 1.254680e-001, 2.561314e-001, 3.694836e-002, 1.415013e+000, 1.244798e-003, 9.875655e+000, 1.013448e+001, -6.909197e+003, -6.918515e+003, 343.000000,2.302585e-001,1.844440e-001,2.302585e-001,1.844440e-001,3.453878e-001,4.493598e-001,4.000000e-001,
2760, 1.254680e-001, 2.561314e-001, 3.694836e-002, 1.415013e+000, 1.244798e-003, 9.875655e+000, 1.013448e+001, -6.909197e+003, -6.965407e+003, 345.000000,2.302585e-001,1.844440e-001,2.302585e-001,1.844440e-001,3.453878e-001,4.493598e-001,4.000000e-001,
2770, 1.254680e-001, 2.561314e-001, 3.694836e-002, 1.415013e+000, 1.244798e-003, 9.875655e+000, 1.013448e+001, -6.909197e+003, -6.910994e+003, 346.000000,2.302585e-001,1.844440e-001,2.302585e-001,1.844440e-001,3.453878e-001,4.493598e-001,4.000000e-001,
2780, 1.254680e-001, 2.561314e-001, 3.694836e-002, 1.415013e+000, 1.244798e-003, 9.875655e+000, 1.013448e+001, -6.909197e+003, -6.919911e+003, 347.000000,2.302585e-001,1.844440e-001,2.302585e-001,1.844440e-001,3.453878e-001,4.493598e-001,4.000000e-001,
2790, 1.254680e-001, 2.561314e-001, 3.694836e-002, 1.415013e+000, 1.244798e-003, 9.875655e+000, 1.013448e+001, -6.909197e+003, -6.927850e+003, 348.000000,2.302585e-001,1.844440e-001,2.302585e-001,1.844440e-001,3.453878e-001,4.493598e-001,4.000000e-001,
2800, 1.254680e-001, 2.561314e-001, 3.694836e-002, 1.415013e+000, 1.244798e-003, 9.875655e+000, 1.013448e+001, -6.909197e+003, -6.931415e+003, 350.000000,2.302585e-001,1.844440e-001,2.302585e-001,1.844440e-001,3.453878e-001,4.493598e-001,4.000000e-001,
2810, 1.254680e-001, 2.561314e-001, 3.694836e-002, 1.415013e+000, 1.244798e-003, 9.875655e+000, 1.013448e+001, -6.909197e+003, -6.949642e+003, 351.000000,2.302585e-001,1.844440e-001,2.302585e-001,1.844440e-001,3.453878e-001,4.493598e-001,4.000000e-001,
2820, 1.254680e-001, 2.561314e-001, 3.694836e-002, 1.415013e+000, 1.244798e-003, 9.875655e+000, 1.013448e+001, -6.909197e+003, -6.910296e+003, 352.000000,2.302585e-001,1.844440e-001,2.302585e-001,1.844440e-001,3.453878e-001,4.493598e-001,4.000000e-001,
2830, 1.254680e-001, 2.561314e-001, 3.694836e-002, 1.415013e+000, 1.244798e-003, 9.875655e+000, 1.013448e+001, -6.909197e+003, -6.915314e+003, 353.000000,2.302585e-001,1.844440e-001,2.302585e-001,1.844440e-001,3.453878e-001,4.493598e-001,4.000000e-001,
2840, 1.254680e-001, 2.561314e-001, 3.694836e-002, 1.415013e+000, 1.244798e-003, 9.875655e+000, 1.013448e+001, -6.909197e+003, -6.910994e+003, 355.000000,2.302585e-001,1.844440e-001,2.302585e-001,1.844440e-001,3.453878e-001,4.493598e-001,4.000000e-001,
2850, 1.254680e-001, 2.561314e-001, 3.694836e-002, 1.415013e+000, 1.244798e-003, 9.875655e+000, 1.013448e+001, -6.909197e+003, -6.965407e+003, 356.000000,2.302585e-001,1.844440e-001,2.302585e-001,1.844440e-001,3.453878e-001,4.493598e-001,4.000000e-001,
2860, 1.254680e-001, 2.561314e-001, 3.694836e-002, 1.415013e+000, 1.244798e-003, 9.875655e+000, 1.013448e+001, -6.909197e+003, -6.927850e+003, 357.000000,2.302585e-001,1.844440e-001,2.302585e-001,1.844440e-001,3.453878e-001,4.493598e-001,4.000000e-001,
2870, 1.254680e-001, 2.561314e-001, 3.694836e-002, 1.415013e+000, 1.244798e-003, 9.875655e+000, 1.013448e+001, -6.909197e+003, -6.919911e+003, 358.000000,2.302585e-001,1.844440e-001,2.302585e-001,1.844440e-001,3.453878e-001,4.493598e-001,4.000000e-001,
2880, 1.254680e-001, 2.561314e-001, 3.694836e-002, 1.415013e+000, 1.244798e-003, 9.875655e+000, 1.013448e+001, -6.909197e+003, -6.949642e+003, 360.000000,2.302585e-001,1.844440e-001,2.302585e-001,1.844440e-001,3.453878e-001,4.493598e-001,4.000000e-001,
2890, 1.254680e-001, 2.561314e-001, 3.694836e-002, 1.415013e+000, 1.244798e-003, 9.875655e+000, 1.013448e+001, -6.909197e+003, -6.931415e+003, 361.000000,2.302585e-001,1.844440e-001,2.302585e-001,1.844440e-001,3.453878e-001,4.493598e-001,4.000000e-001,
2900, 1.254680e-001, 2.561314e-001, 3.694836e-002, 1.415013e+000, 1.244798e-003, 9.875655e+000, 1.013448e+001, -6.909197e+003, -6.915314e+003, 362.000000,2.302585e-001,1.844440e-001,2.302585e-001,1.844440e-001,3.453878e-001,4.493598e-001,4.000000e-001,
2910, 1.254680e-001, 2.561314e-001, 3.694836e-002, 1.415013e+000, 1.244798e-003, 9.875655e+000, 1.013448e+001, -6.909197e+003, -6.910296e+003, 363.000000,2.302585e-001,1.844440e-001,2.302585e-001,1.844440e-001,3.453878e-001,4.493598e-001,4.000000e-001,
2920, 1.254680e-001, 2.561314e-001, 3.694836e-002, 1.415013e+000, 1.244798e-003, 9.875655e+000, 1.013448e+001, -6.909197e+003, -6.919911e+003, 365.000000,2.302585e-001,1.844440e-001,2.302585e-001,1.844440e-001,3.453878e-001,4.493598e-001,4.000000e-001,
2930, 1.254680e-001, 2.561314e-001, 3.694836e-002, 1.415013e+000, 1.244798e-003, 9.875655e+000, 1.013448e+001, -6.909197e+003, -6.927850e+003, 366.000000,2.302585e-001,1.844440e-001,2.302585e-001,1.844440e-001,3.453878e-001,4.493598e-001,4.000000e-001,
2940, 1.254680e-001, 2.561314e-001, 3.694836e-002, 1.415013e+000, 1.244798e-003, 9.875655e+000, 1.013448e+001, -6.909197e+003, -6.965407e+003, 367.000000,2.302585e-001,1.844440e-001,2.302585e-001,1.844440e-001,3.453878e-001,4.493598e-001,4.000000e-001,
2950, 1.254680e-001, 2.561314e-001, 3.694836e-002, 1.415013e+000, 1.244798e-003, 9.875655e+000, 1.013448e+001, -6.909197e+003, -6.910994e+003, 368.000000,2.302585e-001,1.844440e-001,2.302585e-001,1.844440e-001,3.453878e-001,4.493598e-001,4.000000e-001,
2960, 1.254680e-001, 2.561314e-001, 3.694836e-002, 1.415013e+000, 1.244798e-003, 9.875655e+000, 1.013448e+001, -6.909197e+003, -6.919911e+003, 370.000000,2.302585e-001,1.844440e-001,2.302585e-001,1.844440e-001,3.453878e-001,4.493598e-001,4.000000e-001,
2970, 1.254680e-001, 2.561314e-001, 3.694836e-002, 1.415013e+000, 1.244798e-003, 9.875655e+000, 1.013448e+001, -6.909197e+003, -6.915314e+003, 371.000000,2.302585e-001,1.844440e-001,2.302585e-001,1.844440e-001,3.453878e-001,4.493598e-001,4.000000e-001,
2980, 1.254680e-001, 2.561314e-001, 3.694836e-002, 1.415013e+000, 1.244798e-003, 9.875655e+000, 1.013448e+001, -6.909197e+003, -6.931415e+003, 372.000000,2.302585e-001,1.844440e-001,2.302585e-001,1.844440e-001,3.453878e-001,4.493598e-001,4.000000e-001,
2990, 1.254680e-001, 2.561314e-001, 3.694836e-002, 1.415013e+000, 1.244798e-003, 9.875655e+000, 1.013448e+001, -6.909197e+003, -6.949642e+003, 373.000000,2.302585e-001,1.844440e-001,2.302585e-001,1.844440e-001,3.453878e-001,4.493598e-001,4.000000e-001,
3000, 1.254680e-001, 2.561314e-001, 3.694836e-002, 1.415013e+000, 1.244798e-003, 9.875655e+000, 1.013448e+001, -6.909197e+003, -6.910296e+003, 375.000000,2.302585e-001,1.844440e-001,2.302585e-001,1.844440e-001,3.453878e-001,4.493598e-001,4.000000e-001,
3010, 1.254680e-001, 2.561314e-001, 3.694836e-002, 1.415013e+000, 1.244798e-003, 9.875655e+000, 1.013448e+001, -6.909197e+003, -6.919911e+003, 376.000000,2.302585e-001,1.844440e-001,2.302585e-001,1.844440e-001,3.453878e-001,4.493598e-001,4.000000e-001,
3020, 1.254680e-001, 2.561314e-001, 3.694836e-002, 1.415013e+000, 1.244798e-003, 9.875655e+000, 1.013448e+001, -6.909197e+003, -6.910994e+003, 377.000000,2.302585e-001,1.844440e-001,2.302585e-001,1.844440e-001,3.453878e-001,4.493598e-001,4.000000e-001,
3030, 1.254680e-001, 2.561314e-001, 3.694836e-002, 1.415013e+000, 1.244798e-003, 9.875655e+000, 1.013448e+001, -6.909197e+003, -6.965407e+003, 378.000000,2.302585e-001,1.844440e-001,2.302585e-001,1.844440e-001,3.453878e-001,4.493598e-001,4.000000e-001,
3040, 1.254680e-001, 2.561314e-001, 3.694836e-002, 1.415013e+000, 1.244798e-003, 9.875655e+000, 1.013448e+001, -6.909197e+003, -6.927850e+003, 380.000000,2.302585e-001,1.844440e-001,2.302585e-001,1.844440e-001,3.453878e-001,4.493598e-001,4.000000e-001,
3050, 1.254680e-001, 2.561314e-001, 3.694836e-002, 1.415013e+000, 1.244798e-003, 9.875655e+000, 1.013448e+001, -6.909197e+003, -6.910296e+003, 381.000000,2.302585e-001,1.844440e-001,2.302585e-001,1.844440e-001,3.453878e-001,4.493598e-001,4.000000e-001,
3060, 1.254680e-001, 2.561314e-001, 3.694836e-002, 1.415013e+000, 1.244798e-003, 9.875655e+000, 1.013448e+001, -6.909197e+003, -6.949642e+003, 382.000000,2.302585e-001,1.844440e-001,2.302585e-001,1.844440e-001,3.453878e-001,4.493598e-001,4.000000e-001,
3070, 1.254680e-001, 2.561314e-001, 3.694836e-002, 1.415013e+000, 1.244798e-003, 9.875655e+000, 1.013448e+001, -6.909197e+003, -6.931415e+003, 383.000000,2.302585e-001,1.844440e-001,2.302585e-001,1.844440e-001,3.453878e-001,4.493598e-001,4.000000e-001,
3080, 1.254680e-001, 2.561314e-001, 3.694836e-002, 1.415013e+000, 1.244798e-003, 9.875655e+000, 1.013448e+001, -6.909197e+003, -6.915314e+003, 385.000000,2.302585e-001,1.844440e-001,2.302585e-001,1.844440e-001,3.453878e-001,4.493598e-001,4.000000e-001,
3090, 1.254680e-001, 2.561314e-001, 3.694836e-002, 1.415013e+000, 1.244798e-003, 9.875655e+000, 1.013448e+001, -6.909197e+003, -6.911033e+003, 386.000000,2.375463e-001,1.902817e-001,2.375463e-001,1.902817e-001,3.563195e-001,4.635823e-001,4.126602e-001,
3100, 1.254680e-001, 2.561314e-001, 3.694836e-002, 1.415013e+000, 1.244798e-003, 9.875655e+000, 1.013448e+001, -6.909197e+003, -6.910232e+003, 387.000000,2.632715e-001,2.108884e-001,2.632715e-001,2.108884e-001,3.949073e-001,5.137862e-001,4.573494e-001,
3110, 1.012010e-001, 2.742970e-001, 2.461708e-002, 7.476252e-001, 1.804024e-003, 9.728544e+000, 1.034467e+001, -6.909246e+003, -6.909246e+003, 0.000000,2.925503e-001,2.343416e-001,2.925503e-001,2.343416e-001,4.388255e-001,5.709251e-001,5.082120e-001,
3120, 2.561950e-001, 2.248460e-001, 3.058033e-002, 7.582332e-001, 2.291646e-003, 4.085750e+000, 1.032422e+001, -6.909123e+003, -6.910893e+003, 3.000000,3.677090e-001,2.945460e-001,3.677090e-001,2.945460e-001,5.515636e-001,7.176007e-001,6.387760e-001,
3130, 1.254680e-001, 2.561314e-001, 3.694836e-002, 1.415013e+000, 1.244798e-003, 9.875655e+000, 1.013448e+001, -6.909197e+003, -6.912567e+003, 391.000000,4.748401e-001,3.803611e-001,4.748401e-001,3.803611e-001,7.122601e-001,9.266718e-001,8.248817e-001,
3140, 1.254680e-001, 2.561314e-001, 3.694836e-002, 1.415013e+000, 1.244798e-003, 9.875655e+000, 1.013448e+001, -6.909197e+003, -6.910715e+003, 392.000000,5.351772e-001,4.286930e-001,5.351772e-001,4.286930e-001,8.027659e-001,1.044422e+000,9.296981e-001,
3150, 8.359905e-002, 2.915246e-001, 1.715774e-002, 4.240067e-001, 2.508956e-003, 9.599609e+000, 1.053519e+001, -6.911537e+003, -6.917902e+003, 3.000000,7.143783e-001,5.722385e-001,7.143783e-001,5.722385e-001,1.071567e+000,1.394141e+000,1.241002e+000,
3160, 2.561950e-001, 2.248460e-001, 3.058033e-002, 7.582332e-001, 2.291646e-003, 4.085750e+000, 1.032422e+001, -6.909123e+003, -7.020668e+003, 8.000000,9.607190e-001,7.695647e-001,9.607190e-001,7.695647e-001,1.441078e+000,1.874886e+000,1.668940e+000,
3170, 1.254680e-001, 2.561314e-001, 3.694836e-002, 1.415013e+000, 1.244798e-003, 9.875655e+000, 1.013448e+001, -6.909197e+003, -6.913039e+003, 396.000000,1.176682e+000,9.425576e-001,1.176682e+000,9.425576e-001,1.765023e+000,2.296348e+000,2.044106e+000,
3180, 9.200101e-002, 2.827590e-001, 2.056063e-002, 5.634091e-001, 2.126649e-003, 9.664016e+000, 1.043926e+001, -6.910129e+003, -6.918605e+003, 1.000000,1.554271e+000,1.245018e+000,1.554271e+000,1.245018e+000,2.331407e+000,3.033231e+000,2.700046e+000,
3190, 8.359905e-002, 2.915246e-001, 1.715774e-002, 4.240067e-001, 2.508956e-003, 9.599609e+000, 1.053519e+001, -6.911537e+003, -6.998937e+003, 8.000000,1.789232e+000,1.433228e+000,1.789232e+000,1.433228e+000,2.683848e+000,3.491767e+000,3.108214e+000,
3200, 2.561950e-001, 2.248460e-001, 3.058033e-002, 7.582332e-001, 2.291646e-003, 4.085750e+000, 1.032422e+001, -6.909123e+003, -7.092406e+003, 13.000000,2.360708e+000,1.890998e+000,2.360708e+000,1.890998e+000,3.541062e+000,4.607028e+000,4.100970e+000,
3210, 1.254680e-001, 2.561314e-001, 3.694836e-002, 1.415013e+000, 1.244798e-003, 9.875655e+000, 1.013448e+001, -6.909197e+003, -8.580464e+003, 401.000000,2.651881e+000,2.124236e+000,2.651881e+000,2.124236e+000,3.977822e+000,5.175265e+000,4.606789e+000,
3220, 9.200101e-002, 2.827590e-001, 2.056063e-002, 5.634091e-001, 2.126649e-003, 9.664016e+000, 1.043926e+001, -6.910129e+003, -6.976389e+003, 6.000000,3.280067e+000,2.627432e+000,3.280067e+000,2.627432e+000,4.920101e+000,6.401199e+000,5.698060e+000,
3230, 8.359905e-002, 2.915246e-001, 1.715774e-002, 4.240067e-001, 2.508956e-003, 9.599609e+000, 1.053519e+001, -6.911537e+003, -6.944539e+003, 13.000000,3.501596e+000,2.804884e+000,3.501596e+000,2.804884e+000,5.252394e+000,6.833522e+000,6.082896e+000,
3240, 2.561950e-001, 2.248460e-001, 3.058033e-002, 7.582332e-001, 2.291646e-003, 4.085750e+000, 1.032422e+001, -6.909123e+003, -6.986665e+003, 18.000000,4.496529e+000,3.601855e+000,4.496529e+000,3.601855e+000,6.744794e+000,8.775179e+000,7.811271e+000,
3250, 1.254680e-001, 2.561314e-001, 3.694836e-002, 1.415013e+000, 1.244798e-003, 9.875655e+000, 1.013448e+001, -6.909197e+003, -7.031987e+003, 406.000000,5.237747e+000,4.195593e+000,5.237747e+000,4.195593e+000,7.856621e+000,1.022170e+001,9.098899e+000,
3260, 9.200101e-002, 2.827590e-001, 2.056063e-002, 5.634091e-001, 2.126649e-003, 9.664016e+000, 1.043926e+001, -6.910129e+003, -1.469818e+004, 11.000000,5.489289e+000,4.397085e+000,5.489289e+000,4.397085e+000,8.233933e+000,1.071259e+001,9.535872e+000,
