//no2 only spike
//time, DO
0, 8.29
1.15741E-05, 8.02
2.31481E-05, 8.02
0.000104167, 8.08
0.000115741, 8.08
0.000127315, 8.06
0.000138889, 8.06
0.000150463, 8.06
0.000162037, 8.05
0.000173611, 8.05
0.000185185, 8.03
0.000196759, 8.03
0.000208333, 8.03
0.000219907, 8.03
0.000231481, 8.02
0.000243056, 8.01
0.00025463, 8.01
0.000266204, 8.01
0.000277778, 8
0.000289352, 8
0.000300926, 7.99
0.0003125, 7.99
0.000324074, 7.99
0.000335648, 7.99
0.000347222, 7.99
0.000358796, 7.98
0.00037037, 7.98
0.000381944, 7.97
0.000393519, 7.97
0.000405093, 7.97
0.000416667, 7.96
0.000428241, 7.96
0.000439815, 7.95
0.000451389, 7.95
0.000462963, 7.94
0.000474537, 7.94
0.000486111, 7.94
0.000497685, 7.94
0.000509259, 7.94
0.000520833, 7.92
0.000532407, 7.92
0.000543981, 7.92
0.000555556, 7.92
0.00056713, 7.92
0.000578704, 7.91
0.000590278, 7.91
0.000601852, 7.91
0.000613426, 7.9
0.000625, 7.9
0.000636574, 7.89
0.000648148, 7.89
0.000659722, 7.88
0.000671296, 7.88
0.00068287, 7.88
0.000694444, 7.88
0.000706019, 7.88
0.000717593, 7.87
0.000729167, 7.87
0.000740741, 7.87
0.000752315, 7.86
0.000763889, 7.86
0.000775463, 7.85
0.000787037, 7.85
0.000798611, 7.85
0.000810185, 7.85
0.000821759, 7.85
0.000833333, 7.84
0.000844907, 7.84
0.000856481, 7.83
0.000868056, 7.83
0.00087963, 7.83
0.000891204, 7.82
0.000902778, 7.82
0.000914352, 7.82
0.000925926, 7.82
0.0009375, 7.82
0.000949074, 7.81
0.000960648, 7.81
0.000972222, 7.8
0.000983796, 7.8
0.00099537, 7.79
0.001006944, 7.79
0.001018519, 7.79
0.001030093, 7.79
0.001041667, 7.79
0.001053241, 7.78
0.001064815, 7.78
0.001076389, 7.78
0.001087963, 7.77
0.001099537, 7.77
0.001111111, 7.76
0.001122685, 7.76
0.001134259, 7.75
0.001145833, 7.75
0.001157407, 7.75
0.001168981, 7.74
0.001180556, 7.74
0.00119213, 7.74
0.001203704, 7.74
0.001215278, 7.74
0.001226852, 7.73
0.001238426, 7.73
0.00125, 7.72
0.001261574, 7.72
0.001273148, 7.72
0.001284722, 7.72
0.001296296, 7.72
0.00130787, 7.71
0.001319444, 7.71
0.001331019, 7.7
0.001342593, 7.7
0.001354167, 7.7
0.001365741, 7.69
0.001377315, 7.69
0.001388889, 7.68
0.001400463, 7.68
0.001412037, 7.68
0.001423611, 7.68
0.001435185, 7.68
0.001446759, 7.67
0.001458333, 7.67
0.001469907, 7.67
0.001481481, 7.67
0.001493056, 7.67
0.00150463, 7.66
0.001516204, 7.66
0.001527778, 7.65
0.001539352, 7.65
0.001550926, 7.65
0.0015625, 7.64
0.001574074, 7.64
0.001585648, 7.64
0.001597222, 7.64
0.001608796, 7.64
0.00162037, 7.63
0.001631944, 7.63
0.001643519, 7.62
0.001655093, 7.62
0.001666667, 7.61
0.001678241, 7.61
0.001689815, 7.61
0.001701389, 7.6
0.001712963, 7.6
0.001724537, 7.6
0.001736111, 7.6
0.001747685, 7.6
0.001759259, 7.59
0.001770833, 7.59
0.001782407, 7.58
0.001793981, 7.58
0.001805556, 7.57
0.00181713, 7.57
0.001828704, 7.57
0.001840278, 7.57
0.001851852, 7.57
0.001863426, 7.56
0.001875, 7.56
0.001886574, 7.56
0.001898148, 7.55
0.001909722, 7.55
0.001921296, 7.54
0.00193287, 7.54
0.001944444, 7.54
0.001956019, 7.54
0.001967593, 7.54
0.001979167, 7.53
0.001990741, 7.53
0.002002315, 7.52
0.002013889, 7.52
0.002025463, 7.52
0.002037037, 7.52
0.002048611, 7.52
0.002060185, 7.51
0.002071759, 7.51
0.002083333, 7.51
0.002094907, 7.5
0.002106481, 7.5
0.002118056, 7.49
0.00212963, 7.49
0.002141204, 7.49
0.002152778, 7.48
0.002164352, 7.48
0.002175926, 7.48
0.0021875, 7.48
0.002199074, 7.47
0.002210648, 7.47
0.002222222, 7.47
0.002233796, 7.46
0.00224537, 7.46
0.002256944, 7.46
0.002268519, 7.46
0.002280093, 7.46
0.002291667, 7.45
0.002303241, 7.45
0.002314815, 7.44
0.002326389, 7.45
0.002337963, 7.44
0.002349537, 7.44
0.002361111, 7.44
0.002372685, 7.43
0.002384259, 7.43
0.002395833, 7.42
0.002407407, 7.42
0.002418981, 7.42
0.002430556, 7.42
0.00244213, 7.42
0.002453704, 7.41
0.002465278, 7.41
0.002476852, 7.4
0.002488426, 7.4
0.0025, 7.4
0.002511574, 7.39
0.002523148, 7.39
0.002534722, 7.39
0.002546296, 7.39
0.00255787, 7.39
0.002569444, 7.38
0.002581019, 7.38
0.002592593, 7.37
0.002604167, 7.37
0.002615741, 7.37
0.002627315, 7.36
0.002638889, 7.36
0.002650463, 7.36
0.002662037, 7.36
0.002673611, 7.35
0.002685185, 7.35
0.002696759, 7.35
0.002708333, 7.34
0.002719907, 7.34
0.002731481, 7.34
0.002743056, 7.34
0.00275463, 7.34
0.002766204, 7.33
0.002777778, 7.33
0.002789352, 7.32
0.002800926, 7.32
0.0028125, 7.32
0.002824074, 7.32
0.002835648, 7.32
0.002847222, 7.31
0.002858796, 7.31
0.00287037, 7.3
0.002881944, 7.3
0.002893519, 7.3
0.002905093, 7.3
0.002916667, 7.3
0.002928241, 7.29
0.002939815, 7.29
0.002951389, 7.29
0.002962963, 7.28
0.002974537, 7.28
0.002986111, 7.28
0.002997685, 7.28
0.003009259, 7.27
0.003020833, 7.27
0.003032407, 7.27
0.003043981, 7.26
0.003055556, 7.27
0.00306713, 7.26
0.003078704, 7.26
0.003090278, 7.26
0.003101852, 7.25
0.003113426, 7.25
0.003125, 7.24
0.003136574, 7.25
0.003148148, 7.24
0.003159722, 7.24
0.003171296, 7.24
0.00318287, 7.23
0.003194444, 7.23
0.003206019, 7.22
0.003217593, 7.22
0.003229167, 7.22
0.003240741, 7.22
0.003252315, 7.22
0.003263889, 7.21
0.003275463, 7.21
0.003287037, 7.21
0.003298611, 7.2
0.003310185, 7.2
0.003321759, 7.19
0.003333333, 7.19
0.003344907, 7.19
0.003356481, 7.19
0.003368056, 7.19
0.00337963, 7.18
0.003391204, 7.18
0.003402778, 7.17
0.003414352, 7.17
0.003425926, 7.17
0.0034375, 7.17
0.003449074, 7.17
0.003460648, 7.16
0.003472222, 7.16
0.003483796, 7.15
0.00349537, 7.15
0.003506944, 7.15
0.003518519, 7.15
0.003530093, 7.15
0.003541667, 7.14
0.003553241, 7.14
0.003564815, 7.14
0.003576389, 7.14
0.003587963, 7.14
0.003599537, 7.13
0.003611111, 7.13
0.003622685, 7.13
0.003634259, 7.12
0.003645833, 7.12
0.003657407, 7.11
0.003668981, 7.11
0.003680556, 7.11
0.00369213, 7.11
0.003703704, 7.11
0.003715278, 7.1
0.003726852, 7.1
0.003738426, 7.1
0.00375, 7.1
0.003761574, 7.1
0.003773148, 7.09
0.003784722, 7.09
0.003796296, 7.08
0.00380787, 7.08
0.003819444, 7.08
0.003831019, 7.08
0.003842593, 7.08
0.003854167, 7.07
0.003865741, 7.07
0.003877315, 7.06
0.003888889, 7.06
0.003900463, 7.06
0.003912037, 7.06
0.003923611, 7.06
0.003935185, 7.05
0.003946759, 7.05
0.003958333, 7.05
0.003969907, 7.04
0.003981481, 7.04
0.003993056, 7.04
0.00400463, 7.04
0.004016204, 7.03
0.004027778, 7.03
0.004039352, 7.03
0.004050926, 7.02
0.0040625, 7.02
0.004074074, 7.02
0.004085648, 7.02
0.004097222, 7.02
0.004108796, 7.01
0.00412037, 7.01
0.004131944, 7
0.004143519, 7
0.004155093, 6.99
0.004166667, 6.99
0.004178241, 6.99
0.004189815, 6.99
0.004201389, 6.99
0.004212963, 6.98
0.004224537, 6.98
0.004236111, 6.98
0.004247685, 6.97
0.004259259, 6.97
0.004270833, 6.97
0.004282407, 6.97
0.004293981, 6.97
0.004305556, 6.96
0.00431713, 6.96
0.004328704, 6.95
0.004340278, 6.95
0.004351852, 6.95
0.004363426, 6.95
0.004375, 6.95
0.004386574, 6.94
0.004398148, 6.94
0.004409722, 6.94
0.004421296, 6.94
0.00443287, 6.94
0.004444444, 6.93
0.004456019, 6.93
0.004467593, 6.92
0.004479167, 6.92
0.004490741, 6.92
0.004502315, 6.92
0.004513889, 6.92
0.004525463, 6.91
0.004537037, 6.91
0.004548611, 6.91
0.004560185, 6.91
0.004571759, 6.91
0.004583333, 6.9
0.004594907, 6.9
0.004606481, 6.89
0.004618056, 6.9
0.00462963, 6.9
0.004641204, 6.89
0.004652778, 6.89
0.004664352, 6.88
0.004675926, 6.88
0.0046875, 6.88
0.004699074, 6.88
0.004710648, 6.88
0.004722222, 6.87
0.004733796, 6.87
0.00474537, 6.86
0.004756944, 6.86
0.004768519, 6.86
0.004780093, 6.86
0.004791667, 6.86
0.004803241, 6.85
0.004814815, 6.85
0.004826389, 6.84
0.004837963, 6.84
0.004849537, 6.84
0.004861111, 6.84
0.004872685, 6.84
0.004884259, 6.83
0.004895833, 6.83
0.004907407, 6.83
0.004918981, 6.82
0.004930556, 6.82
0.00494213, 6.81
0.004953704, 6.81
0.004965278, 6.81
0.004976852, 6.81
0.004988426, 6.81
0.005, 6.8
0.005011574, 6.8
0.005023148, 6.8
0.005034722, 6.8
0.005046296, 6.8
0.00505787, 6.79
0.005069444, 6.79
0.005081019, 6.78
0.005092593, 6.78
0.005104167, 6.78
0.005115741, 6.78
0.005127315, 6.78
0.005138889, 6.77
0.005150463, 6.77
0.005162037, 6.77
0.005173611, 6.77
0.005185185, 6.77
0.005196759, 6.76
0.005208333, 6.76
0.005219907, 6.75
0.005231481, 6.75
0.005243056, 6.75
0.00525463, 6.75
0.005266204, 6.75
0.005277778, 6.74
0.005289352, 6.74
0.005300926, 6.74
0.0053125, 6.73
0.005324074, 6.73
0.005335648, 6.73
0.005347222, 6.73
0.005358796, 6.72
0.00537037, 6.72
0.005381944, 6.72
0.005393519, 6.71
0.005405093, 6.71
0.005416667, 6.71
0.005428241, 6.71
0.005439815, 6.71
0.005451389, 6.7
0.005462963, 6.7
0.005474537, 6.7
0.005486111, 6.7
0.005497685, 6.69
0.005509259, 6.69
0.005520833, 6.69
0.005532407, 6.68
0.005543981, 6.68
0.005555556, 6.68
0.00556713, 6.68
0.005578704, 6.68
0.005590278, 6.67
0.005601852, 6.67
0.005613426, 6.66
0.005625, 6.66
0.005636574, 6.66
0.005648148, 6.66
0.005659722, 6.66
0.005671296, 6.65
0.00568287, 6.65
0.005694444, 6.64
0.005706019, 6.64
0.005717593, 6.64
0.005729167, 6.64
0.005740741, 6.64
0.005752315, 6.63
0.005763889, 6.63
0.005775463, 6.63
0.005787037, 6.62
0.005798611, 6.62
0.005810185, 6.62
0.005821759, 6.62
0.005833333, 6.61
0.005844907, 6.61
0.005856481, 6.61
0.005868056, 6.6
0.00587963, 6.61
0.005891204, 6.6
0.005902778, 6.6
0.005914352, 6.6
0.005925926, 6.59
0.0059375, 6.59
0.005949074, 6.58
0.005960648, 6.58
0.005972222, 6.58
0.005983796, 6.58
0.00599537, 6.58
0.006006944, 6.58
0.006018519, 6.58
0.006030093, 6.57
0.006041667, 6.57
0.006053241, 6.56
0.006064815, 6.56
0.006076389, 6.56
0.006087963, 6.56
0.006099537, 6.56
0.006111111, 6.55
0.006122685, 6.55
0.006134259, 6.55
0.006145833, 6.54
0.006157407, 6.54
0.006168981, 6.54
0.006180556, 6.54
0.00619213, 6.53
0.006203704, 6.53
0.006215278, 6.53
0.006226852, 6.52
0.006238426, 6.52
0.00625, 6.52
0.006261574, 6.52
0.006273148, 6.52
0.006284722, 6.51
0.006296296, 6.51
0.00630787, 6.51
0.006319444, 6.51
0.006331019, 6.51
0.006342593, 6.5
0.006354167, 6.5
0.006365741, 6.5
0.006377315, 6.5
0.006388889, 6.49
0.006400463, 6.49
0.006412037, 6.49
0.006423611, 6.48
0.006435185, 6.48
0.006446759, 6.48
0.006458333, 6.48
0.006469907, 6.48
0.006481481, 6.47
0.006493056, 6.47
0.00650463, 6.46
0.006516204, 6.46
0.006527778, 6.46
0.006539352, 6.46
0.006550926, 6.46
0.0065625, 6.45
0.006574074, 6.45
0.006585648, 6.45
0.006597222, 6.45
0.006608796, 6.45
0.00662037, 6.44
0.006631944, 6.44
0.006643519, 6.43
0.006655093, 6.43
0.006666667, 6.43
0.006678241, 6.43
0.006689815, 6.43
0.006701389, 6.42
0.006712963, 6.42
0.006724537, 6.41
0.006736111, 6.41
0.006747685, 6.41
0.006759259, 6.41
0.006770833, 6.41
0.006782407, 6.4
0.006793981, 6.4
0.006805556, 6.4
0.00681713, 6.4
0.006828704, 6.4
0.006840278, 6.39
0.006851852, 6.39
0.006863426, 6.38
0.006875, 6.38
0.006886574, 6.38
0.006898148, 6.38
0.006909722, 6.38
0.006921296, 6.37
0.00693287, 6.37
0.006944444, 6.37
0.006956019, 6.36
0.006967593, 6.36
0.006979167, 6.36
0.006990741, 6.36
0.007002315, 6.35
0.007013889, 6.35
0.007025463, 6.35
0.007037037, 6.35
0.007048611, 6.35
0.007060185, 6.34
0.007071759, 6.34
0.007083333, 6.34
0.007094907, 6.33
0.007106481, 6.33
0.007118056, 6.33
0.00712963, 6.33
0.007141204, 6.33
0.007152778, 6.32
0.007164352, 6.32
0.007175926, 6.32
0.0071875, 6.32
0.007199074, 6.31
0.007210648, 6.31
0.007222222, 6.31
0.007233796, 6.3
0.00724537, 6.3
0.007256944, 6.3
0.007268519, 6.3
0.007280093, 6.3
0.007291667, 6.29
0.007303241, 6.29
0.007314815, 6.28
0.007326389, 6.28
0.007337963, 6.28
0.007349537, 6.28
0.007361111, 6.28
0.007372685, 6.27
0.007384259, 6.27
0.007395833, 6.26
0.007407407, 6.26
0.007418981, 6.26
0.007430556, 6.26
0.00744213, 6.26
0.007453704, 6.25
0.007465278, 6.25
0.007476852, 6.25
0.007488426, 6.25
0.0075, 6.25
0.007511574, 6.24
0.007523148, 6.24
0.007534722, 6.23
0.007546296, 6.23
0.00755787, 6.23
0.007569444, 6.23
0.007581019, 6.23
0.007592593, 6.22
0.007604167, 6.22
0.007615741, 6.22
0.007627315, 6.22
0.007638889, 6.22
0.007650463, 6.21
0.007662037, 6.21
0.007673611, 6.2
0.007685185, 6.2
0.007696759, 6.2
0.007708333, 6.2
0.007719907, 6.2
0.007731481, 6.19
0.007743056, 6.19
0.00775463, 6.19
0.007766204, 6.19
0.007777778, 6.19
0.007789352, 6.18
0.007800926, 6.18
0.0078125, 6.18
0.007824074, 6.17
0.007835648, 6.17
0.007847222, 6.17
0.007858796, 6.17
0.00787037, 6.16
0.007881944, 6.16
0.007893519, 6.16
0.007905093, 6.16
0.007916667, 6.16
0.007928241, 6.15
0.007939815, 6.15
0.007951389, 6.15
0.007962963, 6.14
0.007974537, 6.14
0.007986111, 6.14
0.007997685, 6.14
0.008009259, 6.13
0.008020833, 6.13
0.008032407, 6.13
0.008043981, 6.13
0.008055556, 6.13
0.00806713, 6.12
0.008078704, 6.12
0.008090278, 6.12
0.008101852, 6.11
0.008113426, 6.11
0.008125, 6.11
0.008136574, 6.11
0.008148148, 6.11
0.008159722, 6.1
0.008171296, 6.1
0.00818287, 6.1
0.008194444, 6.1
0.008206019, 6.09
0.008217593, 6.09
0.008229167, 6.09
0.008240741, 6.08
0.008252315, 6.08
0.008263889, 6.08
0.008275463, 6.08
0.008287037, 6.08
0.008298611, 6.07
0.008310185, 6.07
0.008321759, 6.06
0.008333333, 6.06
0.008344907, 6.06
0.008356481, 6.06
0.008368056, 6.06
0.00837963, 6.05
0.008391204, 6.05
0.008402778, 6.05
0.008414352, 6.05
0.008425926, 6.05
0.0084375, 6.04
0.008449074, 6.04
0.008460648, 6.04
0.008472222, 6.04
0.008483796, 6.04
0.00849537, 6.03
0.008506944, 6.03
0.008518519, 6.03
0.008530093, 6.03
0.008541667, 6.02
0.008553241, 6.02
0.008564815, 6.02
0.008576389, 6.01
0.008587963, 6.01
0.008599537, 6
0.008611111, 6
0.008622685, 6
0.008634259, 6
0.008645833, 6
0.008657407, 5.99
0.008668981, 5.99
0.008680556, 5.99
0.00869213, 5.99
0.008703704, 5.98
0.008715278, 5.98
0.008726852, 5.98
0.008738426, 5.97
0.00875, 5.97
0.008761574, 5.97
0.008773148, 5.97
0.008784722, 5.97
0.008796296, 5.96
0.00880787, 5.96
0.008819444, 5.96
0.008831019, 5.95
0.008842593, 5.95
0.008854167, 5.95
0.008865741, 5.95
0.008877315, 5.94
0.008888889, 5.95
0.008900463, 5.95
0.008912037, 5.94
0.008923611, 5.94
0.008935185, 5.93
0.008946759, 5.93
0.008958333, 5.93
0.008969907, 5.93
0.008981481, 5.93
0.008993056, 5.92
0.00900463, 5.92
0.009016204, 5.91
0.009027778, 5.91
0.009039352, 5.91
0.009050926, 5.91
0.0090625, 5.91
0.009074074, 5.9
0.009085648, 5.9
0.009097222, 5.9
0.009108796, 5.9
0.00912037, 5.9
0.009131944, 5.89
0.009143519, 5.89
0.009155093, 5.89
0.009166667, 5.88
0.009178241, 5.88
0.009189815, 5.88
0.009201389, 5.88
0.009212963, 5.87
0.009224537, 5.87
0.009236111, 5.87
0.009247685, 5.87
0.009259259, 5.87
0.009270833, 5.86
0.009282407, 5.86
0.009293981, 5.86
0.009305556, 5.85
0.00931713, 5.85
0.009328704, 5.85
0.009340278, 5.85
0.009351852, 5.84
0.009363426, 5.84
0.009375, 5.84
0.009386574, 5.84
0.009398148, 5.84
0.009409722, 5.83
0.009421296, 5.83
0.00943287, 5.83
0.009444444, 5.82
0.009456019, 5.82
0.009467593, 5.82
0.009479167, 5.82
0.009490741, 5.82
0.009502315, 5.81
0.009513889, 5.81
0.009525463, 5.81
0.009537037, 5.81
0.009548611, 5.8
0.009560185, 5.8
0.009571759, 5.8
0.009583333, 5.8
0.009594907, 5.8
0.009606481, 5.79
0.009618056, 5.79
0.00962963, 5.79
0.009641204, 5.78
0.009652778, 5.78
0.009664352, 5.78
0.009675926, 5.78
0.0096875, 5.77
0.009699074, 5.77
0.009710648, 5.77
0.009722222, 5.77
0.009733796, 5.77
0.00974537, 5.76
0.009756944, 5.76
0.009768519, 5.76
0.009780093, 5.75
0.009791667, 5.75
0.009803241, 5.75
0.009814815, 5.75
0.009826389, 5.75
0.009837963, 5.74
0.009849537, 5.74
0.009861111, 5.73
0.009872685, 5.73
0.009884259, 5.73
0.009895833, 5.73
0.009907407, 5.73
0.009918981, 5.72
0.009930556, 5.73
0.00994213, 5.72
0.009953704, 5.72
0.009965278, 5.72
0.009976852, 5.71
0.009988426, 5.71
0.01, 5.71
0.010011574, 5.7
0.010023148, 5.7
0.010034722, 5.7
0.010046296, 5.7
0.01005787, 5.69
0.010069444, 5.69
0.010081019, 5.68
0.010092593, 5.69
0.010104167, 5.68
0.010115741, 5.68
0.010127315, 5.68
0.010138889, 5.67
0.010150463, 5.67
0.010162037, 5.67
0.010173611, 5.67
0.010185185, 5.67
0.010196759, 5.66
0.010208333, 5.66
0.010219907, 5.65
0.010231481, 5.65
0.010243056, 5.65
0.01025463, 5.65
0.010266204, 5.65
0.010277778, 5.64
0.010289352, 5.64
0.010300926, 5.64
0.0103125, 5.64
0.010324074, 5.64
0.010335648, 5.63
0.010347222, 5.63
0.010358796, 5.63
0.01037037, 5.63
0.010381944, 5.63
0.010393519, 5.62
0.010405093, 5.62
0.010416667, 5.62
0.010428241, 5.62
0.010439815, 5.62
0.010451389, 5.61
0.010462963, 5.61
0.010474537, 5.6
0.010486111, 5.6
0.010497685, 5.6
0.010509259, 5.6
0.010520833, 5.6
0.010532407, 5.59
0.010543981, 5.59
0.010555556, 5.59
0.01056713, 5.59
0.010578704, 5.59
0.010590278, 5.58
0.010601852, 5.58
0.010613426, 5.57
0.010625, 5.57
0.010636574, 5.57
0.010648148, 5.57
0.010659722, 5.57
0.010671296, 5.56
0.01068287, 5.56
0.010694444, 5.56
0.010706019, 5.56
0.010717593, 5.56
0.010729167, 5.55
0.010740741, 5.55
0.010752315, 5.55
0.010763889, 5.55
0.010775463, 5.55
0.010787037, 5.54
0.010798611, 5.54
0.010810185, 5.53
0.010821759, 5.53
0.010833333, 5.53
0.010844907, 5.53
0.010856481, 5.53
0.010868056, 5.52
0.01087963, 5.52
0.010891204, 5.52
0.010902778, 5.52
0.010914352, 5.52
0.010925926, 5.51
0.0109375, 5.51
0.010949074, 5.51
0.010960648, 5.51
0.010972222, 5.51
0.010983796, 5.5
0.01099537, 5.5
0.011006944, 5.49
0.011018519, 5.49
0.011030093, 5.49
0.011041667, 5.49
0.011053241, 5.49
0.011064815, 5.48
0.011076389, 5.48
0.011087963, 5.48
0.011099537, 5.48
0.011111111, 5.48
0.011122685, 5.47
0.011134259, 5.47
0.011145833, 5.46
0.011157407, 5.46
0.011168981, 5.46
0.011180556, 5.46
0.01119213, 5.46
0.011203704, 5.45
0.011215278, 5.45
0.011226852, 5.45
0.011238426, 5.45
0.01125, 5.45
0.011261574, 5.44
0.011273148, 5.44
0.011284722, 5.44
0.011296296, 5.44
0.01130787, 5.43
0.011319444, 5.43
0.011331019, 5.43
0.011342593, 5.42
0.011354167, 5.42
0.011365741, 5.42
0.011377315, 5.42
0.011388889, 5.42
0.011400463, 5.41
0.011412037, 5.41
0.011423611, 5.41
0.011435185, 5.4
0.011446759, 5.4
0.011458333, 5.4
0.011469907, 5.4
0.011481481, 5.4
0.011493056, 5.39
0.01150463, 5.39
0.011516204, 5.39
0.011527778, 5.39
0.011539352, 5.38
0.011550926, 5.38
0.0115625, 5.38
0.011574074, 5.38
0.011585648, 5.38
0.011597222, 5.37
0.011608796, 5.37
0.01162037, 5.37
0.011631944, 5.37
0.011643519, 5.37
0.011655093, 5.36
0.011666667, 5.36
0.011678241, 5.36
0.011689815, 5.35
0.011701389, 5.35
0.011712963, 5.34
0.011724537, 5.34
0.011736111, 5.34
0.011747685, 5.34
0.011759259, 5.34
0.011770833, 5.33
0.011782407, 5.33
0.011793981, 5.33
0.011805556, 5.33
0.01181713, 5.33
0.011828704, 5.32
0.011840278, 5.32
0.011851852, 5.32
0.011863426, 5.31
0.011875, 5.31
0.011886574, 5.31
0.011898148, 5.31
0.011909722, 5.3
0.011921296, 5.3
0.01193287, 5.3
0.011944444, 5.3
0.011956019, 5.3
0.011967593, 5.29
0.011979167, 5.29
0.011990741, 5.28
0.012002315, 5.28
0.012013889, 5.28
0.012025463, 5.28
0.012037037, 5.28
0.012048611, 5.27
0.012060185, 5.27
0.012071759, 5.27
0.012083333, 5.27
0.012094907, 5.27
0.012106481, 5.26
0.012118056, 5.26
0.01212963, 5.26
0.012141204, 5.26
0.012152778, 5.26
0.012164352, 5.25
0.012175926, 5.25
0.0121875, 5.24
0.012199074, 5.24
0.012210648, 5.24
0.012222222, 5.24
0.012233796, 5.24
0.01224537, 5.23
0.012256944, 5.23
0.012268519, 5.23
0.012280093, 5.23
0.012291667, 5.23
0.012303241, 5.22
0.012314815, 5.22
0.012326389, 5.22
0.012337963, 5.22
0.012349537, 5.22
0.012361111, 5.21
0.012372685, 5.21
0.012384259, 5.2
0.012395833, 5.2
0.012407407, 5.2
0.012418981, 5.2
0.012430556, 5.2
0.01244213, 5.19
0.012453704, 5.19
0.012465278, 5.19
0.012476852, 5.19
0.012488426, 5.19
0.0125, 5.18
0.012511574, 5.18
0.012523148, 5.18
0.012534722, 5.18
0.012546296, 5.17
0.01255787, 5.17
0.012569444, 5.17
0.012581019, 5.17
0.012592593, 5.17
0.012604167, 5.16
0.012615741, 5.16
0.012627315, 5.16
0.012638889, 5.15
0.012650463, 5.15
0.012662037, 5.15
0.012673611, 5.15
0.012685185, 5.15
0.012696759, 5.14
0.012708333, 5.14
0.012719907, 5.14
0.012731481, 5.14
0.012743056, 5.13
0.01275463, 5.13
0.012766204, 5.13
0.012777778, 5.13
0.012789352, 5.13
0.012800926, 5.12
0.0128125, 5.12
0.012824074, 5.12
0.012835648, 5.12
0.012847222, 5.11
0.012858796, 5.11
0.01287037, 5.11
0.012881944, 5.1
0.012893519, 5.1
0.012905093, 5.1
0.012916667, 5.1
0.012928241, 5.1
0.012939815, 5.09
0.012951389, 5.09
0.012962963, 5.09
0.012974537, 5.08
0.012986111, 5.08
0.012997685, 5.08
0.013009259, 5.08
0.013020833, 5.08
0.013032407, 5.07
0.013043981, 5.07
0.013055556, 5.06
0.01306713, 5.06
0.013078704, 5.06
0.013090278, 5.06
0.013101852, 5.06
0.013113426, 5.05
0.013125, 5.05
0.013136574, 5.05
0.013148148, 5.05
0.013159722, 5.05
0.013171296, 5.04
0.01318287, 5.04
0.013194444, 5.04
0.013206019, 5.04
0.013217593, 5.03
0.013229167, 5.03
0.013240741, 5.03
0.013252315, 5.03
0.013263889, 5.03
0.013275463, 5.02
0.013287037, 5.02
0.013298611, 5.02
0.013310185, 5.01
0.013321759, 5.02
0.013333333, 5.01
0.013344907, 5.01
0.013356481, 5.01
0.013368056, 5
0.01337963, 5
0.013391204, 5
0.013402778, 5
0.013414352, 4.99
0.013425926, 4.99
0.0134375, 4.99
0.013449074, 4.99
0.013460648, 4.99
0.013472222, 4.98
0.013483796, 4.98
0.01349537, 4.97
0.013506944, 4.97
0.013518519, 4.97
0.013530093, 4.97
0.013541667, 4.97
0.013553241, 4.96
0.013564815, 4.96
0.013576389, 4.96
0.013587963, 4.96
0.013599537, 4.96
0.013611111, 4.95
0.013622685, 4.95
0.013634259, 4.95
0.013645833, 4.95
0.013657407, 4.95
0.013668981, 4.94
0.013680556, 4.94
0.01369213, 4.93
0.013703704, 4.93
0.013715278, 4.93
0.013726852, 4.93
0.013738426, 4.93
0.01375, 4.92
0.013761574, 4.92
0.013773148, 4.92
0.013784722, 4.92
0.013796296, 4.92
0.01380787, 4.91
0.013819444, 4.91
0.013831019, 4.91
0.013842593, 4.91
0.013854167, 4.91
0.013865741, 4.9
0.013877315, 4.9
0.013888889, 4.9
0.013900463, 4.9
0.013912037, 4.89
0.013923611, 4.89
0.013935185, 4.89
0.013946759, 4.88
0.013958333, 4.88
0.013969907, 4.88
0.013981481, 4.88
0.013993056, 4.88
0.01400463, 4.87
0.014016204, 4.87
0.014027778, 4.86
0.014039352, 4.86
0.014050926, 4.86
0.0140625, 4.86
0.014074074, 4.86
0.014085648, 4.85
0.014097222, 4.85
0.014108796, 4.85
0.01412037, 4.85
0.014131944, 4.85
0.014143519, 4.84
0.014155093, 4.84
0.014166667, 4.84
0.014178241, 4.84
0.014189815, 4.84
0.014201389, 4.83
0.014212963, 4.83
0.014224537, 4.82
0.014236111, 4.82
0.014247685, 4.82
0.014259259, 4.82
0.014270833, 4.82
0.014282407, 4.81
0.014293981, 4.81
0.014305556, 4.81
0.01431713, 4.81
0.014328704, 4.81
0.014340278, 4.8
0.014351852, 4.8
0.014363426, 4.8
0.014375, 4.8
0.014386574, 4.79
0.014398148, 4.79
0.014409722, 4.79
0.014421296, 4.78
0.01443287, 4.78
0.014444444, 4.78
0.014456019, 4.78
0.014467593, 4.78
0.014479167, 4.77
0.014490741, 4.77
0.014502315, 4.77
0.014513889, 4.77
0.014525463, 4.77
0.014537037, 4.76
0.014548611, 4.76
0.014560185, 4.76
0.014571759, 4.76
0.014583333, 4.75
0.014594907, 4.75
0.014606481, 4.75
0.014618056, 4.75
0.01462963, 4.75
0.014641204, 4.74
0.014652778, 4.74
0.014664352, 4.74
0.014675926, 4.74
0.0146875, 4.74
0.014699074, 4.73
0.014710648, 4.73
0.014722222, 4.72
0.014733796, 4.72
0.01474537, 4.72
0.014756944, 4.72
0.014768519, 4.71
0.014780093, 4.71
0.014791667, 4.71
0.014803241, 4.71
0.014814815, 4.7
0.014826389, 4.7
0.014837963, 4.7
0.014849537, 4.7
0.014861111, 4.69
0.014872685, 4.69
0.014884259, 4.69
0.014895833, 4.69
0.014907407, 4.68
0.014918981, 4.68
0.014930556, 4.68
0.01494213, 4.68
0.014953704, 4.68
0.014965278, 4.67
0.014976852, 4.67
0.014988426, 4.67
0.015, 4.67
0.015011574, 4.67
0.015023148, 4.66
0.015034722, 4.66
0.015046296, 4.65
0.01505787, 4.65
0.015069444, 4.65
0.015081019, 4.65
0.015092593, 4.65
0.015104167, 4.65
0.015115741, 4.65
0.015127315, 4.64
0.015138889, 4.64
0.015150463, 4.63
0.015162037, 4.63
0.015173611, 4.63
0.015185185, 4.63
0.015196759, 4.62
0.015208333, 4.62
0.015219907, 4.62
0.015231481, 4.62
0.015243056, 4.62
0.01525463, 4.61
0.015266204, 4.61
0.015277778, 4.61
0.015289352, 4.61
0.015300926, 4.61
0.0153125, 4.6
0.015324074, 4.6
0.015335648, 4.6
0.015347222, 4.6
0.015358796, 4.6
0.01537037, 4.59
0.015381944, 4.59
0.015393519, 4.58
0.015405093, 4.58
0.015416667, 4.58
0.015428241, 4.58
0.015439815, 4.58
0.015451389, 4.57
0.015462963, 4.57
0.015474537, 4.57
0.015486111, 4.57
0.015497685, 4.57
0.015509259, 4.56
0.015520833, 4.56
0.015532407, 4.56
0.015543981, 4.56
0.015555556, 4.55
0.01556713, 4.55
0.015578704, 4.55
0.015590278, 4.55
0.015601852, 4.55
0.015613426, 4.54
0.015625, 4.54
0.015636574, 4.54
0.015648148, 4.54
0.015659722, 4.54
0.015671296, 4.53
0.01568287, 4.53
0.015694444, 4.52
0.015706019, 4.52
0.015717593, 4.52
0.015729167, 4.52
0.015740741, 4.51
0.015752315, 4.51
0.015763889, 4.51
0.015775463, 4.5
0.015787037, 4.51
0.015798611, 4.5
0.015810185, 4.5
0.015821759, 4.49
0.015833333, 4.49
0.015844907, 4.49
0.015856481, 4.49
0.015868056, 4.49
0.01587963, 4.49
0.015891204, 4.49
0.015902778, 4.48
0.015914352, 4.48
0.015925926, 4.48
0.0159375, 4.47
0.015949074, 4.47
0.015960648, 4.47
0.015972222, 4.47
0.015983796, 4.46
0.01599537, 4.46
0.016006944, 4.46
0.016018519, 4.46
0.016030093, 4.46
0.016041667, 4.45
0.016053241, 4.45
0.016064815, 4.45
0.016076389, 4.45
0.016087963, 4.44
0.016099537, 4.44
0.016111111, 4.44
0.016122685, 4.44
0.016134259, 4.44
0.016145833, 4.43
0.016157407, 4.43
0.016168981, 4.43
0.016180556, 4.43
0.01619213, 4.42
0.016203704, 4.42
0.016215278, 4.42
0.016226852, 4.41
0.016238426, 4.41
0.01625, 4.41
0.016261574, 4.41
0.016273148, 4.41
0.016284722, 4.41
0.016296296, 4.4
0.01630787, 4.4
0.016319444, 4.4
0.016331019, 4.39
0.016342593, 4.39
0.016354167, 4.39
0.016365741, 4.39
0.016377315, 4.39
0.016388889, 4.38
0.016400463, 4.38
0.016412037, 4.38
0.016423611, 4.38
0.016435185, 4.38
0.016446759, 4.37
0.016458333, 4.37
0.016469907, 4.37
0.016481481, 4.37
0.016493056, 4.36
0.01650463, 4.36
0.016516204, 4.36
0.016527778, 4.36
0.016539352, 4.36
0.016550926, 4.35
0.0165625, 4.35
0.016574074, 4.35
0.016585648, 4.35
0.016597222, 4.34
0.016608796, 4.34
0.01662037, 4.34
0.016631944, 4.34
0.016643519, 4.33
0.016655093, 4.33
0.016666667, 4.33
0.016678241, 4.32
0.016689815, 4.33
0.016701389, 4.32
0.016712963, 4.32
0.016724537, 4.32
0.016736111, 4.31
0.016747685, 4.31
0.016759259, 4.31
0.016770833, 4.31
0.016782407, 4.31
0.016793981, 4.3
0.016805556, 4.3
0.01681713, 4.3
0.016828704, 4.3
0.016840278, 4.29
0.016851852, 4.29
0.016863426, 4.29
0.016875, 4.29
0.016886574, 4.29
0.016898148, 4.28
0.016909722, 4.28
0.016921296, 4.28
0.01693287, 4.27
0.016944444, 4.27
0.016956019, 4.27
0.016967593, 4.27
0.016979167, 4.26
0.016990741, 4.26
0.017002315, 4.26
0.017013889, 4.26
0.017025463, 4.26
0.017037037, 4.25
0.017048611, 4.25
0.017060185, 4.25
0.017071759, 4.25
0.017083333, 4.24
0.017094907, 4.24
0.017106481, 4.24
0.017118056, 4.24
0.01712963, 4.24
0.017141204, 4.23
0.017152778, 4.23
0.017164352, 4.23
0.017175926, 4.23
0.0171875, 4.22
0.017199074, 4.22
0.017210648, 4.22
0.017222222, 4.22
0.017233796, 4.22
0.01724537, 4.21
0.017256944, 4.21
0.017268519, 4.21
0.017280093, 4.2
0.017291667, 4.2
0.017303241, 4.2
0.017314815, 4.2
0.017326389, 4.19
0.017337963, 4.19
0.017349537, 4.19
0.017361111, 4.19
0.017372685, 4.19
0.017384259, 4.18
0.017395833, 4.18
0.017407407, 4.18
0.017418981, 4.18
0.017430556, 4.18
0.01744213, 4.17
0.017453704, 4.17
0.017465278, 4.17
0.017476852, 4.17
0.017488426, 4.16
0.0175, 4.16
0.017511574, 4.15
0.017523148, 4.16
0.017534722, 4.15
0.017546296, 4.15
0.01755787, 4.15
0.017569444, 4.14
0.017581019, 4.14
0.017592593, 4.14
0.017604167, 4.14
0.017615741, 4.13
0.017627315, 4.13
0.017638889, 4.13
0.017650463, 4.13
0.017662037, 4.13
0.017673611, 4.12
0.017685185, 4.12
0.017696759, 4.12
0.017708333, 4.12
0.017719907, 4.12
0.017731481, 4.11
0.017743056, 4.11
0.01775463, 4.11
0.017766204, 4.11
0.017777778, 4.1
0.017789352, 4.1
0.017800926, 4.1
0.0178125, 4.1
0.017824074, 4.1
0.017835648, 4.09
0.017847222, 4.09
0.017858796, 4.08
0.01787037, 4.08
0.017881944, 4.08
0.017893519, 4.08
0.017905093, 4.08
0.017916667, 4.07
0.017928241, 4.07
0.017939815, 4.07
0.017951389, 4.07
0.017962963, 4.06
0.017974537, 4.06
0.017986111, 4.06
0.017997685, 4.06
0.018009259, 4.06
0.018020833, 4.05
0.018032407, 4.05
0.018043981, 4.05
0.018055556, 4.05
0.01806713, 4.05
0.018078704, 4.04
0.018090278, 4.04
0.018101852, 4.04
0.018113426, 4.04
0.018125, 4.03
0.018136574, 4.03
0.018148148, 4.03
0.018159722, 4.03
0.018171296, 4.03
0.01818287, 4.02
0.018194444, 4.02
0.018206019, 4.02
0.018217593, 4.02
0.018229167, 4.01
0.018240741, 4.01
0.018252315, 4.01
0.018263889, 4
0.018275463, 4
0.018287037, 4
0.018298611, 4
0.018310185, 4
0.018321759, 3.99
0.018333333, 3.99
0.018344907, 3.99
0.018356481, 3.99
0.018368056, 3.99
0.01837963, 3.98
0.018391204, 3.98
0.018402778, 3.98
0.018414352, 3.98
0.018425926, 3.97
0.0184375, 3.97
0.018449074, 3.97
0.018460648, 3.97
0.018472222, 3.97
0.018483796, 3.96
0.01849537, 3.96
0.018506944, 3.96
0.018518519, 3.95
0.018530093, 3.95
0.018541667, 3.95
0.018553241, 3.95
0.018564815, 3.94
0.018576389, 3.94
0.018587963, 3.94
0.018599537, 3.94
0.018611111, 3.93
0.018622685, 3.93
0.018634259, 3.93
0.018645833, 3.93
0.018657407, 3.93
0.018668981, 3.92
0.018680556, 3.92
0.01869213, 3.92
0.018703704, 3.92
0.018715278, 3.92
0.018726852, 3.91
0.018738426, 3.91
0.01875, 3.91
0.018761574, 3.91
0.018773148, 3.91
0.018784722, 3.91
0.018796296, 3.9
0.01880787, 3.9
0.018819444, 3.9
0.018831019, 3.9
0.018842593, 3.9
0.018854167, 3.9
0.018865741, 3.89
0.018877315, 3.89
0.018888889, 3.89
0.018900463, 3.89
0.018912037, 3.88
0.018923611, 3.88
0.018935185, 3.88
0.018946759, 3.88
0.018958333, 3.87
0.018969907, 3.87
0.018981481, 3.87
0.018993056, 3.86
0.01900463, 3.86
0.019016204, 3.86
0.019027778, 3.86
0.019039352, 3.85
0.019050926, 3.85
0.0190625, 3.85
0.019074074, 3.85
0.019085648, 3.85
0.019097222, 3.84
0.019108796, 3.84
0.01912037, 3.84
0.019131944, 3.84
0.019143519, 3.84
0.019155093, 3.83
0.019166667, 3.83
0.019178241, 3.83
0.019189815, 3.83
0.019201389, 3.82
0.019212963, 3.82
0.019224537, 3.82
0.019236111, 3.82
0.019247685, 3.82
0.019259259, 3.81
0.019270833, 3.81
0.019282407, 3.81
0.019293981, 3.81
0.019305556, 3.8
0.01931713, 3.8
0.019328704, 3.8
0.019340278, 3.8
0.019351852, 3.8
0.019363426, 3.79
0.019375, 3.79
0.019386574, 3.79
0.019398148, 3.79
0.019409722, 3.78
0.019421296, 3.78
0.01943287, 3.78
0.019444444, 3.77
0.019456019, 3.77
0.019467593, 3.77
0.019479167, 3.77
0.019490741, 3.77
0.019502315, 3.76
0.019513889, 3.76
0.019525463, 3.76
0.019537037, 3.76
0.019548611, 3.75
0.019560185, 3.75
0.019571759, 3.75
0.019583333, 3.75
0.019594907, 3.75
0.019606481, 3.74
0.019618056, 3.74
0.01962963, 3.73
0.019641204, 3.73
0.019652778, 3.73
0.019664352, 3.73
0.019675926, 3.73
0.0196875, 3.72
0.019699074, 3.72
0.019710648, 3.72
0.019722222, 3.72
0.019733796, 3.72
0.01974537, 3.71
0.019756944, 3.71
0.019768519, 3.71
0.019780093, 3.71
0.019791667, 3.7
0.019803241, 3.7
0.019814815, 3.7
0.019826389, 3.7
0.019837963, 3.7
0.019849537, 3.69
0.019861111, 3.69
0.019872685, 3.69
0.019884259, 3.69
0.019895833, 3.68
0.019907407, 3.68
0.019918981, 3.68
0.019930556, 3.68
0.01994213, 3.68
0.019953704, 3.67
0.019965278, 3.67
0.019976852, 3.67
0.019988426, 3.67
0.02, 3.67
0.020011574, 3.66
0.020023148, 3.66
0.020034722, 3.66
0.020046296, 3.66
0.02005787, 3.65
0.020069444, 3.65
0.020081019, 3.65
0.020092593, 3.65
0.020104167, 3.65
0.020115741, 3.64
0.020127315, 3.64
0.020138889, 3.64
0.020150463, 3.64
0.020162037, 3.64
0.020173611, 3.63
0.020185185, 3.63
0.020196759, 3.63
0.020208333, 3.63
0.020219907, 3.62
0.020231481, 3.62
0.020243056, 3.62
0.02025463, 3.62
0.020266204, 3.62
0.020277778, 3.61
0.020289352, 3.61
0.020300926, 3.61
0.0203125, 3.61
0.020324074, 3.61
0.020335648, 3.6
0.020347222, 3.6
0.020358796, 3.6
0.02037037, 3.6
0.020381944, 3.59
0.020393519, 3.59
0.020405093, 3.59
0.020416667, 3.59
0.020428241, 3.59
0.020439815, 3.58
0.020451389, 3.58
0.020462963, 3.58
0.020474537, 3.58
0.020486111, 3.58
0.020497685, 3.57
0.020509259, 3.57
0.020520833, 3.57
0.020532407, 3.57
0.020543981, 3.56
0.020555556, 3.56
0.02056713, 3.56
0.020578704, 3.56
0.020590278, 3.56
0.020601852, 3.55
0.020613426, 3.55
0.020625, 3.55
0.020636574, 3.55
0.020648148, 3.54
0.020659722, 3.54
0.020671296, 3.54
0.02068287, 3.54
0.020694444, 3.54
0.020706019, 3.53
0.020717593, 3.53
0.020729167, 3.53
0.020740741, 3.53
0.020752315, 3.52
0.020763889, 3.52
0.020775463, 3.52
0.020787037, 3.52
0.020798611, 3.52
0.020810185, 3.51
0.020821759, 3.51
0.020833333, 3.5
0.020844907, 3.51
0.020856481, 3.51
0.020868056, 3.5
0.02087963, 3.5
0.020891204, 3.5
0.020902778, 3.5
0.020914352, 3.49
0.020925926, 3.49
0.0209375, 3.49
0.020949074, 3.49
0.020960648, 3.48
0.020972222, 3.48
0.020983796, 3.48
0.02099537, 3.48
0.021006944, 3.47
0.021018519, 3.47
0.021030093, 3.47
0.021041667, 3.47
0.021053241, 3.46
0.021064815, 3.46
0.021076389, 3.46
0.021087963, 3.46
0.021099537, 3.46
0.021111111, 3.45
0.021122685, 3.45
0.021134259, 3.45
0.021145833, 3.45
0.021157407, 3.44
0.021168981, 3.44
0.021180556, 3.44
0.02119213, 3.44
0.021203704, 3.44
0.021215278, 3.43
0.021226852, 3.43
0.021238426, 3.43
0.02125, 3.43
0.021261574, 3.43
0.021273148, 3.42
0.021284722, 3.42
0.021296296, 3.42
0.02130787, 3.42
0.021319444, 3.41
0.021331019, 3.41
0.021342593, 3.41
0.021354167, 3.41
0.021365741, 3.41
0.021377315, 3.4
0.021388889, 3.4
0.021400463, 3.4
0.021412037, 3.4
0.021423611, 3.4
0.021435185, 3.39
0.021446759, 3.39
0.021458333, 3.39
0.021469907, 3.39
0.021481481, 3.38
0.021493056, 3.38
0.02150463, 3.37
0.021516204, 3.37
0.021527778, 3.37
0.021539352, 3.37
0.021550926, 3.37
0.0215625, 3.36
0.021574074, 3.36
0.021585648, 3.36
0.021597222, 3.36
0.021608796, 3.36
0.02162037, 3.35
0.021631944, 3.35
0.021643519, 3.35
0.021655093, 3.35
0.021666667, 3.35
0.021678241, 3.35
0.021689815, 3.35
0.021701389, 3.34
0.021712963, 3.34
0.021724537, 3.34
0.021736111, 3.34
0.021747685, 3.33
0.021759259, 3.33
0.021770833, 3.33
0.021782407, 3.33
0.021793981, 3.33
0.021805556, 3.32
0.02181713, 3.32
0.021828704, 3.31
0.021840278, 3.31
0.021851852, 3.31
0.021863426, 3.31
0.021875, 3.31
0.021886574, 3.3
0.021898148, 3.3
0.021909722, 3.3
0.021921296, 3.3
0.02193287, 3.3
0.021944444, 3.29
0.021956019, 3.29
0.021967593, 3.29
0.021979167, 3.29
0.021990741, 3.28
0.022002315, 3.28
0.022013889, 3.28
0.022025463, 3.28
0.022037037, 3.28
0.022048611, 3.27
0.022060185, 3.27
0.022071759, 3.27
0.022083333, 3.27
0.022094907, 3.26
0.022106481, 3.26
0.022118056, 3.26
0.02212963, 3.26
0.022141204, 3.26
0.022152778, 3.25
0.022164352, 3.25
0.022175926, 3.25
0.0221875, 3.25
0.022199074, 3.25
0.022210648, 3.24
0.022222222, 3.24
0.022233796, 3.24
0.02224537, 3.24
0.022256944, 3.23
0.022268519, 3.23
0.022280093, 3.23
0.022291667, 3.23
0.022303241, 3.23
0.022314815, 3.22
0.022326389, 3.22
0.022337963, 3.22
0.022349537, 3.22
0.022361111, 3.21
0.022372685, 3.21
0.022384259, 3.21
0.022395833, 3.21
0.022407407, 3.21
0.022418981, 3.21
0.022430556, 3.2
0.02244213, 3.2
0.022453704, 3.2
0.022465278, 3.2
0.022476852, 3.19
0.022488426, 3.19
0.0225, 3.19
0.022511574, 3.19
0.022523148, 3.19
0.022534722, 3.18
0.022546296, 3.18
0.02255787, 3.18
0.022569444, 3.18
0.022581019, 3.17
0.022592593, 3.17
0.022604167, 3.17
0.022615741, 3.17
0.022627315, 3.17
0.022638889, 3.16
0.022650463, 3.16
0.022662037, 3.16
0.022673611, 3.16
0.022685185, 3.15
0.022696759, 3.15
0.022708333, 3.15
0.022719907, 3.14
0.022731481, 3.14
0.022743056, 3.14
0.02275463, 3.14
0.022766204, 3.13
0.022777778, 3.13
0.022789352, 3.13
0.022800926, 3.13
0.0228125, 3.13
0.022824074, 3.12
0.022835648, 3.12
0.022847222, 3.12
0.022858796, 3.12
0.02287037, 3.12
0.022881944, 3.11
0.022893519, 3.11
0.022905093, 3.11
0.022916667, 3.11
0.022928241, 3.1
0.022939815, 3.1
0.022951389, 3.1
0.022962963, 3.1
0.022974537, 3.1
0.022986111, 3.09
0.022997685, 3.09
0.023009259, 3.09
0.023020833, 3.09
0.023032407, 3.09
0.023043981, 3.09
0.023055556, 3.09
0.02306713, 3.08
0.023078704, 3.08
0.023090278, 3.08
0.023101852, 3.08
0.023113426, 3.07
0.023125, 3.07
0.023136574, 3.07
0.023148148, 3.07
0.023159722, 3.07
0.023171296, 3.06
0.02318287, 3.06
0.023194444, 3.05
0.023206019, 3.05
0.023217593, 3.05
0.023229167, 3.05
0.023240741, 3.05
0.023252315, 3.04
0.023263889, 3.04
0.023275463, 3.04
0.023287037, 3.04
0.023298611, 3.04
0.023310185, 3.03
0.023321759, 3.03
0.023333333, 3.03
0.023344907, 3.03
0.023356481, 3.03
0.023368056, 3.03
0.02337963, 3.03
0.023391204, 3.02
0.023402778, 3.02
0.023414352, 3.01
0.023425926, 3.01
0.0234375, 3.01
0.023449074, 3.01
0.023460648, 3.01
0.023472222, 3.01
0.023483796, 3.01
0.02349537, 3
0.023506944, 3
0.023518519, 3
0.023530093, 3
0.023541667, 2.99
0.023553241, 2.99
0.023564815, 2.99
0.023576389, 2.98
0.023587963, 2.98
0.023599537, 2.98
0.023611111, 2.98
0.023622685, 2.97
0.023634259, 2.97
0.023645833, 2.97
0.023657407, 2.97
0.023668981, 2.97
0.023680556, 2.96
0.02369213, 2.96
0.023703704, 2.96
0.023715278, 2.96
0.023726852, 2.95
0.023738426, 2.95
0.02375, 2.95
0.023761574, 2.95
0.023773148, 2.95
0.023784722, 2.94
0.023796296, 2.94
0.02380787, 2.94
0.023819444, 2.94
0.023831019, 2.94
0.023842593, 2.93
0.023854167, 2.93
0.023865741, 2.93
0.023877315, 2.93
0.023888889, 2.92
0.023900463, 2.92
0.023912037, 2.92
0.023923611, 2.92
0.023935185, 2.92
0.023946759, 2.91
0.023958333, 2.91
0.023969907, 2.91
0.023981481, 2.91
0.023993056, 2.91
0.02400463, 2.9
0.024016204, 2.9
0.024027778, 2.9
0.024039352, 2.9
0.024050926, 2.9
0.0240625, 2.89
0.024074074, 2.89
0.024085648, 2.89
0.024097222, 2.89
0.024108796, 2.88
0.02412037, 2.88
0.024131944, 2.88
0.024143519, 2.88
0.024155093, 2.88
0.024166667, 2.87
0.024178241, 2.87
0.024189815, 2.87
0.024201389, 2.87
0.024212963, 2.86
0.024224537, 2.86
0.024236111, 2.86
0.024247685, 2.86
0.024259259, 2.86
0.024270833, 2.85
0.024282407, 2.85
0.024293981, 2.85
0.024305556, 2.85
0.02431713, 2.85
0.024328704, 2.84
0.024340278, 2.84
0.024351852, 2.84
0.024363426, 2.84
0.024375, 2.83
0.024386574, 2.83
0.024398148, 2.83
0.024409722, 2.83
0.024421296, 2.83
0.02443287, 2.82
0.024444444, 2.82
0.024456019, 2.82
0.024467593, 2.82
0.024479167, 2.81
0.024490741, 2.81
0.024502315, 2.81
0.024513889, 2.81
0.024525463, 2.81
0.024537037, 2.8
0.024548611, 2.8
0.024560185, 2.8
0.024571759, 2.8
0.024583333, 2.8
0.024594907, 2.79
0.024606481, 2.79
0.024618056, 2.78
0.02462963, 2.78
0.024641204, 2.79
0.024652778, 2.78
0.024664352, 2.78
0.024675926, 2.78
0.0246875, 2.78
0.024699074, 2.77
0.024710648, 2.77
0.024722222, 2.77
0.024733796, 2.77
0.02474537, 2.77
0.024756944, 2.76
0.024768519, 2.76
0.024780093, 2.76
0.024791667, 2.76
0.024803241, 2.76
0.024814815, 2.75
0.024826389, 2.75
0.024837963, 2.74
0.024849537, 2.74
0.024861111, 2.74
0.024872685, 2.74
0.024884259, 2.74
0.024895833, 2.74
0.024907407, 2.74
0.024918981, 2.73
0.024930556, 2.73
0.02494213, 2.73
0.024953704, 2.73
0.024965278, 2.72
0.024976852, 2.72
0.024988426, 2.72
0.025, 2.71
0.025011574, 2.71
0.025023148, 2.71
0.025034722, 2.71
0.025046296, 2.71
0.02505787, 2.71
0.025069444, 2.7
0.025081019, 2.7
0.025092593, 2.7
0.025104167, 2.7
0.025115741, 2.7
0.025127315, 2.69
0.025138889, 2.69
0.025150463, 2.69
0.025162037, 2.69
0.025173611, 2.69
0.025185185, 2.68
0.025196759, 2.68
0.025208333, 2.68
0.025219907, 2.68
0.025231481, 2.67
0.025243056, 2.67
0.02525463, 2.67
0.025266204, 2.66
0.025277778, 2.66
0.025289352, 2.66
0.025300926, 2.66
0.0253125, 2.66
0.025324074, 2.65
0.025335648, 2.65
0.025347222, 2.65
0.025358796, 2.65
0.02537037, 2.65
0.025381944, 2.64
0.025393519, 2.64
0.025405093, 2.64
0.025416667, 2.64
0.025428241, 2.63
0.025439815, 2.63
0.025451389, 2.63
0.025462963, 2.63
0.025474537, 2.62
0.025486111, 2.63
0.025497685, 2.62
0.025509259, 2.62
0.025520833, 2.62
0.025532407, 2.62
0.025543981, 2.62
0.025555556, 2.61
0.02556713, 2.61
0.025578704, 2.61
0.025590278, 2.61
0.025601852, 2.61
0.025613426, 2.61
0.025625, 2.61
0.025636574, 2.6
0.025648148, 2.6
0.025659722, 2.6
0.025671296, 2.6
0.02568287, 2.6
0.025694444, 2.59
0.025706019, 2.59
0.025717593, 2.59
0.025729167, 2.59
0.025740741, 2.58
0.025752315, 2.58
0.025763889, 2.58
0.025775463, 2.58
0.025787037, 2.58
0.025798611, 2.57
0.025810185, 2.57
0.025821759, 2.57
0.025833333, 2.57
0.025844907, 2.56
0.025856481, 2.56
0.025868056, 2.56
0.02587963, 2.56
0.025891204, 2.56
0.025902778, 2.56
0.025914352, 2.55
0.025925926, 2.55
0.0259375, 2.55
0.025949074, 2.55
0.025960648, 2.54
0.025972222, 2.54
0.025983796, 2.54
0.02599537, 2.54
0.026006944, 2.54
0.026018519, 2.53
0.026030093, 2.53
0.026041667, 2.53
0.026053241, 2.53
0.026064815, 2.52
0.026076389, 2.52
0.026087963, 2.52
0.026099537, 2.52
0.026111111, 2.52
0.026122685, 2.51
0.026134259, 2.51
0.026145833, 2.51
0.026157407, 2.51
0.026168981, 2.51
0.026180556, 2.5
0.02619213, 2.5
0.026203704, 2.5
0.026215278, 2.5
0.026226852, 2.5
0.026238426, 2.5
0.02625, 2.5
0.026261574, 2.49
0.026273148, 2.49
0.026284722, 2.49
0.026296296, 2.48
0.02630787, 2.48
0.026319444, 2.48
0.026331019, 2.48
0.026342593, 2.48
0.026354167, 2.48
0.026365741, 2.47
0.026377315, 2.47
0.026388889, 2.47
0.026400463, 2.47
0.026412037, 2.46
0.026423611, 2.46
0.026435185, 2.46
0.026446759, 2.45
0.026458333, 2.45
0.026469907, 2.45
0.026481481, 2.45
0.026493056, 2.44
0.02650463, 2.44
0.026516204, 2.44
0.026527778, 2.44
0.026539352, 2.44
0.026550926, 2.44
0.0265625, 2.44
0.026574074, 2.43
0.026585648, 2.43
0.026597222, 2.43
0.026608796, 2.43
0.02662037, 2.43
0.026631944, 2.42
0.026643519, 2.42
0.026655093, 2.42
0.026666667, 2.42
0.026678241, 2.42
0.026689815, 2.41
0.026701389, 2.41
0.026712963, 2.41
0.026724537, 2.41
0.026736111, 2.4
0.026747685, 2.4
0.026759259, 2.4
0.026770833, 2.4
0.026782407, 2.4
0.026793981, 2.39
0.026805556, 2.39
0.02681713, 2.39
0.026828704, 2.39
0.026840278, 2.38
0.026851852, 2.38
0.026863426, 2.38
0.026875, 2.38
0.026886574, 2.38
0.026898148, 2.37
0.026909722, 2.37
0.026921296, 2.37
0.02693287, 2.37
0.026944444, 2.37
0.026956019, 2.36
0.026967593, 2.36
0.026979167, 2.36
0.026990741, 2.36
0.027002315, 2.35
0.027013889, 2.35
0.027025463, 2.35
0.027037037, 2.35
0.027048611, 2.35
0.027060185, 2.34
0.027071759, 2.34
0.027083333, 2.34
0.027094907, 2.34
0.027106481, 2.33
0.027118056, 2.33
0.02712963, 2.33
0.027141204, 2.33
0.027152778, 2.33
0.027164352, 2.33
0.027175926, 2.33
0.0271875, 2.33
0.027199074, 2.32
0.027210648, 2.32
0.027222222, 2.32
0.027233796, 2.32
0.02724537, 2.31
0.027256944, 2.31
0.027268519, 2.31
0.027280093, 2.31
0.027291667, 2.31
0.027303241, 2.3
0.027314815, 2.3
0.027326389, 2.3
0.027337963, 2.3
0.027349537, 2.29
0.027361111, 2.29
0.027372685, 2.29
0.027384259, 2.29
0.027395833, 2.29
0.027407407, 2.28
0.027418981, 2.28
0.027430556, 2.28
0.02744213, 2.28
0.027453704, 2.27
0.027465278, 2.27
0.027476852, 2.27
0.027488426, 2.27
0.0275, 2.27
0.027511574, 2.26
0.027523148, 2.26
0.027534722, 2.26
0.027546296, 2.26
0.02755787, 2.26
0.027569444, 2.25
0.027581019, 2.25
0.027592593, 2.25
0.027604167, 2.25
0.027615741, 2.24
0.027627315, 2.24
0.027638889, 2.24
0.027650463, 2.24
0.027662037, 2.24
0.027673611, 2.23
0.027685185, 2.23
0.027696759, 2.23
0.027708333, 2.23
0.027719907, 2.23
0.027731481, 2.22
0.027743056, 2.22
0.02775463, 2.22
0.027766204, 2.22
0.027777778, 2.22
0.027789352, 2.21
0.027800926, 2.21
0.0278125, 2.21
0.027824074, 2.21
0.027835648, 2.2
0.027847222, 2.2
0.027858796, 2.2
0.02787037, 2.2
0.027881944, 2.2
0.027893519, 2.19
0.027905093, 2.19
0.027916667, 2.19
0.027928241, 2.19
0.027939815, 2.18
0.027951389, 2.18
0.027962963, 2.18
0.027974537, 2.18
0.027986111, 2.18
0.027997685, 2.17
0.028009259, 2.17
0.028020833, 2.17
0.028032407, 2.17
0.028043981, 2.17
0.028055556, 2.16
0.02806713, 2.16
0.028078704, 2.16
0.028090278, 2.16
0.028101852, 2.15
0.028113426, 2.15
0.028125, 2.15
0.028136574, 2.15
0.028148148, 2.15
0.028159722, 2.15
0.028171296, 2.15
0.02818287, 2.15
0.028194444, 2.14
0.028206019, 2.14
0.028217593, 2.14
0.028229167, 2.14
0.028240741, 2.13
0.028252315, 2.13
0.028263889, 2.13
0.028275463, 2.13
0.028287037, 2.13
0.028298611, 2.12
0.028310185, 2.12
0.028321759, 2.11
0.028333333, 2.12
0.028344907, 2.11
0.028356481, 2.11
0.028368056, 2.11
0.02837963, 2.1
0.028391204, 2.1
0.028402778, 2.1
0.028414352, 2.1
0.028425926, 2.09
0.0284375, 2.09
0.028449074, 2.09
0.028460648, 2.09
0.028472222, 2.09
0.028483796, 2.09
0.02849537, 2.09
0.028506944, 2.08
0.028518519, 2.08
0.028530093, 2.08
0.028541667, 2.08
0.028553241, 2.08
0.028564815, 2.07
0.028576389, 2.07
0.028587963, 2.07
0.028599537, 2.07
0.028611111, 2.06
0.028622685, 2.06
0.028634259, 2.06
0.028645833, 2.06
0.028657407, 2.06
0.028668981, 2.05
0.028680556, 2.05
0.02869213, 2.05
0.028703704, 2.05
0.028715278, 2.05
0.028726852, 2.05
0.028738426, 2.05
0.02875, 2.04
0.028761574, 2.04
0.028773148, 2.03
0.028784722, 2.03
0.028796296, 2.03
0.02880787, 2.03
0.028819444, 2.03
0.028831019, 2.03
0.028842593, 2.03
0.028854167, 2.02
0.028865741, 2.02
0.028877315, 2.02
0.028888889, 2.02
0.028900463, 2.02
0.028912037, 2.01
0.028923611, 2.01
0.028935185, 2.01
0.028946759, 2.01
0.028958333, 2
0.028969907, 2
0.028981481, 2
0.028993056, 2
0.02900463, 2
0.029016204, 1.99
0.029027778, 1.99
0.029039352, 1.99
0.029050926, 1.99
0.0290625, 1.98
0.029074074, 1.98
0.029085648, 1.98
0.029097222, 1.98
0.029108796, 1.98
0.02912037, 1.97
0.029131944, 1.97
0.029143519, 1.97
0.029155093, 1.97
0.029166667, 1.97
0.029178241, 1.96
0.029189815, 1.96
0.029201389, 1.96
0.029212963, 1.96
0.029224537, 1.95
0.029236111, 1.95
0.029247685, 1.95
0.029259259, 1.95
0.029270833, 1.95
0.029282407, 1.94
0.029293981, 1.95
0.029305556, 1.95
0.02931713, 1.94
0.029328704, 1.94
0.029340278, 1.94
0.029351852, 1.93
0.029363426, 1.93
0.029375, 1.93
0.029386574, 1.93
0.029398148, 1.93
0.029409722, 1.93
0.029421296, 1.92
0.02943287, 1.92
0.029444444, 1.92
0.029456019, 1.92
0.029467593, 1.91
0.029479167, 1.91
0.029490741, 1.91
0.029502315, 1.91
0.029513889, 1.91
0.029525463, 1.9
0.029537037, 1.9
0.029548611, 1.9
0.029560185, 1.9
0.029571759, 1.9
0.029583333, 1.89
0.029594907, 1.89
0.029606481, 1.89
0.029618056, 1.89
0.02962963, 1.89
0.029641204, 1.88
0.029652778, 1.88
0.029664352, 1.88
0.029675926, 1.88
0.0296875, 1.87
0.029699074, 1.87
0.029710648, 1.87
0.029722222, 1.87
0.029733796, 1.87
0.02974537, 1.86
0.029756944, 1.86
0.029768519, 1.86
0.029780093, 1.86
0.029791667, 1.86
0.029803241, 1.86
0.029814815, 1.86
0.029826389, 1.85
0.029837963, 1.85
0.029849537, 1.85
0.029861111, 1.85
0.029872685, 1.84
0.029884259, 1.84
0.029895833, 1.84
0.029907407, 1.84
0.029918981, 1.84
0.029930556, 1.83
0.02994213, 1.83
0.029953704, 1.83
0.029965278, 1.83
0.029976852, 1.83
0.029988426, 1.82
0.03, 1.82
0.030011574, 1.82
0.030023148, 1.82
0.030034722, 1.81
0.030046296, 1.81
0.03005787, 1.81
0.030069444, 1.81
0.030081019, 1.81
0.030092593, 1.8
0.030104167, 1.8
0.030115741, 1.8
0.030127315, 1.8
0.030138889, 1.8
0.030150463, 1.79
0.030162037, 1.79
0.030173611, 1.79
0.030185185, 1.79
0.030196759, 1.79
0.030208333, 1.79
0.030219907, 1.78
0.030231481, 1.78
0.030243056, 1.78
0.03025463, 1.78
0.030266204, 1.78
0.030277778, 1.77
0.030289352, 1.77
0.030300926, 1.77
0.0303125, 1.77
0.030324074, 1.77
0.030335648, 1.76
0.030347222, 1.76
0.030358796, 1.76
0.03037037, 1.76
0.030381944, 1.76
0.030393519, 1.76
0.030405093, 1.76
0.030416667, 1.75
0.030428241, 1.75
0.030439815, 1.75
0.030451389, 1.75
0.030462963, 1.74
0.030474537, 1.74
0.030486111, 1.74
0.030497685, 1.74
0.030509259, 1.74
0.030520833, 1.73
0.030532407, 1.73
0.030543981, 1.73
0.030555556, 1.73
0.03056713, 1.72
0.030578704, 1.72
0.030590278, 1.72
0.030601852, 1.72
0.030613426, 1.72
0.030625, 1.71
0.030636574, 1.71
0.030648148, 1.71
0.030659722, 1.71
0.030671296, 1.71
0.03068287, 1.7
0.030694444, 1.7
0.030706019, 1.7
0.030717593, 1.7
0.030729167, 1.69
0.030740741, 1.69
0.030752315, 1.69
0.030763889, 1.69
0.030775463, 1.69
0.030787037, 1.69
0.030798611, 1.69
0.030810185, 1.68
0.030821759, 1.68
0.030833333, 1.68
0.030844907, 1.68
0.030856481, 1.68
0.030868056, 1.67
0.03087963, 1.67
0.030891204, 1.67
0.030902778, 1.67
0.030914352, 1.67
0.030925926, 1.66
0.0309375, 1.66
0.030949074, 1.66
0.030960648, 1.66
0.030972222, 1.65
0.030983796, 1.65
0.03099537, 1.65
0.031006944, 1.65
0.031018519, 1.65
0.031030093, 1.64
0.031041667, 1.64
0.031053241, 1.64
0.031064815, 1.64
0.031076389, 1.63
0.031087963, 1.63
0.031099537, 1.63
0.031111111, 1.63
0.031122685, 1.63
0.031134259, 1.62
0.031145833, 1.62
0.031157407, 1.62
0.031168981, 1.62
0.031180556, 1.62
0.03119213, 1.62
0.031203704, 1.62
0.031215278, 1.61
0.031226852, 1.61
0.031238426, 1.61
0.03125, 1.61
0.031261574, 1.61
0.031273148, 1.6
0.031284722, 1.6
0.031296296, 1.6
0.03130787, 1.6
0.031319444, 1.59
0.031331019, 1.59
0.031342593, 1.59
0.031354167, 1.59
0.031365741, 1.59
0.031377315, 1.58
0.031388889, 1.58
0.031400463, 1.58
0.031412037, 1.58
0.031423611, 1.58
0.031435185, 1.58
0.031446759, 1.58
0.031458333, 1.57
0.031469907, 1.57
0.031481481, 1.57
0.031493056, 1.57
0.03150463, 1.57
0.031516204, 1.56
0.031527778, 1.56
0.031539352, 1.56
0.031550926, 1.56
0.0315625, 1.55
0.031574074, 1.55
0.031585648, 1.55
0.031597222, 1.55
0.031608796, 1.55
0.03162037, 1.54
0.031631944, 1.54
0.031643519, 1.54
0.031655093, 1.54
0.031666667, 1.53
0.031678241, 1.53
0.031689815, 1.53
0.031701389, 1.53
0.031712963, 1.53
0.031724537, 1.53
0.031736111, 1.53
0.031747685, 1.53
0.031759259, 1.52
0.031770833, 1.52
0.031782407, 1.52
0.031793981, 1.52
0.031805556, 1.51
0.03181713, 1.51
0.031828704, 1.51
0.031840278, 1.51
0.031851852, 1.51
0.031863426, 1.5
0.031875, 1.5
0.031886574, 1.5
0.031898148, 1.5
0.031909722, 1.5
0.031921296, 1.49
0.03193287, 1.49
0.031944444, 1.49
0.031956019, 1.49
0.031967593, 1.48
0.031979167, 1.48
0.031990741, 1.48
0.032002315, 1.48
0.032013889, 1.48
0.032025463, 1.48
0.032037037, 1.48
0.032048611, 1.47
0.032060185, 1.47
0.032071759, 1.47
0.032083333, 1.47
0.032094907, 1.46
0.032106481, 1.46
0.032118056, 1.46
0.03212963, 1.46
0.032141204, 1.46
0.032152778, 1.45
0.032164352, 1.45
0.032175926, 1.45
0.0321875, 1.45
0.032199074, 1.45
0.032210648, 1.44
0.032222222, 1.44
0.032233796, 1.44
0.03224537, 1.44
0.032256944, 1.43
0.032268519, 1.43
0.032280093, 1.43
0.032291667, 1.43
0.032303241, 1.43
0.032314815, 1.42
0.032326389, 1.42
0.032337963, 1.42
0.032349537, 1.42
0.032361111, 1.42
0.032372685, 1.42
0.032384259, 1.42
0.032395833, 1.41
0.032407407, 1.41
0.032418981, 1.41
0.032430556, 1.41
0.03244213, 1.4
0.032453704, 1.4
0.032465278, 1.4
0.032476852, 1.4
0.032488426, 1.4
0.0325, 1.39
0.032511574, 1.39
0.032523148, 1.39
0.032534722, 1.39
0.032546296, 1.39
0.03255787, 1.38
0.032569444, 1.38
0.032581019, 1.38
0.032592593, 1.38
0.032604167, 1.37
0.032615741, 1.37
0.032627315, 1.37
0.032638889, 1.37
0.032650463, 1.37
0.032662037, 1.37
0.032673611, 1.37
0.032685185, 1.36
0.032696759, 1.36
0.032708333, 1.36
0.032719907, 1.36
0.032731481, 1.36
0.032743056, 1.35
0.03275463, 1.35
0.032766204, 1.35
0.032777778, 1.35
0.032789352, 1.35
0.032800926, 1.34
0.0328125, 1.34
0.032824074, 1.34
0.032835648, 1.34
0.032847222, 1.34
0.032858796, 1.34
0.03287037, 1.34
0.032881944, 1.33
0.032893519, 1.33
0.032905093, 1.33
0.032916667, 1.33
0.032928241, 1.32
0.032939815, 1.32
0.032951389, 1.32
0.032962963, 1.32
0.032974537, 1.32
0.032986111, 1.31
0.032997685, 1.31
0.033009259, 1.31
0.033020833, 1.31
0.033032407, 1.31
0.033043981, 1.3
0.033055556, 1.3
0.03306713, 1.3
0.033078704, 1.3
0.033090278, 1.3
0.033101852, 1.3
0.033113426, 1.3
0.033125, 1.29
0.033136574, 1.29
0.033148148, 1.29
0.033159722, 1.29
0.033171296, 1.28
0.03318287, 1.28
0.033194444, 1.28
0.033206019, 1.28
0.033217593, 1.28
0.033229167, 1.27
0.033240741, 1.27
0.033252315, 1.27
0.033263889, 1.27
0.033275463, 1.26
0.033287037, 1.26
0.033298611, 1.26
0.033310185, 1.26
0.033321759, 1.26
0.033333333, 1.25
0.033344907, 1.25
0.033356481, 1.25
0.033368056, 1.25
0.03337963, 1.25
0.033391204, 1.25
0.033402778, 1.24
0.033414352, 1.24
0.033425926, 1.24
0.0334375, 1.24
0.033449074, 1.24
0.033460648, 1.24
0.033472222, 1.23
0.033483796, 1.23
0.03349537, 1.23
0.033506944, 1.23
0.033518519, 1.22
0.033530093, 1.22
0.033541667, 1.22
0.033553241, 1.22
0.033564815, 1.22
0.033576389, 1.21
0.033587963, 1.21
0.033599537, 1.21
0.033611111, 1.21
0.033622685, 1.21
0.033634259, 1.21
0.033645833, 1.21
0.033657407, 1.2
0.033668981, 1.2
0.033680556, 1.2
0.03369213, 1.2
0.033703704, 1.19
0.033715278, 1.19
0.033726852, 1.19
0.033738426, 1.19
0.03375, 1.19
0.033761574, 1.18
0.033773148, 1.18
0.033784722, 1.18
0.033796296, 1.18
0.03380787, 1.18
0.033819444, 1.17
0.033831019, 1.17
0.033842593, 1.17
0.033854167, 1.17
0.033865741, 1.17
0.033877315, 1.17
0.033888889, 1.16
0.033900463, 1.16
0.033912037, 1.16
0.033923611, 1.16
0.033935185, 1.16
0.033946759, 1.15
0.033958333, 1.15
0.033969907, 1.15
0.033981481, 1.15
0.033993056, 1.15
0.03400463, 1.14
0.034016204, 1.14
0.034027778, 1.14
0.034039352, 1.14
0.034050926, 1.14
0.0340625, 1.14
0.034074074, 1.14
0.034085648, 1.13
0.034097222, 1.13
0.034108796, 1.13
0.03412037, 1.13
0.034131944, 1.13
0.034143519, 1.12
0.034155093, 1.12
0.034166667, 1.12
0.034178241, 1.12
0.034189815, 1.11
0.034201389, 1.11
0.034212963, 1.11
0.034224537, 1.11
0.034236111, 1.11
0.034247685, 1.1
0.034259259, 1.1
0.034270833, 1.1
0.034282407, 1.1
0.034293981, 1.1
0.034305556, 1.1
0.03431713, 1.1
0.034328704, 1.09
0.034340278, 1.09
0.034351852, 1.09
0.034363426, 1.09
0.034375, 1.08
0.034386574, 1.08
0.034398148, 1.08
0.034409722, 1.08
0.034421296, 1.08
0.03443287, 1.07
0.034444444, 1.07
0.034456019, 1.07
0.034467593, 1.07
0.034479167, 1.07
0.034490741, 1.06
0.034502315, 1.06
0.034513889, 1.06
0.034525463, 1.06
0.034537037, 1.06
0.034548611, 1.06
0.034560185, 1.06
0.034571759, 1.05
0.034583333, 1.05
0.034594907, 1.05
0.034606481, 1.05
0.034618056, 1.05
0.03462963, 1.04
0.034641204, 1.04
0.034652778, 1.04
0.034664352, 1.04
0.034675926, 1.03
0.0346875, 1.03
0.034699074, 1.03
0.034710648, 1.03
0.034722222, 1.03
0.034733796, 1.03
0.03474537, 1.03
0.034756944, 1.02
0.034768519, 1.02
0.034780093, 1.02
0.034791667, 1.02
0.034803241, 1.02
0.034814815, 1.01
0.034826389, 1.01
0.034837963, 1.01
0.034849537, 1.01
0.034861111, 1
0.034872685, 1
0.034884259, 0.99
0.034895833, 0.99
0.034907407, 0.99
0.034918981, 0.99
0.034930556, 0.99
0.03494213, 0.99
0.034953704, 0.99
0.034965278, 0.99
0.034976852, 0.98
0.034988426, 0.98
0.035, 0.98
0.035011574, 0.98
0.035023148, 0.97
0.035034722, 0.97
0.035046296, 0.97
0.03505787, 0.97
0.035069444, 0.97
0.035081019, 0.96
0.035092593, 0.96
0.035104167, 0.96
0.035115741, 0.96
0.035127315, 0.96
0.035138889, 0.96
0.035150463, 0.95
0.035162037, 0.95
0.035173611, 0.95
0.035185185, 0.95
0.035196759, 0.95
0.035208333, 0.94
0.035219907, 0.94
0.035231481, 0.94
0.035243056, 0.94
0.03525463, 0.94
0.035266204, 0.93
0.035277778, 0.93
0.035289352, 0.93
0.035300926, 0.93
0.0353125, 0.93
0.035324074, 0.93
0.035335648, 0.93
0.035347222, 0.92
0.035358796, 0.92
0.03537037, 0.92
0.035381944, 0.92
0.035393519, 0.91
0.035405093, 0.91
0.035416667, 0.91
0.035428241, 0.91
0.035439815, 0.91
0.035451389, 0.9
0.035462963, 0.9
0.035474537, 0.9
0.035486111, 0.9
0.035497685, 0.9
0.035509259, 0.9
0.035520833, 0.9
0.035532407, 0.89
0.035543981, 0.89
0.035555556, 0.89
0.03556713, 0.89
0.035578704, 0.89
0.035590278, 0.88
0.035601852, 0.88
0.035613426, 0.88
0.035625, 0.88
0.035636574, 0.87
0.035648148, 0.87
0.035659722, 0.87
0.035671296, 0.87
0.03568287, 0.87
0.035694444, 0.87
0.035706019, 0.87
0.035717593, 0.86
0.035729167, 0.86
0.035740741, 0.86
0.035752315, 0.86
0.035763889, 0.86
0.035775463, 0.85
0.035787037, 0.85
0.035798611, 0.85
0.035810185, 0.85
0.035821759, 0.85
0.035833333, 0.84
0.035844907, 0.84
0.035856481, 0.84
0.035868056, 0.84
0.03587963, 0.84
0.035891204, 0.84
0.035902778, 0.84
0.035914352, 0.83
0.035925926, 0.83
0.0359375, 0.83
0.035949074, 0.83
0.035960648, 0.82
0.035972222, 0.82
0.035983796, 0.82
0.03599537, 0.82
0.036006944, 0.82
0.036018519, 0.82
0.036030093, 0.82
0.036041667, 0.81
0.036053241, 0.81
0.036064815, 0.81
0.036076389, 0.81
0.036087963, 0.81
0.036099537, 0.8
0.036111111, 0.8
0.036122685, 0.8
0.036134259, 0.8
0.036145833, 0.79
0.036157407, 0.79
0.036168981, 0.79
0.036180556, 0.79
0.03619213, 0.79
0.036203704, 0.79
0.036215278, 0.79
0.036226852, 0.78
0.036238426, 0.78
0.03625, 0.78
0.036261574, 0.78
0.036273148, 0.78
0.036284722, 0.77
0.036296296, 0.77
0.03630787, 0.77
0.036319444, 0.77
0.036331019, 0.76
0.036342593, 0.76
0.036354167, 0.76
0.036365741, 0.76
0.036377315, 0.76
0.036388889, 0.76
0.036400463, 0.76
0.036412037, 0.76
0.036423611, 0.75
0.036435185, 0.75
0.036446759, 0.75
0.036458333, 0.75
0.036469907, 0.74
0.036481481, 0.74
0.036493056, 0.74
0.03650463, 0.74
0.036516204, 0.74
0.036527778, 0.74
0.036539352, 0.74
0.036550926, 0.73
0.0365625, 0.73
0.036574074, 0.73
0.036585648, 0.73
0.036597222, 0.72
0.036608796, 0.72
0.03662037, 0.72
0.036631944, 0.72
0.036643519, 0.72
0.036655093, 0.71
0.036666667, 0.71
0.036678241, 0.71
0.036689815, 0.71
0.036701389, 0.71
0.036712963, 0.71
0.036724537, 0.71
0.036736111, 0.7
0.036747685, 0.7
0.036759259, 0.7
0.036770833, 0.7
0.036782407, 0.7
0.036793981, 0.69
0.036805556, 0.69
0.03681713, 0.69
0.036828704, 0.69
0.036840278, 0.68
0.036851852, 0.68
0.036863426, 0.68
0.036875, 0.68
0.036886574, 0.68
0.036898148, 0.68
0.036909722, 0.68
0.036921296, 0.67
0.03693287, 0.67
0.036944444, 0.67
0.036956019, 0.67
0.036967593, 0.67
0.036979167, 0.66
0.036990741, 0.66
0.037002315, 0.66
0.037013889, 0.66
0.037025463, 0.66
0.037037037, 0.66
0.037048611, 0.66
0.037060185, 0.65
0.037071759, 0.65
0.037083333, 0.65
0.037094907, 0.65
0.037106481, 0.64
0.037118056, 0.64
0.03712963, 0.64
0.037141204, 0.64
0.037152778, 0.64
0.037164352, 0.64
0.037175926, 0.64
0.0371875, 0.64
0.037199074, 0.63
0.037210648, 0.63
0.037222222, 0.63
0.037233796, 0.63
0.03724537, 0.62
0.037256944, 0.62
0.037268519, 0.62
0.037280093, 0.62
0.037291667, 0.62
0.037303241, 0.62
0.037314815, 0.62
0.037326389, 0.61
0.037337963, 0.61
0.037349537, 0.61
0.037361111, 0.61
0.037372685, 0.61
0.037384259, 0.6
0.037395833, 0.6
0.037407407, 0.6
0.037418981, 0.6
0.037430556, 0.6
0.03744213, 0.6
0.037453704, 0.6
0.037465278, 0.59
0.037476852, 0.59
0.037488426, 0.59
0.0375, 0.59
0.037511574, 0.59
0.037523148, 0.58
0.037534722, 0.58
0.037546296, 0.58
0.03755787, 0.58
0.037569444, 0.57
0.037581019, 0.57
0.037592593, 0.57
0.037604167, 0.57
0.037615741, 0.57
0.037627315, 0.57
0.037638889, 0.57
0.037650463, 0.56
0.037662037, 0.56
0.037673611, 0.56
0.037685185, 0.56
0.037696759, 0.56
0.037708333, 0.56
0.037719907, 0.56
0.037731481, 0.55
0.037743056, 0.55
0.03775463, 0.55
0.037766204, 0.55
0.037777778, 0.55
0.037789352, 0.54
0.037800926, 0.54
0.0378125, 0.54
0.037824074, 0.54
0.037835648, 0.54
0.037847222, 0.54
0.037858796, 0.54
0.03787037, 0.53
0.037881944, 0.53
0.037893519, 0.53
0.037905093, 0.53
0.037916667, 0.52
0.037928241, 0.52
0.037939815, 0.52
0.037951389, 0.52
0.037962963, 0.52
0.037974537, 0.52
0.037986111, 0.52
0.037997685, 0.51
0.038009259, 0.51
0.038020833, 0.51
0.038032407, 0.51
0.038043981, 0.51
0.038055556, 0.5
0.03806713, 0.5
0.038078704, 0.5
0.038090278, 0.5
0.038101852, 0.5
0.038113426, 0.49
0.038125, 0.49
0.038136574, 0.49
0.038148148, 0.49
0.038159722, 0.48
0.038171296, 0.48
0.03818287, 0.48
0.038194444, 0.48
0.038206019, 0.48
0.038217593, 0.48
0.038229167, 0.48
0.038240741, 0.47
0.038252315, 0.47
0.038263889, 0.47
0.038275463, 0.47
0.038287037, 0.47
0.038298611, 0.46
0.038310185, 0.46
0.038321759, 0.46
0.038333333, 0.46
0.038344907, 0.46
0.038356481, 0.46
0.038368056, 0.46
0.03837963, 0.45
0.038391204, 0.45
0.038402778, 0.45
0.038414352, 0.45
0.038425926, 0.45
0.0384375, 0.45
0.038449074, 0.45
0.038460648, 0.44
0.038472222, 0.44
0.038483796, 0.44
0.03849537, 0.44
0.038506944, 0.44
0.038518519, 0.43
0.038530093, 0.43
0.038541667, 0.43
0.038553241, 0.43
0.038564815, 0.43
0.038576389, 0.43
0.038587963, 0.42
0.038599537, 0.42
0.038611111, 0.42
0.038622685, 0.42
0.038634259, 0.42
0.038645833, 0.41
0.038657407, 0.41
0.038668981, 0.41
0.038680556, 0.41
0.03869213, 0.41
0.038703704, 0.41
0.038715278, 0.4
0.038726852, 0.4
0.038738426, 0.4
0.03875, 0.4
0.038761574, 0.4
0.038773148, 0.4
0.038784722, 0.4
0.038796296, 0.4
0.03880787, 0.39
0.038819444, 0.39
0.038831019, 0.39
0.038842593, 0.39
0.038854167, 0.38
0.038865741, 0.38
0.038877315, 0.38
0.038888889, 0.38
0.038900463, 0.38
0.038912037, 0.38
0.038923611, 0.38
0.038935185, 0.37
0.038946759, 0.37
0.038958333, 0.37
0.038969907, 0.37
0.038981481, 0.37
0.038993056, 0.37
0.03900463, 0.37
0.039016204, 0.36
0.039027778, 0.36
0.039039352, 0.36
0.039050926, 0.36
0.0390625, 0.36
0.039074074, 0.36
0.039085648, 0.36
0.039097222, 0.35
0.039108796, 0.35
0.03912037, 0.35
0.039131944, 0.35
0.039143519, 0.35
0.039155093, 0.34
0.039166667, 0.34
0.039178241, 0.34
0.039189815, 0.34
0.039201389, 0.34
0.039212963, 0.34
0.039224537, 0.34
0.039236111, 0.33
0.039247685, 0.33
0.039259259, 0.33
0.039270833, 0.33
0.039282407, 0.33
0.039293981, 0.33
0.039305556, 0.33
0.03931713, 0.32
0.039328704, 0.32
0.039340278, 0.32
0.039351852, 0.32
0.039363426, 0.32
0.039375, 0.32
0.039386574, 0.31
0.039398148, 0.31
0.039409722, 0.31
0.039421296, 0.31
0.03943287, 0.31
0.039444444, 0.3
0.039456019, 0.3
0.039467593, 0.3
0.039479167, 0.3
0.039490741, 0.3
0.039502315, 0.3
0.039513889, 0.3
0.039525463, 0.29
0.039537037, 0.29
0.039548611, 0.29
0.039560185, 0.29
0.039571759, 0.29
0.039583333, 0.29
0.039594907, 0.29
0.039606481, 0.28
0.039618056, 0.28
0.03962963, 0.28
0.039641204, 0.28
0.039652778, 0.28
0.039664352, 0.28
0.039675926, 0.28
0.0396875, 0.27
0.039699074, 0.27
0.039710648, 0.27
0.039722222, 0.27
0.039733796, 0.27
0.03974537, 0.27
0.039756944, 0.27
0.039768519, 0.26
0.039780093, 0.26
0.039791667, 0.26
0.039803241, 0.26
0.039814815, 0.26
0.039826389, 0.25
0.039837963, 0.25
0.039849537, 0.25
0.039861111, 0.25
0.039872685, 0.25
0.039884259, 0.25
0.039895833, 0.25
0.039907407, 0.24
0.039918981, 0.24
0.039930556, 0.24
0.03994213, 0.24
0.039953704, 0.24
0.039965278, 0.24
0.039976852, 0.23
0.039988426, 0.23
0.04, 0.23
0.040011574, 0.23
0.040023148, 0.23
0.040034722, 0.23
0.040046296, 0.23
0.04005787, 0.23
0.040069444, 0.22
0.040081019, 0.22
0.040092593, 0.22
0.040104167, 0.22
0.040115741, 0.22
0.040127315, 0.22
0.040138889, 0.21
0.040150463, 0.21
0.040162037, 0.21
0.040173611, 0.21
0.040185185, 0.21
0.040196759, 0.21
0.040208333, 0.21
0.040219907, 0.21
0.040231481, 0.2
0.040243056, 0.2
0.04025463, 0.2
0.040266204, 0.2
0.040277778, 0.2
0.040289352, 0.2
0.040300926, 0.19
0.0403125, 0.19
0.040324074, 0.19
0.040335648, 0.19
0.040347222, 0.19
0.040358796, 0.19
0.04037037, 0.19
0.040381944, 0.19
0.040393519, 0.19
0.040405093, 0.19
0.040416667, 0.18
0.040428241, 0.18
0.040439815, 0.18
0.040451389, 0.18
0.040462963, 0.18
0.040474537, 0.18
0.040486111, 0.18
0.040497685, 0.17
0.040509259, 0.17
0.040520833, 0.17
0.040532407, 0.17
0.040543981, 0.17
0.040555556, 0.17
0.04056713, 0.17
0.040578704, 0.16
0.040590278, 0.16
0.040601852, 0.16
0.040613426, 0.16
0.040625, 0.16
0.040636574, 0.16
0.040648148, 0.16
0.040659722, 0.16
0.040671296, 0.16
0.04068287, 0.15
0.040694444, 0.15
0.040706019, 0.15
0.040717593, 0.15
0.040729167, 0.15
0.040740741, 0.15
0.040752315, 0.15
0.040763889, 0.14
0.040775463, 0.14
0.040787037, 0.14
0.040798611, 0.14
0.040810185, 0.14
0.040821759, 0.14
0.040833333, 0.14
0.040844907, 0.13
0.040856481, 0.13
0.040868056, 0.13
0.04087963, 0.13
0.040891204, 0.13
0.040902778, 0.13
0.040914352, 0.13
0.040925926, 0.13
0.0409375, 0.13
0.040949074, 0.12
0.040960648, 0.12
0.040972222, 0.12
0.040983796, 0.12
0.04099537, 0.12
0.041006944, 0.12
0.041018519, 0.12
0.041030093, 0.12
0.041041667, 0.12
0.041053241, 0.11
0.041064815, 0.11
0.041076389, 0.11
0.041087963, 0.11
0.041099537, 0.11
0.041111111, 0.11
0.041122685, 0.11
0.041134259, 0.11
0.041145833, 0.11
0.041157407, 0.1
0.041168981, 0.1
0.041180556, 0.1
0.04119213, 0.1
0.041203704, 0.1
0.041215278, 0.1
0.041226852, 0.1
0.041238426, 0.1
0.04125, 0.1
0.041261574, 0.1
0.041273148, 0.09
0.041284722, 0.09
0.041296296, 0.09
0.04130787, 0.09
0.041319444, 0.09
0.041331019, 0.09
0.041342593, 0.09
0.041354167, 0.09
0.041365741, 0.09
0.041377315, 0.08
0.041388889, 0.08
0.041400463, 0.08
0.041412037, 0.08
0.041423611, 0.08
0.041435185, 0.08
0.041446759, 0.08
0.041458333, 0.08
0.041469907, 0.08
0.041481481, 0.08
0.041493056, 0.08
0.04150463, 0.08
0.041516204, 0.08
0.041527778, 0.08
0.041539352, 0.07
0.041550926, 0.07
0.0415625, 0.07
0.041574074, 0.07
0.041585648, 0.07
0.041597222, 0.06
0.041608796, 0.06
0.04162037, 0.06
0.041631944, 0.06
0.041643519, 0.06
0.041655093, 0.06
0.041666667, 0.06
0.041678241, 0.06
0.041689815, 0.06
0.041701389, 0.06
0.041712963, 0.06
0.041724537, 0.06
0.041736111, 0.06
0.041747685, 0.05
0.041759259, 0.05
0.041770833, 0.05
0.041782407, 0.05
0.041793981, 0.05
0.041805556, 0.05
0.04181713, 0.05
0.041828704, 0.05
0.041840278, 0.05
0.041851852, 0.05
0.041863426, 0.05
0.041875, 0.05
0.041886574, 0.04
0.041898148, 0.04
0.041909722, 0.04
0.041921296, 0.04
0.04193287, 0.04
0.041944444, 0.04
0.041956019, 0.04
0.041967593, 0.04
0.041979167, 0.04
0.041990741, 0.04
0.042002315, 0.04
0.042013889, 0.04
0.042025463, 0.04
0.042037037, 0.04
0.042048611, 0.04
0.042060185, 0.04
0.042071759, 0.03
0.042083333, 0.03
0.042094907, 0.03
0.042106481, 0.03
0.042118056, 0.03
0.04212963, 0.03
0.042141204, 0.03
0.042152778, 0.03
0.042164352, 0.03
0.042175926, 0.03
0.0421875, 0.03
0.042199074, 0.03
0.042210648, 0.03
0.042222222, 0.03
0.042233796, 0.03
0.04224537, 0.03
0.042256944, 0.03
0.042268519, 0.03
0.042280093, 0.03
0.042291667, 0.02
0.042303241, 0.03
0.042314815, 0.02
0.042326389, 0.02
0.042337963, 0.02
0.042349537, 0.02
0.042361111, 0.02
0.042372685, 0.02
0.042384259, 0.02
0.042395833, 0.02
0.042407407, 0.02
0.042418981, 0.02
0.042430556, 0.02
0.04244213, 0.02
0.042453704, 0.02
0.042465278, 0.02
0.042476852, 0.02
0.042488426, 0.02
0.0425, 0.02
0.042511574, 0.02
0.042523148, 0.02
0.042534722, 0.02
0.042546296, 0.02
0.04255787, 0.02
0.042569444, 0.02
0.042581019, 0.01
0.042592593, 0.01
0.042604167, 0.01
0.042615741, 0.01
0.042627315, 0.01
0.042638889, 0.01
0.042650463, 0.01
0.042662037, 0.01
0.042673611, 0.01
0.042685185, 0.01
0.042696759, 0.01
0.042708333, 0.01
0.042719907, 0.01
0.042731481, 0.01
0.042743056, 0.01
0.04275463, 0.01
0.042766204, 0.01
0.042777778, 0.01
0.042789352, 0.01
0.042800926, 0.01
0.0428125, 0.01
0.042824074, 0.01
0.042835648, 0.01
0.042847222, 0.01
0.042858796, 0.01
0.04287037, 0.01
0.042881944, 0.01
0.042893519, 0.01
0.042905093, 0.01
0.042916667, 0.01
0.042928241, 0.01
0.042939815, 0.01
0.042951389, 0.01
0.042962963, 0.01
0.042974537, 0.01
0.042986111, 0.01
0.042997685, 0.01
0.043009259, 0.01
0.043020833, 0
0.043032407, 0
0.043043981, 0
0.043055556, 0
0.04306713, 0
0.043078704, 0
0.043090278, 0
0.043101852, 0
