//time, do
0.000219907, 7.78
0.000335648, 7.76
0.000451389, 7.73
0.00056713, 7.72
0.00068287, 7.7
0.000798611, 7.68
0.000914352, 7.66
0.001030093, 7.64
0.001145833, 7.62
0.001261574, 7.6
0.001377315, 7.58
0.001493056, 7.56
0.001608796, 7.55
0.001724537, 7.53
0.001840278, 7.52
0.001956019, 7.5
0.002071759, 7.48
0.0021875, 7.47
0.002303241, 7.45
0.002418981, 7.45
0.002534722, 7.43
0.002650463, 7.41
0.002766204, 7.4
0.002881944, 7.39
0.002997685, 7.37
0.003113426, 7.36
0.003229167, 7.35
0.003344907, 7.34
0.003460648, 7.32
0.003576389, 7.31
0.00369213, 7.3
0.00380787, 7.28
0.003923611, 7.27
0.004039352, 7.26
0.004155093, 7.25
0.004270833, 7.24
0.004386574, 7.23
0.004502315, 7.22
0.004618056, 7.2
0.004641204, 7.2
0.004652778, 7.2
0.004664352, 7.2
0.004675926, 7.2
0.0046875, 7.2
0.004699074, 7.2
0.004710648, 7.2
0.004722222, 7.2
0.004733796, 7.2
0.00474537, 7.2
0.004756944, 7.19
0.004768519, 7.19
0.004780093, 7.19
0.004791667, 7.19
0.004803241, 7.19
0.004814815, 7.19
0.004826389, 7.19
0.004837963, 7.19
0.004849537, 7.19
0.004861111, 7.19
0.004872685, 7.18
0.004884259, 7.18
0.004895833, 7.18
0.004907407, 7.18
0.004918981, 7.18
0.004930556, 7.18
0.00494213, 7.18
0.004953704, 7.17
0.004965278, 7.17
0.004976852, 7.17
0.004988426, 7.17
0.005, 7.17
0.005011574, 7.17
0.005023148, 7.17
0.005034722, 7.17
0.005046296, 7.16
0.00505787, 7.16
0.005069444, 7.16
0.005081019, 7.16
0.005092593, 7.16
0.005104167, 7.16
0.005115741, 7.16
0.005127315, 7.16
0.005138889, 7.16
0.005150463, 7.16
0.005162037, 7.16
0.005173611, 7.16
0.005185185, 7.16
0.005196759, 7.16
0.005208333, 7.15
0.005219907, 7.15
0.005231481, 7.15
0.005243056, 7.15
0.00525463, 7.15
0.005266204, 7.15
0.005277778, 7.15
0.005289352, 7.15
0.005300926, 7.15
0.0053125, 7.14
0.005324074, 7.14
0.005428241, 7.13
0.005543981, 7.13
0.005659722, 7.12
0.005775463, 7.11
0.005891204, 7.1
0.006006944, 7.09
0.006122685, 7.08
0.006238426, 7.07
0.006354167, 7.06
0.006469907, 7.06
0.006585648, 7.05
0.006701389, 7.04
0.00681713, 7.03
0.00693287, 7.02
0.007048611, 7.01
0.007164352, 7.01
0.007280093, 7
0.007395833, 6.99
0.007511574, 6.98
0.007627315, 6.98
0.007743056, 6.97
0.007858796, 6.96
0.007974537, 6.95
0.008090278, 6.95
0.008206019, 6.94
0.008321759, 6.93
0.0084375, 6.92
0.008553241, 6.91
0.008668981, 6.9
0.008784722, 6.9
0.008900463, 6.89
0.009016204, 6.88
0.009131944, 6.87
0.009247685, 6.87
0.009363426, 6.86
0.009479167, 6.85
0.009594907, 6.85
0.009710648, 6.84
0.009826389, 6.84
0.00994213, 6.83
0.01005787, 6.82
0.010173611, 6.81
0.010289352, 6.8
0.010405093, 6.8
0.010520833, 6.79
0.010636574, 6.78
0.010752315, 6.77
0.010868056, 6.77
0.010983796, 6.77
0.011099537, 6.76
0.011215278, 6.76
0.011331019, 6.75
0.011446759, 6.74
0.0115625, 6.73
0.011585648, 6.73
0.011597222, 6.73
0.011608796, 6.73
0.01162037, 6.73
0.011631944, 6.73
0.011643519, 6.73
0.011655093, 6.73
0.011666667, 6.73
0.011678241, 6.73
0.011689815, 6.72
0.011701389, 6.72
0.011712963, 6.72
0.011724537, 6.72
0.011736111, 6.72
0.011747685, 6.72
0.011759259, 6.72
0.011770833, 6.72
0.011782407, 6.72
0.011793981, 6.72
0.011805556, 6.72
0.01181713, 6.72
0.011828704, 6.71
0.011840278, 6.71
0.011851852, 6.71
0.011863426, 6.71
0.011875, 6.71
0.011886574, 6.71
0.011898148, 6.71
0.011909722, 6.71
0.011921296, 6.71
0.01193287, 6.71
0.011944444, 6.71
0.011956019, 6.71
0.011967593, 6.71
0.011979167, 6.71
0.011990741, 6.71
0.012002315, 6.7
0.012013889, 6.7
0.012025463, 6.7
0.012037037, 6.7
0.012048611, 6.7
0.012060185, 6.7
0.012071759, 6.7
0.012083333, 6.7
0.012094907, 6.7
0.012106481, 6.7
0.012118056, 6.7
0.01212963, 6.7
0.012141204, 6.7
0.012152778, 6.7
0.012164352, 6.69
0.012175926, 6.69
0.0121875, 6.69
0.012199074, 6.69
0.012210648, 6.69
0.012222222, 6.69
0.012233796, 6.69
0.01224537, 6.69
0.012256944, 6.69
0.012268519, 6.69
0.012372685, 6.68
0.012488426, 6.67
0.012604167, 6.67
0.012719907, 6.66
0.012835648, 6.65
0.012951389, 6.64
0.01306713, 6.64
0.01318287, 6.63
0.013298611, 6.62
0.013414352, 6.62
0.013530093, 6.61
0.013645833, 6.6
0.013761574, 6.6
0.013877315, 6.59
0.013993056, 6.58
0.014108796, 6.58
0.014224537, 6.57
0.014340278, 6.56
0.014456019, 6.55
0.014571759, 6.55
0.0146875, 6.54
0.014803241, 6.53
0.014918981, 6.53
0.015034722, 6.52
0.015150463, 6.52
0.015266204, 6.51
0.015381944, 6.51
0.015497685, 6.5
0.015613426, 6.49
0.015729167, 6.48
0.015844907, 6.48
0.015960648, 6.47
0.016076389, 6.46
0.01619213, 6.46
0.01630787, 6.45
0.016423611, 6.44
0.016539352, 6.44
0.016655093, 6.43
0.016770833, 6.42
0.016886574, 6.42
0.017002315, 6.41
0.017118056, 6.4
0.017233796, 6.4
0.017349537, 6.39
0.017465278, 6.39
0.017581019, 6.38
0.017696759, 6.37
0.0178125, 6.37
0.017928241, 6.36
0.018043981, 6.35
0.018159722, 6.35
0.018275463, 6.34
0.018391204, 6.33
0.018506944, 6.33
0.018530093, 6.33
0.018541667, 6.33
0.018553241, 6.32
0.018564815, 6.33
0.018576389, 6.33
0.018587963, 6.33
0.018599537, 6.32
0.018611111, 6.32
0.018622685, 6.32
0.018634259, 6.32
0.018645833, 6.32
0.018657407, 6.32
0.018668981, 6.32
0.018680556, 6.32
0.01869213, 6.32
0.018703704, 6.32
0.018715278, 6.32
0.018726852, 6.32
0.018738426, 6.32
0.01875, 6.32
0.018761574, 6.31
0.018773148, 6.31
0.018784722, 6.31
0.018796296, 6.31
0.01880787, 6.31
0.018819444, 6.31
0.018831019, 6.31
0.018842593, 6.31
0.018854167, 6.31
0.018865741, 6.31
0.018877315, 6.31
0.018888889, 6.31
0.018900463, 6.31
0.018912037, 6.3
0.018923611, 6.3
0.018935185, 6.3
0.018946759, 6.3
0.018958333, 6.3
0.018969907, 6.3
0.018981481, 6.3
0.018993056, 6.3
0.01900463, 6.3
0.019016204, 6.3
0.019027778, 6.3
0.019039352, 6.3
0.019050926, 6.3
0.0190625, 6.3
0.019074074, 6.29
0.019085648, 6.29
0.019097222, 6.29
0.019108796, 6.29
0.01912037, 6.29
0.019131944, 6.29
0.019143519, 6.29
0.019155093, 6.29
0.019166667, 6.29
0.019178241, 6.29
0.019189815, 6.29
0.019201389, 6.29
0.019212963, 6.28
0.01931713, 6.28
0.01943287, 6.28
0.019548611, 6.27
0.019664352, 6.26
0.019780093, 6.26
0.019895833, 6.25
0.020011574, 6.24
0.020127315, 6.24
0.020243056, 6.23
0.020358796, 6.22
0.020474537, 6.21
0.020590278, 6.21
0.020706019, 6.2
0.020821759, 6.19
0.0209375, 6.19
0.021053241, 6.18
0.021168981, 6.18
0.021284722, 6.17
0.021400463, 6.17
0.021516204, 6.16
0.021631944, 6.15
0.021747685, 6.15
0.021863426, 6.14
0.021979167, 6.14
0.022094907, 6.13
0.022210648, 6.12
0.022326389, 6.11
0.02244213, 6.11
0.02255787, 6.1
0.022673611, 6.09
0.022789352, 6.09
0.022905093, 6.08
0.023020833, 6.07
0.023136574, 6.07
0.023252315, 6.06
0.023368056, 6.06
0.023483796, 6.05
0.023599537, 6.05
0.023715278, 6.04
0.023831019, 6.03
0.023946759, 6.03
0.0240625, 6.02
0.024178241, 6.02
0.024293981, 6.01
0.024409722, 6
0.024525463, 6
0.024641204, 5.99
0.024756944, 5.98
0.024872685, 5.97
0.024988426, 5.97
0.025104167, 5.96
0.025219907, 5.95
0.025335648, 5.95
0.025451389, 5.94
0.025474537, 5.94
0.025486111, 5.94
0.025497685, 5.94
0.025509259, 5.94
0.025520833, 5.94
0.025532407, 5.94
0.025543981, 5.94
0.025555556, 5.94
0.02556713, 5.93
0.025578704, 5.93
0.025590278, 5.93
0.025601852, 5.93
0.025613426, 5.93
0.025625, 5.93
0.025636574, 5.93
0.025648148, 5.93
0.025659722, 5.93
0.025671296, 5.93
0.02568287, 5.93
0.025694444, 5.93
0.025706019, 5.93
0.025717593, 5.93
0.025729167, 5.93
0.025740741, 5.92
0.025752315, 5.92
0.025763889, 5.92
0.025775463, 5.92
0.025787037, 5.92
0.025798611, 5.92
0.025810185, 5.92
0.025821759, 5.92
0.025833333, 5.92
0.025844907, 5.92
0.025856481, 5.92
0.025868056, 5.92
0.02587963, 5.92
0.025891204, 5.92
0.025902778, 5.92
0.025914352, 5.92
0.025925926, 5.92
0.0259375, 5.92
0.025949074, 5.92
0.025960648, 5.91
0.025972222, 5.91
0.025983796, 5.91
0.02599537, 5.91
0.026006944, 5.91
0.026018519, 5.91
0.026030093, 5.91
0.026041667, 5.91
0.026053241, 5.91
0.026064815, 5.91
0.026076389, 5.91
0.026087963, 5.91
0.026099537, 5.91
0.026111111, 5.91
0.026122685, 5.9
0.026134259, 5.9
0.026145833, 5.9
0.026157407, 5.9
0.026261574, 5.9
0.026377315, 5.89
0.026493056, 5.89
0.026608796, 5.88
0.026724537, 5.87
0.026840278, 5.87
0.026956019, 5.86
0.027071759, 5.85
0.0271875, 5.84
0.027303241, 5.84
0.027418981, 5.83
0.027534722, 5.83
0.027650463, 5.82
0.027766204, 5.82
0.027881944, 5.81
0.027997685, 5.8
0.028113426, 5.8
0.028229167, 5.79
0.028344907, 5.78
0.028460648, 5.77
0.028576389, 5.77
0.02869213, 5.76
0.02880787, 5.76
0.028923611, 5.75
0.029039352, 5.75
0.029155093, 5.74
0.029270833, 5.73
0.029386574, 5.72
0.029502315, 5.72
0.029618056, 5.72
0.029733796, 5.71
0.029849537, 5.7
0.029965278, 5.69
0.030081019, 5.68
0.030196759, 5.68
0.0303125, 5.67
0.030428241, 5.67
0.030543981, 5.66
0.030659722, 5.66
0.030775463, 5.65
0.030891204, 5.64
0.031006944, 5.64
0.031122685, 5.63
0.031238426, 5.63
0.031354167, 5.62
0.031469907, 5.61
0.031585648, 5.61
0.031701389, 5.6
0.03181713, 5.59
0.03193287, 5.59
0.032048611, 5.58
0.032164352, 5.58
0.032280093, 5.57
0.032395833, 5.56
0.032418981, 5.56
0.032430556, 5.56
0.03244213, 5.56
0.032453704, 5.56
0.032465278, 5.56
0.032476852, 5.56
0.032488426, 5.56
0.0325, 5.56
0.032511574, 5.56
0.032523148, 5.56
0.032534722, 5.56
0.032546296, 5.56
0.03255787, 5.56
0.032569444, 5.56
0.032581019, 5.55
0.032592593, 5.55
0.032604167, 5.55
0.032615741, 5.55
0.032627315, 5.55
0.032638889, 5.55
0.032650463, 5.55
0.032662037, 5.55
0.032673611, 5.55
0.032685185, 5.55
0.032696759, 5.54
0.032708333, 5.54
0.032719907, 5.54
0.032731481, 5.54
0.032743056, 5.54
0.03275463, 5.54
0.032766204, 5.54
0.032777778, 5.54
0.032789352, 5.54
0.032800926, 5.54
0.0328125, 5.54
0.032824074, 5.54
0.032835648, 5.54
0.032847222, 5.54
0.032858796, 5.54
0.03287037, 5.54
0.032881944, 5.54
0.032893519, 5.54
0.032905093, 5.54
0.032916667, 5.53
0.032928241, 5.53
0.032939815, 5.53
0.032951389, 5.53
0.032962963, 5.53
0.032974537, 5.53
0.032986111, 5.53
0.032997685, 5.53
0.033009259, 5.53
0.033020833, 5.53
0.033032407, 5.52
0.033043981, 5.52
0.033055556, 5.52
0.03306713, 5.52
0.033078704, 5.52
0.033090278, 5.52
0.033101852, 5.52
0.033206019, 5.52
0.033321759, 5.51
0.0334375, 5.51
0.033553241, 5.5
0.033668981, 5.49
0.033784722, 5.49
0.033900463, 5.48
0.034016204, 5.48
0.034131944, 5.47
0.034247685, 5.46
0.034363426, 5.46
0.034479167, 5.45
0.034594907, 5.44
0.034710648, 5.44
0.034826389, 5.43
0.03494213, 5.43
0.03505787, 5.42
0.035173611, 5.42
0.035289352, 5.41
0.035405093, 5.4
0.035520833, 5.39
0.035636574, 5.39
0.035752315, 5.38
0.035868056, 5.38
0.035983796, 5.37
0.036099537, 5.36
0.036215278, 5.36
0.036331019, 5.35
0.036446759, 5.35
0.0365625, 5.34
0.036678241, 5.34
0.036793981, 5.33
0.036909722, 5.32
0.037025463, 5.31
0.037141204, 5.31
0.037256944, 5.3
0.037372685, 5.3
0.037488426, 5.29
0.037604167, 5.29
0.037719907, 5.28
0.037835648, 5.27
0.037951389, 5.26
0.03806713, 5.26
0.03818287, 5.26
0.038298611, 5.24
0.038414352, 5.24
0.038530093, 5.23
0.038645833, 5.23
0.038761574, 5.22
0.038877315, 5.22
0.038993056, 5.21
0.039108796, 5.2
0.039224537, 5.2
0.039340278, 5.19
0.039363426, 5.19
0.039375, 5.19
0.039386574, 5.19
0.039398148, 5.19
0.039409722, 5.19
0.039421296, 5.19
0.03943287, 5.19
0.039444444, 5.19
0.039456019, 5.19
0.039467593, 5.18
0.039479167, 5.18
0.039490741, 5.18
0.039502315, 5.18
0.039513889, 5.18
0.039525463, 5.18
0.039537037, 5.18
0.039548611, 5.18
0.039560185, 5.18
0.039571759, 5.18
0.039583333, 5.18
0.039594907, 5.18
0.039606481, 5.18
0.039618056, 5.18
0.03962963, 5.18
0.039641204, 5.18
0.039652778, 5.17
0.039664352, 5.17
0.039675926, 5.17
0.0396875, 5.17
0.039699074, 5.17
0.039710648, 5.17
0.039722222, 5.17
0.039733796, 5.17
0.03974537, 5.17
0.039756944, 5.17
0.039768519, 5.17
0.039780093, 5.17
0.039791667, 5.17
0.039803241, 5.17
0.039814815, 5.17
0.039826389, 5.17
0.039837963, 5.16
0.039849537, 5.16
0.039861111, 5.16
0.039872685, 5.16
0.039884259, 5.16
0.039895833, 5.16
0.039907407, 5.16
0.039918981, 5.16
0.039930556, 5.16
0.03994213, 5.16
0.039953704, 5.16
0.039965278, 5.16
0.039976852, 5.16
0.039988426, 5.16
0.04, 5.16
0.040011574, 5.16
0.040023148, 5.16
0.040034722, 5.16
0.040046296, 5.16
0.040150463, 5.15
0.040266204, 5.14
0.040381944, 5.14
0.040497685, 5.13
0.040613426, 5.13
0.040729167, 5.12
0.040844907, 5.11
0.040960648, 5.11
0.041076389, 5.1
0.04119213, 5.09
0.04130787, 5.09
0.041423611, 5.08
0.041539352, 5.07
0.041655093, 5.07
0.041770833, 5.06
0.041886574, 5.06
0.042002315, 5.05
0.042118056, 5.05
0.042233796, 5.04
0.042349537, 5.04
0.042465278, 5.03
0.042581019, 5.02
0.042696759, 5.02
0.0428125, 5.01
0.042928241, 5
0.043043981, 5
0.043159722, 4.99
0.043275463, 4.98
0.043391204, 4.98
0.043506944, 4.97
0.043622685, 4.97
0.043738426, 4.96
0.043854167, 4.96
0.043969907, 4.95
0.044085648, 4.94
0.044201389, 4.94
0.04431713, 4.93
0.04443287, 4.92
0.044548611, 4.92
0.044664352, 4.91
0.044780093, 4.9
0.044895833, 4.9
0.045011574, 4.89
0.045127315, 4.89
0.045243056, 4.88
0.045358796, 4.87
0.045474537, 4.87
0.045590278, 4.86
0.045706019, 4.86
0.045821759, 4.85
0.0459375, 4.84
0.046053241, 4.84
0.046168981, 4.83
0.046284722, 4.82
0.04630787, 4.82
0.046319444, 4.82
0.046331019, 4.82
0.046342593, 4.82
0.046354167, 4.82
0.046365741, 4.82
0.046377315, 4.82
0.046388889, 4.82
0.046400463, 4.82
0.046412037, 4.82
0.046423611, 4.82
0.046435185, 4.82
0.046446759, 4.82
0.046458333, 4.82
0.046469907, 4.81
0.046481481, 4.81
0.046493056, 4.81
0.04650463, 4.81
0.046516204, 4.81
0.046527778, 4.81
0.046539352, 4.81
0.046550926, 4.81
0.0465625, 4.81
0.046574074, 4.81
0.046585648, 4.81
0.046597222, 4.81
0.046608796, 4.81
0.04662037, 4.81
0.046631944, 4.81
0.046643519, 4.81
0.046655093, 4.81
0.046666667, 4.81
0.046678241, 4.8
0.046689815, 4.8
0.046701389, 4.8
0.046712963, 4.8
0.046724537, 4.8
0.046736111, 4.8
0.046747685, 4.8
0.046759259, 4.8
0.046770833, 4.8
0.046782407, 4.8
0.046793981, 4.8
0.046805556, 4.8
0.04681713, 4.8
0.046828704, 4.8
0.046840278, 4.8
0.046851852, 4.79
0.046863426, 4.79
0.046875, 4.79
0.046886574, 4.79
0.046898148, 4.79
0.046909722, 4.79
0.046921296, 4.79
0.04693287, 4.79
0.046944444, 4.79
0.046956019, 4.79
0.046967593, 4.79
0.046979167, 4.79
0.046990741, 4.79
0.047094907, 4.78
0.047210648, 4.78
0.047326389, 4.77
0.04744213, 4.77
0.04755787, 4.76
0.047673611, 4.75
0.047789352, 4.74
0.047905093, 4.74
0.048020833, 4.73
0.048136574, 4.73
0.048252315, 4.72
0.048368056, 4.71
0.048483796, 4.71
0.048599537, 4.7
0.048715278, 4.7
0.048831019, 4.69
0.048946759, 4.69
0.0490625, 4.68
0.049178241, 4.67
0.049293981, 4.66
0.049409722, 4.66
0.049525463, 4.65
0.049641204, 4.64
0.049756944, 4.64
0.049872685, 4.63
0.049988426, 4.63
0.050104167, 4.62
0.050219907, 4.62
0.050335648, 4.61
0.050451389, 4.61
0.05056713, 4.6
0.05068287, 4.59
0.050798611, 4.59
0.050914352, 4.58
0.051030093, 4.58
0.051145833, 4.57
0.051261574, 4.57
0.051377315, 4.56
0.051493056, 4.55
0.051608796, 4.55
0.051724537, 4.54
0.051840278, 4.54
0.051956019, 4.53
0.052071759, 4.52
0.0521875, 4.52
0.052303241, 4.51
0.052418981, 4.5
0.052534722, 4.5
0.052650463, 4.49
0.052766204, 4.48
0.052881944, 4.47
0.052997685, 4.47
0.053113426, 4.46
0.053229167, 4.46
0.053252315, 4.46
0.053263889, 4.46
0.053275463, 4.45
0.053287037, 4.45
0.053298611, 4.45
0.053310185, 4.45
0.053321759, 4.45
0.053333333, 4.45
0.053344907, 4.45
0.053356481, 4.45
0.053368056, 4.45
0.05337963, 4.45
0.053391204, 4.45
0.053402778, 4.45
0.053414352, 4.45
0.053425926, 4.45
0.0534375, 4.45
0.053449074, 4.45
0.053460648, 4.45
0.053472222, 4.44
0.053483796, 4.44
0.05349537, 4.44
0.053506944, 4.44
0.053518519, 4.44
0.053530093, 4.44
0.053541667, 4.44
0.053553241, 4.44
0.053564815, 4.44
0.053576389, 4.44
0.053587963, 4.44
0.053599537, 4.44
0.053611111, 4.44
0.053622685, 4.44
0.053634259, 4.44
0.053645833, 4.44
0.053657407, 4.44
0.053668981, 4.44
0.053680556, 4.43
0.05369213, 4.43
0.053703704, 4.43
0.053715278, 4.43
0.053726852, 4.43
0.053738426, 4.43
0.05375, 4.43
0.053761574, 4.43
0.053773148, 4.43
0.053784722, 4.43
0.053796296, 4.43
0.05380787, 4.43
0.053819444, 4.43
0.053831019, 4.43
0.053842593, 4.43
0.053854167, 4.43
0.053865741, 4.42
0.053877315, 4.42
0.053888889, 4.42
0.053900463, 4.42
0.053912037, 4.42
0.053923611, 4.42
0.053935185, 4.42
0.054039352, 4.42
0.054155093, 4.41
0.054270833, 4.4
0.054386574, 4.4
0.054502315, 4.39
0.054618056, 4.39
0.054733796, 4.38
0.054849537, 4.37
0.054965278, 4.37
0.055081019, 4.36
0.055196759, 4.36
0.0553125, 4.35
0.055428241, 4.35
0.055543981, 4.34
0.055659722, 4.33
0.055775463, 4.33
0.055891204, 4.32
0.056006944, 4.32
0.056122685, 4.31
0.056238426, 4.31
0.056354167, 4.3
0.056469907, 4.29
0.056585648, 4.29
0.056701389, 4.28
0.05681713, 4.27
0.05693287, 4.27
0.057048611, 4.26
0.057164352, 4.26
0.057280093, 4.25
0.057395833, 4.24
0.057511574, 4.24
0.057627315, 4.23
0.057743056, 4.23
0.057858796, 4.22
0.057974537, 4.21
0.058090278, 4.21
0.058206019, 4.2
0.058321759, 4.2
0.0584375, 4.19
0.058553241, 4.19
0.058668981, 4.18
0.058784722, 4.17
0.058900463, 4.17
0.059016204, 4.16
0.059131944, 4.16
0.059247685, 4.15
0.059363426, 4.14
0.059479167, 4.14
0.059594907, 4.13
0.059710648, 4.13
0.059826389, 4.12
0.05994213, 4.11
0.06005787, 4.11
0.060173611, 4.1
0.060196759, 4.1
0.060208333, 4.1
0.060219907, 4.1
0.060231481, 4.1
0.060243056, 4.1
0.06025463, 4.1
0.060266204, 4.1
0.060277778, 4.1
0.060289352, 4.1
0.060300926, 4.1
0.0603125, 4.1
0.060324074, 4.1
0.060335648, 4.1
0.060347222, 4.1
0.060358796, 4.09
0.06037037, 4.09
0.060381944, 4.09
0.060393519, 4.09
0.060405093, 4.09
0.060416667, 4.09
0.060428241, 4.09
0.060439815, 4.09
0.060451389, 4.09
0.060462963, 4.09
0.060474537, 4.09
0.060486111, 4.08
0.060497685, 4.08
0.060509259, 4.08
0.060520833, 4.08
0.060532407, 4.08
0.060543981, 4.08
0.060555556, 4.08
0.06056713, 4.08
0.060578704, 4.08
0.060590278, 4.08
0.060601852, 4.08
0.060613426, 4.08
0.060625, 4.08
0.060636574, 4.08
0.060648148, 4.08
0.060659722, 4.08
0.060671296, 4.08
0.06068287, 4.07
0.060694444, 4.07
0.060706019, 4.07
0.060717593, 4.07
0.060729167, 4.07
0.060740741, 4.07
0.060752315, 4.07
0.060763889, 4.07
0.060775463, 4.07
0.060787037, 4.07
0.060798611, 4.07
0.060810185, 4.07
0.060821759, 4.07
0.060833333, 4.07
0.060844907, 4.07
0.060856481, 4.07
0.060868056, 4.07
0.06087963, 4.07
0.060983796, 4.06
0.061099537, 4.05
0.061215278, 4.05
0.061331019, 4.04
0.061446759, 4.04
0.0615625, 4.03
0.061678241, 4.02
0.061793981, 4.02
0.061909722, 4.01
0.062025463, 4.01
0.062141204, 4
0.062256944, 3.99
0.062372685, 3.99
0.062488426, 3.98
0.062604167, 3.98
0.062719907, 3.97
0.062835648, 3.97
0.062951389, 3.96
0.06306713, 3.95
0.06318287, 3.95
0.063298611, 3.95
0.063414352, 3.94
0.063530093, 3.93
0.063645833, 3.93
0.063761574, 3.92
0.063877315, 3.91
0.063993056, 3.91
0.064108796, 3.9
0.064224537, 3.89
0.064340278, 3.89
0.064456019, 3.88
0.064571759, 3.88
0.0646875, 3.87
0.064803241, 3.86
0.064918981, 3.86
0.065034722, 3.85
0.065150463, 3.85
0.065266204, 3.84
0.065381944, 3.84
0.065497685, 3.83
0.065613426, 3.83
0.065729167, 3.82
0.065844907, 3.81
0.065960648, 3.81
0.066076389, 3.8
0.06619213, 3.8
0.06630787, 3.79
0.066423611, 3.78
0.066539352, 3.78
0.066655093, 3.77
0.066770833, 3.77
0.066886574, 3.76
0.067002315, 3.75
0.067118056, 3.75
0.067141204, 3.75
0.067152778, 3.75
0.067164352, 3.75
0.067175926, 3.75
0.0671875, 3.75
0.067199074, 3.74
0.067210648, 3.74
0.067222222, 3.74
0.067233796, 3.74
0.06724537, 3.74
0.067256944, 3.74
0.067268519, 3.74
0.067280093, 3.74
0.067291667, 3.74
0.067303241, 3.74
0.067314815, 3.74
0.067326389, 3.74
0.067337963, 3.74
0.067349537, 3.74
0.067361111, 3.74
0.067372685, 3.74
0.067384259, 3.74
0.067395833, 3.74
0.067407407, 3.73
0.067418981, 3.73
0.067430556, 3.73
0.06744213, 3.73
0.067453704, 3.73
0.067465278, 3.73
0.067476852, 3.73
0.067488426, 3.73
0.0675, 3.73
0.067511574, 3.73
0.067523148, 3.73
0.067534722, 3.73
0.067546296, 3.73
0.06755787, 3.73
0.067569444, 3.73
0.067581019, 3.73
0.067592593, 3.72
0.067604167, 3.72
0.067615741, 3.72
0.067627315, 3.72
0.067638889, 3.72
0.067650463, 3.72
0.067662037, 3.72
0.067673611, 3.72
0.067685185, 3.72
0.067696759, 3.72
0.067708333, 3.72
0.067719907, 3.72
0.067731481, 3.72
0.067743056, 3.72
0.06775463, 3.72
0.067766204, 3.72
0.067777778, 3.72
0.067789352, 3.72
0.067800926, 3.72
0.0678125, 3.71
0.067824074, 3.71
0.067928241, 3.71
0.068043981, 3.7
0.068159722, 3.7
0.068275463, 3.69
0.068391204, 3.69
0.068506944, 3.68
0.068622685, 3.67
0.068738426, 3.67
0.068854167, 3.66
0.068969907, 3.65
0.069085648, 3.65
0.069201389, 3.64
0.06931713, 3.64
0.06943287, 3.63
0.069548611, 3.63
0.069664352, 3.62
0.069780093, 3.61
0.069895833, 3.61
0.070011574, 3.6
0.070127315, 3.6
0.070243056, 3.59
0.070358796, 3.58
0.070474537, 3.58
0.070590278, 3.57
0.070706019, 3.57
0.070821759, 3.56
0.0709375, 3.56
0.071053241, 3.55
0.071168981, 3.55
0.071284722, 3.54
0.071400463, 3.53
0.071516204, 3.53
0.071631944, 3.52
0.071747685, 3.51
0.071863426, 3.51
0.071979167, 3.5
0.072094907, 3.5
0.072210648, 3.49
0.072326389, 3.49
0.07244213, 3.48
0.07255787, 3.47
0.072673611, 3.47
0.072789352, 3.46
0.072905093, 3.46
0.073020833, 3.45
0.073136574, 3.45
0.073252315, 3.44
0.073368056, 3.43
0.073483796, 3.43
0.073599537, 3.42
0.073715278, 3.42
0.073831019, 3.41
0.073946759, 3.4
0.0740625, 3.4
0.074085648, 3.4
0.074097222, 3.4
0.074108796, 3.4
0.07412037, 3.4
0.074131944, 3.4
0.074143519, 3.4
0.074155093, 3.4
0.074166667, 3.4
0.074178241, 3.4
0.074189815, 3.39
0.074201389, 3.39
0.074212963, 3.39
0.074224537, 3.39
0.074236111, 3.39
0.074247685, 3.39
0.074259259, 3.39
0.074270833, 3.39
0.074282407, 3.39
0.074293981, 3.39
0.074305556, 3.39
0.07431713, 3.39
0.074328704, 3.38
0.074340278, 3.38
0.074351852, 3.38
0.074363426, 3.38
0.074375, 3.38
0.074386574, 3.38
0.074398148, 3.38
0.074409722, 3.38
0.074421296, 3.38
0.07443287, 3.38
0.074444444, 3.38
0.074456019, 3.38
0.074467593, 3.38
0.074479167, 3.38
0.074490741, 3.38
0.074502315, 3.38
0.074513889, 3.38
0.074525463, 3.38
0.074537037, 3.38
0.074548611, 3.37
0.074560185, 3.37
0.074571759, 3.37
0.074583333, 3.37
0.074594907, 3.37
0.074606481, 3.37
0.074618056, 3.37
0.07462963, 3.37
0.074641204, 3.37
0.074652778, 3.37
0.074664352, 3.37
0.074675926, 3.37
0.0746875, 3.37
0.074699074, 3.37
0.074710648, 3.37
0.074722222, 3.37
0.074733796, 3.37
0.07474537, 3.37
0.074756944, 3.37
0.074768519, 3.37
0.074872685, 3.36
0.074988426, 3.35
0.075104167, 3.35
0.075219907, 3.34
0.075335648, 3.34
0.075451389, 3.33
0.07556713, 3.32
0.07568287, 3.32
0.075798611, 3.32
0.075914352, 3.31
0.076030093, 3.3
0.076145833, 3.3
0.076261574, 3.29
0.076377315, 3.29
0.076493056, 3.28
0.076608796, 3.28
0.076724537, 3.27
0.076840278, 3.27
0.076956019, 3.26
0.077071759, 3.25
0.0771875, 3.25
0.077303241, 3.24
0.077418981, 3.24
0.077534722, 3.23
0.077650463, 3.22
0.077766204, 3.22
0.077881944, 3.21
0.077997685, 3.21
0.078113426, 3.2
0.078229167, 3.2
0.078344907, 3.19
0.078460648, 3.18
0.078576389, 3.18
0.07869213, 3.17
0.07880787, 3.17
0.078923611, 3.16
0.079039352, 3.16
0.079155093, 3.15
0.079270833, 3.14
0.079386574, 3.14
0.079502315, 3.13
0.079618056, 3.13
0.079733796, 3.12
0.079849537, 3.12
0.079965278, 3.11
0.080081019, 3.1
0.080196759, 3.1
0.0803125, 3.09
0.080428241, 3.09
0.080543981, 3.08
0.080659722, 3.08
0.080775463, 3.07
0.080891204, 3.07
0.081006944, 3.06
0.081030093, 3.06
0.081041667, 3.06
0.081053241, 3.06
0.081064815, 3.06
0.081076389, 3.06
0.081087963, 3.06
0.081099537, 3.06
0.081111111, 3.05
0.081122685, 3.05
0.081134259, 3.05
0.081145833, 3.05
0.081157407, 3.05
0.081168981, 3.05
0.081180556, 3.05
0.08119213, 3.05
0.081203704, 3.05
0.081215278, 3.05
0.081226852, 3.05
0.081238426, 3.05
0.08125, 3.05
0.081261574, 3.05
0.081273148, 3.05
0.081284722, 3.05
0.081296296, 3.05
0.08130787, 3.05
0.081319444, 3.05
0.081331019, 3.05
0.081342593, 3.05
0.081354167, 3.04
0.081365741, 3.04
0.081377315, 3.04
0.081388889, 3.04
0.081400463, 3.04
0.081412037, 3.04
0.081423611, 3.04
0.081435185, 3.04
0.081446759, 3.04
0.081458333, 3.04
0.081469907, 3.04
0.081481481, 3.04
0.081493056, 3.04
0.08150463, 3.04
0.081516204, 3.04
0.081527778, 3.04
0.081539352, 3.04
0.081550926, 3.04
0.0815625, 3.03
0.081574074, 3.03
0.081585648, 3.03
0.081597222, 3.03
0.081608796, 3.03
0.08162037, 3.03
0.081631944, 3.03
0.081643519, 3.03
0.081655093, 3.03
0.081666667, 3.03
0.081678241, 3.03
0.081689815, 3.03
0.081701389, 3.03
0.081712963, 3.03
0.08181713, 3.02
0.08193287, 3.02
0.082048611, 3.01
0.082164352, 3.01
0.082280093, 3
0.082395833, 2.99
0.082511574, 2.99
0.082627315, 2.99
0.082743056, 2.98
0.082858796, 2.97
0.082974537, 2.97
0.083090278, 2.96
0.083206019, 2.96
0.083321759, 2.95
0.0834375, 2.95
0.083553241, 2.94
0.083668981, 2.93
0.083784722, 2.93
0.083900463, 2.92
0.084016204, 2.92
0.084131944, 2.91
0.084247685, 2.91
0.084363426, 2.9
0.084479167, 2.9
0.084594907, 2.89
0.084710648, 2.88
0.084826389, 2.88
0.08494213, 2.87
0.08505787, 2.87
0.085173611, 2.86
0.085289352, 2.86
0.085405093, 2.85
0.085520833, 2.85
0.085636574, 2.84
0.085752315, 2.84
0.085868056, 2.83
0.085983796, 2.82
0.086099537, 2.82
0.086215278, 2.81
0.086331019, 2.81
0.086446759, 2.8
0.0865625, 2.8
0.086678241, 2.79
0.086793981, 2.79
0.086909722, 2.78
0.087025463, 2.78
0.087141204, 2.77
0.087256944, 2.77
0.087372685, 2.76
0.087488426, 2.75
0.087604167, 2.75
0.087719907, 2.74
0.087835648, 2.74
0.087951389, 2.73
0.087974537, 2.73
0.087986111, 2.73
0.087997685, 2.73
0.088009259, 2.73
0.088020833, 2.73
0.088032407, 2.73
0.088043981, 2.73
0.088055556, 2.72
0.08806713, 2.72
0.088078704, 2.72
0.088090278, 2.72
0.088101852, 2.72
0.088113426, 2.72
0.088125, 2.72
0.088136574, 2.72
0.088148148, 2.72
0.088159722, 2.72
0.088171296, 2.72
0.08818287, 2.72
0.088194444, 2.72
0.088206019, 2.72
0.088217593, 2.72
0.088229167, 2.72
0.088240741, 2.72
0.088252315, 2.72
0.088263889, 2.72
0.088275463, 2.72
0.088287037, 2.72
0.088298611, 2.72
0.088310185, 2.72
0.088321759, 2.71
0.088333333, 2.71
0.088344907, 2.71
0.088356481, 2.71
0.088368056, 2.71
0.08837963, 2.71
0.088391204, 2.71
0.088402778, 2.71
0.088414352, 2.71
0.088425926, 2.71
0.0884375, 2.71
0.088449074, 2.71
0.088460648, 2.71
0.088472222, 2.71
0.088483796, 2.71
0.08849537, 2.71
0.088506944, 2.71
0.088518519, 2.7
0.088530093, 2.7
0.088541667, 2.7
0.088553241, 2.7
0.088564815, 2.7
0.088576389, 2.7
0.088587963, 2.7
0.088599537, 2.7
0.088611111, 2.7
0.088622685, 2.7
0.088634259, 2.7
0.088645833, 2.7
0.088657407, 2.7
0.088761574, 2.69
0.088877315, 2.69
0.088993056, 2.68
0.089108796, 2.68
0.089224537, 2.67
0.089340278, 2.66
0.089456019, 2.66
0.089571759, 2.65
0.0896875, 2.65
0.089803241, 2.64
0.089918981, 2.64
0.090034722, 2.63
0.090150463, 2.63
0.090266204, 2.62
0.090381944, 2.61
0.090497685, 2.61
0.090613426, 2.61
0.090729167, 2.6
0.090844907, 2.59
0.090960648, 2.59
0.091076389, 2.59
0.09119213, 2.58
0.09130787, 2.57
0.091423611, 2.57
0.091539352, 2.56
0.091655093, 2.56
0.091770833, 2.55
0.091886574, 2.55
0.092002315, 2.54
0.092118056, 2.53
0.092233796, 2.53
0.092349537, 2.52
0.092465278, 2.52
0.092581019, 2.51
0.092696759, 2.51
0.0928125, 2.5
0.092928241, 2.5
0.093043981, 2.49
0.093159722, 2.49
0.093275463, 2.48
0.093391204, 2.48
0.093506944, 2.47
0.093622685, 2.46
0.093738426, 2.46
0.093854167, 2.45
0.093969907, 2.45
0.094085648, 2.44
0.094201389, 2.44
0.09431713, 2.43
0.09443287, 2.42
0.094548611, 2.42
0.094664352, 2.42
0.094780093, 2.41
0.094895833, 2.41
0.094918981, 2.4
0.094930556, 2.4
0.09494213, 2.4
0.094953704, 2.4
0.094965278, 2.4
0.094976852, 2.4
0.094988426, 2.4
0.095, 2.4
0.095011574, 2.4
0.095023148, 2.4
0.095034722, 2.4
0.095046296, 2.4
0.09505787, 2.4
0.095069444, 2.4
0.095081019, 2.4
0.095092593, 2.4
0.095104167, 2.4
0.095115741, 2.4
0.095127315, 2.4
0.095138889, 2.39
0.095150463, 2.39
0.095162037, 2.39
0.095173611, 2.39
0.095185185, 2.39
0.095196759, 2.39
0.095208333, 2.39
0.095219907, 2.39
0.095231481, 2.39
0.095243056, 2.39
0.09525463, 2.39
0.095266204, 2.39
0.095277778, 2.39
0.095289352, 2.38
0.095300926, 2.38
0.0953125, 2.38
0.095324074, 2.38
0.095335648, 2.38
0.095347222, 2.38
0.095358796, 2.38
0.09537037, 2.38
0.095381944, 2.38
0.095393519, 2.38
0.095405093, 2.38
0.095416667, 2.38
0.095428241, 2.38
0.095439815, 2.38
0.095451389, 2.38
0.095462963, 2.38
0.095474537, 2.38
0.095486111, 2.38
0.095497685, 2.38
0.095509259, 2.37
0.095520833, 2.37
0.095532407, 2.37
0.095543981, 2.37
0.095555556, 2.37
0.09556713, 2.37
0.095578704, 2.37
0.095590278, 2.37
0.095601852, 2.37
0.095706019, 2.37
0.095821759, 2.36
0.0959375, 2.36
0.096053241, 2.35
0.096168981, 2.35
0.096284722, 2.34
0.096400463, 2.33
0.096516204, 2.33
0.096631944, 2.32
0.096747685, 2.32
0.096863426, 2.31
0.096979167, 2.31
0.097094907, 2.3
0.097210648, 2.3
0.097326389, 2.29
0.09744213, 2.29
0.09755787, 2.28
0.097673611, 2.27
0.097789352, 2.27
0.097905093, 2.26
0.098020833, 2.26
0.098136574, 2.25
0.098252315, 2.25
0.098368056, 2.24
0.098483796, 2.24
0.098599537, 2.23
0.098715278, 2.23
0.098831019, 2.22
0.098946759, 2.21
0.0990625, 2.21
0.099178241, 2.2
0.099293981, 2.2
0.099409722, 2.19
0.099525463, 2.19
0.099641204, 2.18
0.099756944, 2.18
0.099872685, 2.17
0.099988426, 2.17
0.100104167, 2.16
0.100219907, 2.15
0.100335648, 2.15
0.100451389, 2.14
0.10056713, 2.14
0.10068287, 2.13
0.100798611, 2.13
0.100914352, 2.12
0.101030093, 2.12
0.101145833, 2.11
0.101261574, 2.11
0.101377315, 2.1
0.101493056, 2.1
0.101608796, 2.09
0.101724537, 2.08
0.101840278, 2.08
0.101863426, 2.08
0.101875, 2.08
0.101886574, 2.08
0.101898148, 2.08
0.101909722, 2.08
0.101921296, 2.08
0.10193287, 2.08
0.101944444, 2.07
0.101956019, 2.07
0.101967593, 2.07
0.101979167, 2.07
0.101990741, 2.07
0.102002315, 2.07
0.102013889, 2.07
0.102025463, 2.07
0.102037037, 2.07
0.102048611, 2.07
0.102060185, 2.07
0.102071759, 2.07
0.102083333, 2.07
0.102094907, 2.07
0.102106481, 2.07
0.102118056, 2.07
0.10212963, 2.07
0.102141204, 2.06
0.102152778, 2.06
0.102164352, 2.06
0.102175926, 2.06
0.1021875, 2.06
0.102199074, 2.06
0.102210648, 2.06
0.102222222, 2.06
0.102233796, 2.06
0.10224537, 2.06
0.102256944, 2.06
0.102268519, 2.06
0.102280093, 2.06
0.102291667, 2.06
0.102303241, 2.06
0.102314815, 2.06
0.102326389, 2.06
0.102337963, 2.06
0.102349537, 2.05
0.102361111, 2.05
0.102372685, 2.05
0.102384259, 2.05
0.102395833, 2.05
0.102407407, 2.05
0.102418981, 2.05
0.102430556, 2.05
0.10244213, 2.05
0.102453704, 2.05
0.102465278, 2.05
0.102476852, 2.05
0.102488426, 2.05
0.1025, 2.05
0.102511574, 2.05
0.102523148, 2.05
0.102534722, 2.05
0.102546296, 2.05
0.102650463, 2.04
0.102766204, 2.04
0.102881944, 2.03
0.102997685, 2.03
0.103113426, 2.02
0.103229167, 2.02
0.103344907, 2.01
0.103460648, 2.01
0.103576389, 2
0.10369213, 1.99
0.10380787, 1.99
0.103923611, 1.98
0.104039352, 1.98
0.104155093, 1.97
0.104270833, 1.97
0.104386574, 1.96
0.104502315, 1.96
0.104618056, 1.95
0.104733796, 1.95
0.104849537, 1.94
0.104965278, 1.94
0.105081019, 1.93
0.105196759, 1.92
0.1053125, 1.92
0.105428241, 1.91
0.105543981, 1.91
0.105659722, 1.9
0.105775463, 1.9
0.105891204, 1.89
0.106006944, 1.89
0.106122685, 1.88
0.106238426, 1.88
0.106354167, 1.87
0.106469907, 1.87
0.106585648, 1.86
0.106701389, 1.86
0.10681713, 1.85
0.10693287, 1.85
0.107048611, 1.84
0.107164352, 1.84
0.107280093, 1.83
0.107395833, 1.82
0.107511574, 1.82
0.107627315, 1.81
0.107743056, 1.81
0.107858796, 1.8
0.107974537, 1.8
0.108090278, 1.79
0.108206019, 1.79
0.108321759, 1.78
0.1084375, 1.78
0.108553241, 1.77
0.108668981, 1.77
0.108784722, 1.76
0.10880787, 1.76
0.108819444, 1.76
0.108831019, 1.76
0.108842593, 1.76
0.108854167, 1.76
0.108865741, 1.76
0.108877315, 1.76
0.108888889, 1.76
0.108900463, 1.76
0.108912037, 1.75
0.108923611, 1.75
0.108935185, 1.75
0.108946759, 1.75
0.108958333, 1.75
0.108969907, 1.75
0.108981481, 1.75
0.108993056, 1.75
0.10900463, 1.75
0.109016204, 1.75
0.109027778, 1.75
0.109039352, 1.75
0.109050926, 1.75
0.1090625, 1.75
0.109074074, 1.75
0.109085648, 1.75
0.109097222, 1.75
0.109108796, 1.75
0.10912037, 1.75
0.109131944, 1.74
0.109143519, 1.74
0.109155093, 1.74
0.109166667, 1.74
0.109178241, 1.74
0.109189815, 1.74
0.109201389, 1.74
0.109212963, 1.74
0.109224537, 1.74
0.109236111, 1.74
0.109247685, 1.74
0.109259259, 1.74
0.109270833, 1.74
0.109282407, 1.74
0.109293981, 1.74
0.109305556, 1.74
0.10931713, 1.74
0.109328704, 1.74
0.109340278, 1.74
0.109351852, 1.74
0.109363426, 1.73
0.109375, 1.73
0.109386574, 1.73
0.109398148, 1.73
0.109409722, 1.73
0.109421296, 1.73
0.10943287, 1.73
0.109444444, 1.73
0.109456019, 1.73
0.109467593, 1.73
0.109479167, 1.73
0.109490741, 1.73
0.109594907, 1.72
0.109710648, 1.72
0.109826389, 1.71
0.10994213, 1.71
0.11005787, 1.7
0.110173611, 1.7
0.110289352, 1.69
0.110405093, 1.69
0.110520833, 1.68
0.110636574, 1.68
0.110752315, 1.67
0.110868056, 1.67
0.110983796, 1.66
0.111099537, 1.65
0.111215278, 1.65
0.111331019, 1.64
0.111446759, 1.64
0.1115625, 1.63
0.111678241, 1.63
0.111793981, 1.62
0.111909722, 1.62
0.112025463, 1.61
0.112141204, 1.61
0.112256944, 1.6
0.112372685, 1.6
0.112488426, 1.59
0.112604167, 1.59
0.112719907, 1.58
0.112835648, 1.57
0.112951389, 1.57
0.11306713, 1.56
0.11318287, 1.56
0.113298611, 1.55
0.113414352, 1.55
0.113530093, 1.54
0.113645833, 1.54
0.113761574, 1.53
0.113877315, 1.53
0.113993056, 1.52
0.114108796, 1.52
0.114224537, 1.51
0.114340278, 1.51
0.114456019, 1.5
0.114571759, 1.5
0.1146875, 1.49
0.114803241, 1.48
0.114918981, 1.48
0.115034722, 1.48
0.115150463, 1.47
0.115266204, 1.46
0.115381944, 1.46
0.115497685, 1.45
0.115613426, 1.45
0.115729167, 1.44
0.115752315, 1.44
0.115763889, 1.44
0.115775463, 1.44
0.115787037, 1.44
0.115798611, 1.44
0.115810185, 1.44
0.115821759, 1.44
0.115833333, 1.44
0.115844907, 1.44
0.115856481, 1.44
0.115868056, 1.44
0.11587963, 1.44
0.115891204, 1.44
0.115902778, 1.44
0.115914352, 1.43
0.115925926, 1.43
0.1159375, 1.43
0.115949074, 1.43
0.115960648, 1.43
0.115972222, 1.43
0.115983796, 1.43
0.11599537, 1.43
0.116006944, 1.43
0.116018519, 1.43
0.116030093, 1.43
0.116041667, 1.43
0.116053241, 1.43
0.116064815, 1.43
0.116076389, 1.43
0.116087963, 1.43
0.116099537, 1.43
0.116111111, 1.43
0.116122685, 1.43
0.116134259, 1.43
0.116145833, 1.42
0.116157407, 1.42
0.116168981, 1.42
0.116180556, 1.42
0.11619213, 1.42
0.116203704, 1.42
0.116215278, 1.42
0.116226852, 1.42
0.116238426, 1.42
0.11625, 1.42
0.116261574, 1.42
0.116273148, 1.42
0.116284722, 1.42
0.116296296, 1.42
0.11630787, 1.42
0.116319444, 1.42
0.116331019, 1.42
0.116342593, 1.42
0.116354167, 1.42
0.116365741, 1.41
0.116377315, 1.41
0.116388889, 1.41
0.116400463, 1.41
0.116412037, 1.41
0.116423611, 1.41
0.116435185, 1.41
0.116539352, 1.41
0.116655093, 1.4
0.116770833, 1.4
0.116886574, 1.39
0.117002315, 1.39
0.117118056, 1.38
0.117233796, 1.38
0.117349537, 1.37
0.117465278, 1.36
0.117581019, 1.36
0.117696759, 1.35
0.1178125, 1.35
0.117928241, 1.34
0.118043981, 1.34
0.118159722, 1.33
0.118275463, 1.33
0.118391204, 1.32
0.118506944, 1.32
0.118622685, 1.31
0.118738426, 1.31
0.118854167, 1.3
0.118969907, 1.3
0.119085648, 1.29
0.119201389, 1.29
0.11931713, 1.28
0.11943287, 1.28
0.119548611, 1.27
0.119664352, 1.27
0.119780093, 1.26
0.119895833, 1.26
0.120011574, 1.25
0.120127315, 1.25
0.120243056, 1.24
0.120358796, 1.23
0.120474537, 1.23
0.120590278, 1.23
0.120706019, 1.22
0.120821759, 1.21
0.1209375, 1.21
0.121053241, 1.2
0.121168981, 1.2
0.121284722, 1.2
0.121400463, 1.19
0.121516204, 1.19
0.121631944, 1.18
0.121747685, 1.17
0.121863426, 1.17
0.121979167, 1.16
0.122094907, 1.16
0.122210648, 1.15
0.122326389, 1.15
0.12244213, 1.14
0.12255787, 1.14
0.122673611, 1.13
0.122696759, 1.13
0.122708333, 1.13
0.122719907, 1.13
0.122731481, 1.13
0.122743056, 1.13
0.12275463, 1.13
0.122766204, 1.13
0.122777778, 1.13
0.122789352, 1.13
0.122800926, 1.13
0.1228125, 1.13
0.122824074, 1.13
0.122835648, 1.12
0.122847222, 1.12
0.122858796, 1.12
0.12287037, 1.12
0.122881944, 1.12
0.122893519, 1.12
0.122905093, 1.12
0.122916667, 1.12
0.122928241, 1.12
0.122939815, 1.12
0.122951389, 1.12
0.122962963, 1.12
0.122974537, 1.12
0.122986111, 1.12
0.122997685, 1.12
0.123009259, 1.12
0.123020833, 1.12
0.123032407, 1.12
0.123043981, 1.12
0.123055556, 1.12
0.12306713, 1.12
0.123078704, 1.12
0.123090278, 1.12
0.123101852, 1.11
0.123113426, 1.11
0.123125, 1.11
0.123136574, 1.11
0.123148148, 1.11
0.123159722, 1.11
0.123171296, 1.11
0.12318287, 1.11
0.123194444, 1.11
0.123206019, 1.11
0.123217593, 1.11
0.123229167, 1.11
0.123240741, 1.11
0.123252315, 1.11
0.123263889, 1.11
0.123275463, 1.11
0.123287037, 1.11
0.123298611, 1.11
0.123310185, 1.1
0.123321759, 1.1
0.123333333, 1.1
0.123344907, 1.1
0.123356481, 1.1
0.123368056, 1.1
0.12337963, 1.1
0.123483796, 1.1
0.123599537, 1.09
0.123715278, 1.09
0.123831019, 1.08
0.123946759, 1.08
0.1240625, 1.07
0.124178241, 1.07
0.124293981, 1.06
0.124409722, 1.06
0.124525463, 1.05
0.124641204, 1.05
0.124756944, 1.04
0.124872685, 1.03
0.124988426, 1.03
0.125104167, 1.02
0.125219907, 1.02
0.125335648, 1.01
0.125451389, 1.01
0.12556713, 1
0.12568287, 0.99
0.125798611, 0.99
0.125914352, 0.98
0.126030093, 0.98
0.126145833, 0.98
0.126261574, 0.97
0.126377315, 0.96
0.126493056, 0.96
0.126608796, 0.95
0.126724537, 0.95
0.126840278, 0.94
0.126956019, 0.94
0.127071759, 0.93
0.1271875, 0.93
0.127303241, 0.92
0.127418981, 0.92
0.127534722, 0.91
0.127650463, 0.91
0.127766204, 0.9
0.127881944, 0.9
0.127997685, 0.89
0.128113426, 0.89
0.128229167, 0.88
0.128344907, 0.88
0.128460648, 0.87
0.128576389, 0.87
0.12869213, 0.86
0.12880787, 0.86
0.128923611, 0.85
0.129039352, 0.85
0.129155093, 0.84
0.129270833, 0.84
0.129386574, 0.83
0.129502315, 0.83
0.129618056, 0.82
0.129641204, 0.82
0.129652778, 0.82
0.129664352, 0.82
0.129675926, 0.82
0.1296875, 0.82
0.129699074, 0.82
0.129710648, 0.82
0.129722222, 0.82
0.129733796, 0.82
0.12974537, 0.82
0.129756944, 0.82
0.129768519, 0.82
0.129780093, 0.82
0.129791667, 0.82
0.129803241, 0.82
0.129814815, 0.82
0.129826389, 0.81
0.129837963, 0.81
0.129849537, 0.81
0.129861111, 0.81
0.129872685, 0.81
0.129884259, 0.81
0.129895833, 0.81
0.129907407, 0.81
0.129918981, 0.81
0.129930556, 0.81
0.12994213, 0.81
0.129953704, 0.81
0.129965278, 0.81
0.129976852, 0.81
0.129988426, 0.81
0.13, 0.81
0.130011574, 0.81
0.130023148, 0.81
0.130034722, 0.81
0.130046296, 0.8
0.13005787, 0.8
0.130069444, 0.8
0.130081019, 0.8
0.130092593, 0.8
0.130104167, 0.8
0.130115741, 0.8
0.130127315, 0.8
0.130138889, 0.8
0.130150463, 0.8
0.130162037, 0.8
0.130173611, 0.8
0.130185185, 0.8
0.130196759, 0.8
0.130208333, 0.8
0.130219907, 0.8
0.130231481, 0.8
0.130243056, 0.8
0.13025463, 0.8
0.130266204, 0.8
0.130277778, 0.8
0.130289352, 0.79
0.130300926, 0.79
0.1303125, 0.79
0.130324074, 0.79
0.130428241, 0.79
0.130543981, 0.78
0.130659722, 0.78
0.130775463, 0.77
0.130891204, 0.77
0.131006944, 0.76
0.131122685, 0.76
0.131238426, 0.75
0.131354167, 0.75
0.131469907, 0.74
0.131585648, 0.74
0.131701389, 0.73
0.13181713, 0.73
0.13193287, 0.72
0.132048611, 0.72
0.132164352, 0.71
0.132280093, 0.71
0.132395833, 0.7
0.132511574, 0.7
0.132627315, 0.69
0.132743056, 0.69
0.132858796, 0.68
0.132974537, 0.68
0.133090278, 0.67
0.133206019, 0.67
0.133321759, 0.66
0.1334375, 0.66
0.133553241, 0.65
0.133668981, 0.65
0.133784722, 0.64
0.133900463, 0.64
0.134016204, 0.63
0.134131944, 0.63
0.134247685, 0.62
0.134363426, 0.62
0.134479167, 0.61
0.134594907, 0.61
0.134710648, 0.6
0.134826389, 0.6
0.13494213, 0.59
0.13505787, 0.59
0.135173611, 0.58
0.135289352, 0.58
0.135405093, 0.57
0.135520833, 0.57
0.135636574, 0.57
0.135752315, 0.56
0.135868056, 0.55
0.135983796, 0.55
0.136099537, 0.55
0.136215278, 0.54
0.136331019, 0.54
0.136446759, 0.53
0.1365625, 0.53
0.136585648, 0.53
0.136597222, 0.53
0.136608796, 0.52
0.13662037, 0.52
0.136631944, 0.52
0.136643519, 0.52
0.136655093, 0.52
0.136666667, 0.52
0.136678241, 0.52
0.136689815, 0.52
0.136701389, 0.52
0.136712963, 0.52
0.136724537, 0.52
0.136736111, 0.52
0.136747685, 0.52
0.136759259, 0.52
0.136770833, 0.52
0.136782407, 0.52
0.136793981, 0.52
0.136805556, 0.52
0.13681713, 0.52
0.136828704, 0.51
0.136840278, 0.51
0.136851852, 0.51
0.136863426, 0.51
0.136875, 0.51
0.136886574, 0.51
0.136898148, 0.51
0.136909722, 0.51
0.136921296, 0.51
0.13693287, 0.51
0.136944444, 0.51
0.136956019, 0.51
0.136967593, 0.51
0.136979167, 0.51
0.136990741, 0.51
0.137002315, 0.51
0.137013889, 0.51
0.137025463, 0.51
0.137037037, 0.51
0.137048611, 0.51
0.137060185, 0.5
0.137071759, 0.5
0.137083333, 0.5
0.137094907, 0.5
0.137106481, 0.5
0.137118056, 0.5
0.13712963, 0.5
0.137141204, 0.5
0.137152778, 0.5
0.137164352, 0.5
0.137175926, 0.5
0.1371875, 0.5
0.137199074, 0.5
0.137210648, 0.5
0.137222222, 0.5
0.137233796, 0.5
0.13724537, 0.5
0.137256944, 0.5
0.137268519, 0.5
0.137372685, 0.49
0.137488426, 0.48
0.137604167, 0.48
0.137719907, 0.47
0.137835648, 0.47
0.137951389, 0.46
0.13806713, 0.46
0.13818287, 0.45
0.138298611, 0.45
0.138414352, 0.44
0.138530093, 0.44
0.138645833, 0.43
0.138761574, 0.43
0.138877315, 0.43
0.138993056, 0.42
0.139108796, 0.42
0.139224537, 0.41
0.139340278, 0.41
0.139456019, 0.4
0.139571759, 0.4
0.1396875, 0.39
0.139803241, 0.39
0.139918981, 0.38
0.140034722, 0.38
0.140150463, 0.37
0.140266204, 0.37
0.140381944, 0.36
0.140497685, 0.36
0.140613426, 0.35
0.140729167, 0.35
0.140844907, 0.34
0.140960648, 0.34
0.141076389, 0.33
0.14119213, 0.33
0.14130787, 0.32
0.141423611, 0.32
0.141539352, 0.31
0.141655093, 0.31
0.141770833, 0.31
0.141886574, 0.3
0.142002315, 0.3
0.142118056, 0.29
0.142233796, 0.29
0.142349537, 0.28
0.142465278, 0.28
0.142581019, 0.27
0.142696759, 0.27
0.1428125, 0.26
0.142928241, 0.26
0.143043981, 0.25
0.143159722, 0.25
0.143275463, 0.24
0.143391204, 0.24
0.143506944, 0.24
0.143530093, 0.23
0.143541667, 0.23
0.143553241, 0.23
0.143564815, 0.23
0.143576389, 0.23
0.143587963, 0.23
0.143599537, 0.23
0.143611111, 0.23
0.143622685, 0.23
0.143634259, 0.23
0.143645833, 0.23
0.143657407, 0.23
0.143668981, 0.23
0.143680556, 0.23
0.14369213, 0.23
0.143703704, 0.23
0.143715278, 0.23
0.143726852, 0.23
0.143738426, 0.23
0.14375, 0.23
0.143761574, 0.23
0.143773148, 0.22
0.143784722, 0.22
0.143796296, 0.22
0.14380787, 0.22
0.143819444, 0.22
0.143831019, 0.22
0.143842593, 0.22
0.143854167, 0.22
0.143865741, 0.22
0.143877315, 0.22
0.143888889, 0.22
0.143900463, 0.22
0.143912037, 0.22
0.143923611, 0.22
0.143935185, 0.22
0.143946759, 0.22
0.143958333, 0.22
0.143969907, 0.22
0.143981481, 0.22
0.143993056, 0.22
0.14400463, 0.22
0.144016204, 0.22
0.144027778, 0.22
0.144039352, 0.21
0.144050926, 0.21
0.1440625, 0.21
0.144074074, 0.21
0.144085648, 0.21
0.144097222, 0.21
0.144108796, 0.21
0.14412037, 0.21
0.144131944, 0.21
0.144143519, 0.21
0.144155093, 0.21
0.144166667, 0.21
0.144178241, 0.21
0.144189815, 0.21
0.144201389, 0.21
0.144212963, 0.21
0.14431713, 0.2
0.14443287, 0.2
0.144548611, 0.19
0.144664352, 0.19
0.144780093, 0.19
0.144895833, 0.18
0.145011574, 0.18
0.145127315, 0.17
0.145243056, 0.17
0.145358796, 0.16
0.145474537, 0.16
0.145590278, 0.15
0.145706019, 0.15
0.145821759, 0.14
0.1459375, 0.14
0.146053241, 0.14
0.146168981, 0.13
0.146284722, 0.13
0.146400463, 0.12
0.146516204, 0.12
0.146631944, 0.11
0.146747685, 0.11
0.146863426, 0.11
0.146979167, 0.1
0.147094907, 0.1
0.147210648, 0.09
0.147326389, 0.09
0.14744213, 0.08
0.14755787, 0.08
0.147673611, 0.08
0.147789352, 0.08
0.147905093, 0.07
0.148020833, 0.06
0.148136574, 0.06
0.148252315, 0.05
0.148368056, 0.05
0.148483796, 0.05
0.148599537, 0.04
0.148715278, 0.04
0.148831019, 0.04
0.148946759, 0.03
0.1490625, 0.03
0.149178241, 0.03
0.149293981, 0.02
0.149409722, 0.02
0.149525463, 0.02
0.149641204, 0.02
0.149756944, 0.01
0.149872685, 0.01
0.149988426, 0.01
0.150104167, 0.01
0.150219907, 0
0.150335648, 0
0.150451389, 0
0.150474537, 0
0.150486111, 0
0.150497685, 0
0.150509259, 0
0.150520833, 0
0.150532407, 0
0.150543981, 0
0.150555556, 0
0.15056713, 0
0.150578704, 0
0.150590278, 0
0.150601852, 0
0.150613426, 0
0.150625, 0
0.150636574, 0
0.150648148, 0
0.150659722, 0
0.150671296, 0
0.15068287, 0
