//name, id, low, high, temp, fixed,applytoall, log
//-------------------------------------------
mu_AOB,  0,  0.005,   0.5,  1,    0,     1,       1
koA',    1,  0.00125,  10,  1,    0,     1,       1
//koA,   1,  0.05,    2,    1,    0,     1,       1
mu_NOB,  2,  0.005,   0.5,  1,    0,     1,       1
koN',    3,  0.00125,  10,  1,    0,     1,       1
//koN,   3,  0.05,    2,    1,    0,     1,       1
knh3A,   4,  0.5,     0.5,  1,    1,     1,       1
kno2N,   5,  0.5,     0.5,  1,    1,     1,       1
mu_OHO,  6,  0.0001,  0.1,  1,    0,     1,       1
koH,     7,  0.00125,  10,  1,    0,     1,       1