//t, Mean, t, 2.500000 %, t, 50.000000 %, t, 97.500002 %, 
0.000000, 0.000000e+000,0.000000, 0.000000e+000,0.000000, 0.000000e+000,0.000000, 0.000000e+000,
0.000000, 0.000000e+000,0.000000, 0.000000e+000,0.000000, 0.000000e+000,0.000000, 0.000000e+000,
0.000000, 0.000000e+000,0.000000, 0.000000e+000,0.000000, 0.000000e+000,0.000000, 0.000000e+000,
0.000000, 0.000000e+000,0.000000, 0.000000e+000,0.000000, 0.000000e+000,0.000000, 0.000000e+000,
0.000001, 0.000000e+000,0.000001, 0.000000e+000,0.000001, 0.000000e+000,0.000001, 0.000000e+000,
0.000001, 0.000000e+000,0.000001, 0.000000e+000,0.000001, 0.000000e+000,0.000001, 0.000000e+000,
0.000001, 0.000000e+000,0.000001, 0.000000e+000,0.000001, 0.000000e+000,0.000001, 0.000000e+000,
0.000001, 0.000000e+000,0.000001, 0.000000e+000,0.000001, 0.000000e+000,0.000001, 0.000000e+000,
0.000001, 0.000000e+000,0.000001, 0.000000e+000,0.000001, 0.000000e+000,0.000001, 0.000000e+000,
0.000001, 0.000000e+000,0.000001, 0.000000e+000,0.000001, 0.000000e+000,0.000001, 0.000000e+000,
0.000002, 0.000000e+000,0.000002, 0.000000e+000,0.000002, 0.000000e+000,0.000002, 0.000000e+000,
0.000002, 0.000000e+000,0.000002, 0.000000e+000,0.000002, 0.000000e+000,0.000002, 0.000000e+000,
0.000002, 0.000000e+000,0.000002, 0.000000e+000,0.000002, 0.000000e+000,0.000002, 0.000000e+000,
0.000002, 0.000000e+000,0.000002, 0.000000e+000,0.000002, 0.000000e+000,0.000002, 0.000000e+000,
0.000002, 0.000000e+000,0.000002, 0.000000e+000,0.000002, 0.000000e+000,0.000002, 0.000000e+000,
0.000003, 0.000000e+000,0.000003, 0.000000e+000,0.000003, 0.000000e+000,0.000003, 0.000000e+000,
0.000003, 0.000000e+000,0.000003, 0.000000e+000,0.000003, 0.000000e+000,0.000003, 0.000000e+000,
0.000003, 0.000000e+000,0.000003, 0.000000e+000,0.000003, 0.000000e+000,0.000003, 0.000000e+000,
0.000003, 0.000000e+000,0.000003, 0.000000e+000,0.000003, 0.000000e+000,0.000003, 0.000000e+000,
0.000004, 0.000000e+000,0.000004, 0.000000e+000,0.000004, 0.000000e+000,0.000004, 0.000000e+000,
0.000004, 0.000000e+000,0.000004, 0.000000e+000,0.000004, 0.000000e+000,0.000004, 0.000000e+000,
0.000004, 0.000000e+000,0.000004, 0.000000e+000,0.000004, 0.000000e+000,0.000004, 0.000000e+000,
0.000004, 0.000000e+000,0.000004, 0.000000e+000,0.000004, 0.000000e+000,0.000004, 0.000000e+000,
0.000004, 0.000000e+000,0.000004, 0.000000e+000,0.000004, 0.000000e+000,0.000004, 0.000000e+000,
0.000005, 0.000000e+000,0.000005, 0.000000e+000,0.000005, 0.000000e+000,0.000005, 0.000000e+000,
0.000005, 0.000000e+000,0.000005, 0.000000e+000,0.000005, 0.000000e+000,0.000005, 0.000000e+000,
0.000005, 0.000000e+000,0.000005, 0.000000e+000,0.000005, 0.000000e+000,0.000005, 0.000000e+000,
0.000005, 0.000000e+000,0.000005, 0.000000e+000,0.000005, 0.000000e+000,0.000005, 0.000000e+000,
0.000006, 0.000000e+000,0.000006, 0.000000e+000,0.000006, 0.000000e+000,0.000006, 0.000000e+000,
0.000006, 0.000000e+000,0.000006, 0.000000e+000,0.000006, 0.000000e+000,0.000006, 0.000000e+000,
0.000006, 0.000000e+000,0.000006, 0.000000e+000,0.000006, 0.000000e+000,0.000006, 0.000000e+000,
0.000007, 4.930662e-317,0.000007, 0.000000e+000,0.000007, 0.000000e+000,0.000007, 0.000000e+000,
0.000007, 6.020991e-304,0.000007, 0.000000e+000,0.000007, 0.000000e+000,0.000007, 0.000000e+000,
0.000007, 1.114793e-291,0.000007, 0.000000e+000,0.000007, 0.000000e+000,0.000007, 0.000000e+000,
0.000007, 3.696991e-280,0.000007, 0.000000e+000,0.000007, 0.000000e+000,0.000007, 0.000000e+000,
0.000008, 2.545221e-269,0.000008, 0.000000e+000,0.000008, 0.000000e+000,0.000008, 0.000000e+000,
0.000008, 4.147625e-259,0.000008, 0.000000e+000,0.000008, 0.000000e+000,0.000008, 0.000000e+000,
0.000008, 1.798398e-249,0.000008, 0.000000e+000,0.000008, 0.000000e+000,0.000008, 0.000000e+000,
0.000009, 2.303837e-240,0.000009, 0.000000e+000,0.000009, 0.000000e+000,0.000009, 0.000000e+000,
0.000009, 9.578597e-232,0.000009, 0.000000e+000,0.000009, 0.000000e+000,0.000009, 0.000000e+000,
0.000009, 1.406569e-223,0.000009, 0.000000e+000,0.000009, 0.000000e+000,0.000009, 0.000000e+000,
0.000010, 7.873582e-216,0.000010, 0.000000e+000,0.000010, 0.000000e+000,0.000010, 0.000000e+000,
0.000010, 1.800209e-208,0.000010, 0.000000e+000,0.000010, 0.000000e+000,0.000010, 0.000000e+000,
0.000010, 1.789828e-201,0.000010, 0.000000e+000,0.000010, 0.000000e+000,0.000010, 0.000000e+000,
0.000011, 8.191517e-195,0.000011, 0.000000e+000,0.000011, 0.000000e+000,0.000011, 0.000000e+000,
0.000011, 1.817656e-188,0.000011, 0.000000e+000,0.000011, 0.000000e+000,0.000011, 0.000000e+000,
0.000011, 2.050334e-182,0.000011, 0.000000e+000,0.000011, 0.000000e+000,0.000011, 0.000000e+000,
0.000012, 1.227792e-176,0.000012, 0.000000e+000,0.000012, 0.000000e+000,0.000012, 0.000000e+000,
0.000012, 4.061310e-171,0.000012, 0.000000e+000,0.000012, 0.000000e+000,0.000012, 0.000000e+000,
0.000013, 7.696527e-166,0.000013, 0.000000e+000,0.000013, 0.000000e+000,0.000013, 0.000000e+000,
0.000013, 8.641521e-161,0.000013, 0.000000e+000,0.000013, 0.000000e+000,0.000013, 0.000000e+000,
0.000013, 5.929107e-156,0.000013, 0.000000e+000,0.000013, 0.000000e+000,0.000013, 0.000000e+000,
0.000014, 2.557975e-151,0.000014, 0.000000e+000,0.000014, 0.000000e+000,0.000014, 0.000000e+000,
0.000014, 7.124928e-147,0.000014, 0.000000e+000,0.000014, 0.000000e+000,0.000014, 0.000000e+000,
0.000015, 1.312993e-142,0.000015, 0.000000e+000,0.000015, 0.000000e+000,0.000015, 0.000000e+000,
0.000015, 1.637536e-138,0.000015, 0.000000e+000,0.000015, 0.000000e+000,0.000015, 0.000000e+000,
0.000016, 1.411606e-134,0.000016, 0.000000e+000,0.000016, 0.000000e+000,0.000016, 0.000000e+000,
0.000016, 8.577010e-131,0.000016, 0.000000e+000,0.000016, 0.000000e+000,0.000016, 0.000000e+000,
0.000017, 3.740928e-127,0.000017, 0.000000e+000,0.000017, 0.000000e+000,0.000017, 0.000000e+000,
0.000017, 1.191321e-123,0.000017, 0.000000e+000,0.000017, 0.000000e+000,0.000017, 0.000000e+000,
0.000018, 2.814350e-120,0.000018, 0.000000e+000,0.000018, 0.000000e+000,0.000018, 6.225227e-322,
0.000018, 5.005771e-117,0.000018, 0.000000e+000,0.000018, 0.000000e+000,0.000018, 5.544907e-313,
0.000019, 6.797295e-114,0.000019, 0.000000e+000,0.000019, 0.000000e+000,0.000019, 2.357109e-304,
0.000019, 7.138734e-111,0.000019, 0.000000e+000,0.000019, 0.000000e+000,0.000019, 4.940619e-296,
0.000020, 5.869782e-108,0.000020, 0.000000e+000,0.000020, 0.000000e+000,0.000020, 5.280197e-288,
0.000020, 3.822168e-105,0.000020, 0.000000e+000,0.000020, 0.000000e+000,0.000020, 2.969222e-280,
0.000021, 1.992305e-102,0.000021, 0.000000e+000,0.000021, 0.000000e+000,0.000021, 9.048767e-273,
0.000021, 8.397567e-100,0.000021, 0.000000e+000,0.000021, 0.000000e+000,0.000021, 1.536584e-265,
0.000022, 2.889609e-097,0.000022, 0.000000e+000,0.000022, 0.000000e+000,0.000022, 1.492453e-258,
0.000022, 8.190495e-095,0.000022, 0.000000e+000,0.000022, 0.000000e+000,0.000022, 8.498122e-252,
0.000023, 1.928601e-092,0.000023, 0.000000e+000,0.000023, 0.000000e+000,0.000023, 2.903441e-245,
0.000024, 3.802816e-090,0.000024, 0.000000e+000,0.000024, 0.000000e+000,0.000024, 6.084065e-239,
0.000024, 6.326691e-088,0.000024, 0.000000e+000,0.000024, 0.000000e+000,0.000024, 7.982891e-233,
0.000025, 8.944478e-086,0.000025, 0.000000e+000,0.000025, 0.000000e+000,0.000025, 6.688292e-227,
0.000026, 1.081863e-083,0.000026, 0.000000e+000,0.000026, 0.000000e+000,0.000026, 3.645050e-221,
0.000026, 1.126691e-081,0.000026, 0.000000e+000,0.000026, 0.000000e+000,0.000026, 1.315048e-215,
0.000027, 1.016441e-079,0.000027, 0.000000e+000,0.000027, 0.000000e+000,0.000027, 3.193345e-210,
0.000028, 7.989126e-078,0.000028, 0.000000e+000,0.000028, 0.000000e+000,0.000028, 5.302238e-205,
0.000028, 5.500751e-076,0.000028, 0.000000e+000,0.000028, 0.000000e+000,0.000028, 6.110465e-200,
0.000029, 3.335011e-074,0.000029, 0.000000e+000,0.000029, 0.000000e+000,0.000029, 4.957422e-195,
0.000030, 1.789203e-072,0.000030, 0.000000e+000,0.000030, 0.000000e+000,0.000030, 2.869865e-190,
0.000031, 8.533713e-071,0.000031, 0.000000e+000,0.000031, 0.000000e+000,0.000031, 1.200771e-185,
0.000031, 3.634652e-069,0.000031, 0.000000e+000,0.000031, 0.000000e+000,0.000031, 3.675783e-181,
0.000032, 1.388261e-067,0.000032, 0.000000e+000,0.000032, 0.000000e+000,0.000032, 8.328647e-177,
0.000033, 4.774324e-066,0.000033, 0.000000e+000,0.000033, 0.000000e+000,0.000033, 1.412336e-172,
0.000034, 1.484063e-064,0.000034, 0.000000e+000,0.000034, 0.000000e+000,0.000034, 1.811421e-168,
0.000035, 4.184866e-063,0.000035, 0.000000e+000,0.000035, 0.000000e+000,0.000035, 1.774947e-164,
0.000035, 1.074275e-061,0.000035, 0.000000e+000,0.000035, 0.000000e+000,0.000035, 1.341536e-160,
0.000036, 2.518837e-060,0.000036, 0.000000e+000,0.000036, 0.000000e+000,0.000036, 7.893111e-157,
0.000037, 5.411497e-059,0.000037, 0.000000e+000,0.000037, 0.000000e+000,0.000037, 3.646892e-153,
0.000038, 1.068530e-057,0.000038, 0.000000e+000,0.000038, 0.000000e+000,0.000038, 1.334314e-149,
0.000039, 1.944773e-056,0.000039, 0.000000e+000,0.000039, 0.000000e+000,0.000039, 3.896962e-146,
0.000040, 3.271679e-055,0.000040, 0.000000e+000,0.000040, 0.000000e+000,0.000040, 9.154813e-143,
0.000041, 5.100883e-054,0.000041, 0.000000e+000,0.000041, 0.000000e+000,0.000041, 1.742642e-139,
0.000042, 7.389201e-053,0.000042, 0.000000e+000,0.000042, 0.000000e+000,0.000042, 2.706745e-136,
0.000043, 9.969756e-052,0.000043, 0.000000e+000,0.000043, 0.000000e+000,0.000043, 3.453702e-133,
0.000044, 1.255798e-050,0.000044, 0.000000e+000,0.000044, 0.000000e+000,0.000044, 3.643488e-130,
0.000045, 1.480042e-049,0.000045, 0.000000e+000,0.000045, 0.000000e+000,0.000045, 3.197619e-127,
0.000046, 1.635605e-048,0.000046, 0.000000e+000,0.000046, 0.000000e+000,0.000046, 2.348475e-124,
0.000047, 1.698345e-047,0.000047, 0.000000e+000,0.000047, 0.000000e+000,0.000047, 1.451659e-121,
0.000048, 1.660252e-046,0.000048, 0.000000e+000,0.000048, 0.000000e+000,0.000048, 7.593357e-119,
0.000049, 1.530896e-045,0.000049, 0.000000e+000,0.000049, 0.000000e+000,0.000049, 3.378870e-116,
0.000050, 1.333923e-044,0.000050, 0.000000e+000,0.000050, 0.000000e+000,0.000050, 1.285484e-113,
0.000051, 1.100243e-043,0.000051, 0.000000e+000,0.000051, 0.000000e+000,0.000051, 4.201683e-111,
0.000053, 8.604982e-043,0.000053, 0.000000e+000,0.000053, 0.000000e+000,0.000053, 1.185401e-108,
0.000054, 6.391695e-042,0.000054, 0.000000e+000,0.000054, 0.000000e+000,0.000054, 2.899613e-106,
0.000055, 4.516087e-041,0.000055, 0.000000e+000,0.000055, 0.000000e+000,0.000055, 6.176192e-104,
0.000056, 3.039755e-040,0.000056, 0.000000e+000,0.000056, 0.000000e+000,0.000056, 1.150302e-101,
0.000058, 1.951957e-039,0.000058, 0.000000e+000,0.000058, 0.000000e+000,0.000058, 1.880835e-099,
0.000059, 1.197457e-038,0.000059, 0.000000e+000,0.000059, 0.000000e+000,0.000059, 2.710261e-097,
0.000060, 7.027287e-038,0.000060, 0.000000e+000,0.000060, 0.000000e+000,0.000060, 3.454670e-095,
0.000062, 3.950145e-037,0.000062, 0.000000e+000,0.000062, 0.000000e+000,0.000062, 3.909236e-093,
0.000063, 2.129487e-036,0.000063, 0.000000e+000,0.000063, 0.000000e+000,0.000063, 3.940643e-091,
0.000064, 1.102284e-035,0.000064, 0.000000e+000,0.000064, 0.000000e+000,0.000064, 3.550411e-089,
0.000066, 5.484923e-035,0.000066, 0.000000e+000,0.000066, 0.000000e+000,0.000066, 2.868287e-087,
0.000067, 2.626574e-034,0.000067, 0.000000e+000,0.000067, 0.000000e+000,0.000067, 2.084234e-085,
0.000069, 1.211764e-033,0.000069, 0.000000e+000,0.000069, 0.000000e+000,0.000069, 1.366315e-083,
0.000070, 5.391470e-033,0.000070, 0.000000e+000,0.000070, 0.000000e+000,0.000070, 8.103858e-082,
0.000072, 2.315755e-032,0.000072, 0.000000e+000,0.000072, 0.000000e+000,0.000072, 4.360971e-080,
0.000073, 9.611597e-032,0.000073, 0.000000e+000,0.000073, 0.000000e+000,0.000073, 2.134998e-078,
0.000075, 3.858537e-031,0.000075, 0.000000e+000,0.000075, 0.000000e+000,0.000075, 9.533841e-077,
0.000077, 1.499573e-030,0.000077, 0.000000e+000,0.000077, 0.000000e+000,0.000077, 3.893050e-075,
0.000078, 5.646905e-030,0.000078, 0.000000e+000,0.000078, 0.000000e+000,0.000078, 1.457213e-073,
0.000080, 2.062146e-029,0.000080, 0.000000e+000,0.000080, 0.000000e+000,0.000080, 5.011780e-072,
0.000082, 7.308871e-029,0.000082, 0.000000e+000,0.000082, 0.000000e+000,0.000082, 1.587405e-070,
0.000084, 2.516215e-028,0.000084, 0.000000e+000,0.000084, 0.000000e+000,0.000084, 4.640552e-069,
0.000085, 8.420643e-028,0.000085, 0.000000e+000,0.000085, 0.000000e+000,0.000085, 1.254775e-067,
0.000087, 2.741358e-027,0.000087, 0.000000e+000,0.000087, 0.000000e+000,0.000087, 3.144673e-066,
0.000089, 8.688046e-027,0.000089, 0.000000e+000,0.000089, 0.000000e+000,0.000089, 7.319279e-065,
0.000091, 2.682361e-026,0.000091, 0.000000e+000,0.000091, 0.000000e+000,0.000091, 1.585212e-063,
0.000093, 8.073182e-026,0.000093, 0.000000e+000,0.000093, 0.000000e+000,0.000093, 3.200730e-062,
0.000095, 2.370223e-025,0.000095, 0.000000e+000,0.000095, 0.000000e+000,0.000095, 6.035934e-061,
0.000097, 6.792452e-025,0.000097, 0.000000e+000,0.000097, 0.000000e+000,0.000097, 1.064977e-059,
0.000099, 1.901185e-024,0.000099, 0.000000e+000,0.000099, 0.000000e+000,0.000099, 1.761079e-058,
0.000101, 5.200460e-024,0.000101, 0.000000e+000,0.000101, 0.000000e+000,0.000101, 2.733892e-057,
0.000104, 1.391011e-023,0.000104, 0.000000e+000,0.000104, 0.000000e+000,0.000104, 3.990672e-056,
0.000106, 3.640284e-023,0.000106, 0.000000e+000,0.000106, 0.000000e+000,0.000106, 5.485931e-055,
0.000108, 9.325936e-023,0.000108, 0.000000e+000,0.000108, 0.000000e+000,0.000108, 7.112978e-054,
0.000110, 2.340088e-022,0.000110, 0.000000e+000,0.000110, 0.000000e+000,0.000110, 8.711380e-053,
0.000113, 5.754107e-022,0.000113, 0.000000e+000,0.000113, 0.000000e+000,0.000113, 1.009196e-051,
0.000115, 1.387223e-021,0.000115, 0.000000e+000,0.000115, 0.000000e+000,0.000115, 1.107434e-050,
0.000118, 3.280562e-021,0.000118, 0.000000e+000,0.000118, 0.000000e+000,0.000118, 1.152648e-049,
0.000120, 7.613564e-021,0.000120, 0.000000e+000,0.000120, 0.000000e+000,0.000120, 1.139405e-048,
0.000123, 1.734860e-020,0.000123, 0.000000e+000,0.000123, 0.000000e+000,0.000123, 1.071056e-047,
0.000125, 3.883030e-020,0.000125, 0.000000e+000,0.000125, 0.000000e+000,0.000125, 9.585881e-047,
0.000128, 8.540721e-020,0.000128, 0.000000e+000,0.000128, 0.000000e+000,0.000128, 8.178183e-046,
0.000131, 1.846793e-019,0.000131, 0.000000e+000,0.000131, 0.000000e+000,0.000131, 6.658714e-045,
0.000133, 3.927530e-019,0.000133, 0.000000e+000,0.000133, 0.000000e+000,0.000133, 5.179911e-044,
0.000136, 8.218084e-019,0.000136, 0.000000e+000,0.000136, 0.000000e+000,0.000136, 3.854150e-043,
0.000139, 1.692541e-018,0.000139, 0.000000e+000,0.000139, 0.000000e+000,0.000139, 2.745818e-042,
0.000142, 3.432328e-018,0.000142, 0.000000e+000,0.000142, 0.000000e+000,0.000142, 1.875003e-041,
0.000145, 6.856112e-018,0.000145, 0.000000e+000,0.000145, 0.000000e+000,0.000145, 1.228446e-040,
0.000148, 1.349463e-017,0.000148, 0.000000e+000,0.000148, 0.000000e+000,0.000148, 7.729655e-040,
0.000151, 2.618113e-017,0.000151, 0.000000e+000,0.000151, 0.000000e+000,0.000151, 4.675494e-039,
0.000154, 5.008486e-017,0.000154, 0.000000e+000,0.000154, 0.000000e+000,0.000154, 2.721203e-038,
0.000158, 9.450558e-017,0.000158, 0.000000e+000,0.000158, 0.000000e+000,0.000158, 1.525289e-037,
0.000161, 1.759463e-016,0.000161, 0.000000e+000,0.000161, 0.000000e+000,0.000161, 8.241044e-037,
0.000164, 3.233026e-016,0.000164, 0.000000e+000,0.000164, 0.000000e+000,0.000164, 4.295585e-036,
0.000168, 5.865113e-016,0.000168, 0.000000e+000,0.000168, 0.000000e+000,0.000168, 2.161890e-035,
0.000171, 1.050775e-015,0.000171, 0.000000e+000,0.000171, 0.000000e+000,0.000171, 1.051399e-034,
0.000175, 1.859659e-015,0.000175, 0.000000e+000,0.000175, 0.000000e+000,0.000175, 4.945006e-034,
0.000179, 3.252141e-015,0.000179, 0.000000e+000,0.000179, 0.000000e+000,0.000179, 2.250944e-033,
0.000182, 5.621287e-015,0.000182, 0.000000e+000,0.000182, 0.000000e+000,0.000182, 9.923985e-033,
0.000186, 9.606119e-015,0.000186, 0.000000e+000,0.000186, 0.000000e+000,0.000186, 4.240794e-032,
0.000190, 1.623373e-014,0.000190, 0.000000e+000,0.000190, 0.000000e+000,0.000190, 1.757747e-031,
0.000194, 2.713664e-014,0.000194, 0.000000e+000,0.000194, 0.000000e+000,0.000194, 7.071539e-031,
0.000198, 4.488161e-014,0.000198, 0.000000e+000,0.000198, 0.000000e+000,0.000198, 2.763202e-030,
0.000202, 7.346138e-014,0.000202, 0.000000e+000,0.000202, 0.000000e+000,0.000202, 1.049391e-029,
0.000206, 1.190226e-013,0.000206, 0.000000e+000,0.000206, 0.000000e+000,0.000206, 3.875848e-029,
0.000211, 1.909321e-013,0.000211, 0.000000e+000,0.000211, 0.000000e+000,0.000211, 1.393065e-028,
0.000215, 3.033216e-013,0.000215, 0.000000e+000,0.000215, 0.000000e+000,0.000215, 4.875461e-028,
0.000219, 4.773063e-013,0.000219, 0.000000e+000,0.000219, 0.000000e+000,0.000219, 1.662484e-027,
0.000224, 7.441354e-013,0.000224, 0.000000e+000,0.000224, 0.000000e+000,0.000224, 5.526469e-027,
0.000229, 1.149628e-012,0.000229, 0.000000e+000,0.000229, 0.000000e+000,0.000229, 1.791975e-026,
0.000233, 1.760356e-012,0.000233, 0.000000e+000,0.000233, 0.000000e+000,0.000233, 5.670858e-026,
0.000238, 2.672185e-012,0.000238, 0.000000e+000,0.000238, 0.000000e+000,0.000238, 1.752394e-025,
0.000243, 4.021969e-012,0.000243, 0.000000e+000,0.000243, 0.000000e+000,0.000243, 5.290640e-025,
0.000248, 6.003412e-012,0.000248, 0.000000e+000,0.000248, 0.000000e+000,0.000248, 1.561350e-024,
0.000253, 8.888404e-012,0.000253, 0.000000e+000,0.000253, 0.000000e+000,0.000253, 4.506346e-024,
0.000258, 1.305549e-011,0.000258, 0.000000e+000,0.000258, 0.000000e+000,0.000258, 1.272601e-023,
0.000264, 1.902748e-011,0.000264, 0.000000e+000,0.000264, 0.000000e+000,0.000264, 3.518115e-023,
0.000269, 2.752085e-011,0.000269, 0.000000e+000,0.000269, 0.000000e+000,0.000269, 9.525311e-023,
0.000275, 3.950999e-011,0.000275, 0.000000e+000,0.000275, 0.000000e+000,0.000275, 2.526947e-022,
0.000280, 5.631011e-011,0.000280, 0.000000e+000,0.000280, 0.000000e+000,0.000280, 6.571327e-022,
0.000286, 7.968358e-011,0.000286, 0.000000e+000,0.000286, 0.000000e+000,0.000286, 1.675858e-021,
0.000292, 1.119750e-010,0.000292, 0.000000e+000,0.000292, 0.000000e+000,0.000292, 4.193065e-021,
0.000298, 1.562818e-010,0.000298, 0.000000e+000,0.000298, 0.000000e+000,0.000298, 1.029710e-020,
0.000304, 2.166679e-010,0.000304, 0.000000e+000,0.000304, 0.000000e+000,0.000304, 2.482914e-020,
0.000310, 2.984296e-010,0.000310, 0.000000e+000,0.000310, 0.000000e+000,0.000310, 5.880880e-020,
0.000317, 4.084238e-010,0.000317, 0.000000e+000,0.000317, 0.000000e+000,0.000317, 1.368747e-019,
0.000323, 5.554714e-010,0.000323, 0.000000e+000,0.000323, 0.000000e+000,0.000323, 3.131607e-019,
0.000330, 7.508474e-010,0.000330, 0.000000e+000,0.000330, 0.000000e+000,0.000330, 7.045842e-019,
0.000336, 1.008876e-009,0.000336, 0.000000e+000,0.000336, 0.000000e+000,0.000336, 1.559465e-018,
0.000343, 1.347644e-009,0.000343, 0.000000e+000,0.000343, 0.000000e+000,0.000343, 3.396620e-018,
0.000350, 1.789858e-009,0.000350, 0.000000e+000,0.000350, 0.000000e+000,0.000350, 7.282745e-018,
0.000358, 2.363851e-009,0.000358, 0.000000e+000,0.000358, 0.000000e+000,0.000358, 1.537676e-017,
0.000365, 3.104788e-009,0.000365, 0.000000e+000,0.000365, 1.571129e-321,0.000365, 3.198140e-017,
0.000372, 4.056061e-009,0.000372, 0.000000e+000,0.000372, 3.934442e-315,0.000372, 6.554379e-017,
0.000380, 5.270926e-009,0.000380, 0.000000e+000,0.000380, 7.284985e-309,0.000380, 1.324043e-016,
0.000388, 6.814402e-009,0.000388, 0.000000e+000,0.000388, 1.004785e-302,0.000388, 2.637188e-016,
0.000396, 8.765444e-009,0.000396, 0.000000e+000,0.000396, 1.038776e-296,0.000396, 5.180572e-016,
0.000404, 1.121945e-008,0.000404, 0.000000e+000,0.000404, 8.098747e-291,0.000404, 1.004010e-015,
0.000412, 1.429110e-008,0.000412, 0.000000e+000,0.000412, 4.790111e-285,0.000412, 1.920198e-015,
0.000420, 1.811759e-008,0.000420, 0.000000e+000,0.000420, 2.161879e-279,0.000420, 3.625114e-015,
0.000429, 2.286225e-008,0.000429, 0.000000e+000,0.000429, 7.487633e-274,0.000429, 6.757455e-015,
0.000438, 2.871859e-008,0.000438, 0.000000e+000,0.000438, 2.001243e-268,0.000438, 1.244073e-014,
0.000446, 3.591485e-008,0.000446, 0.000000e+000,0.000446, 4.150095e-263,0.000446, 2.262675e-014,
0.000456, 4.471902e-008,0.000456, 0.000000e+000,0.000456, 6.713161e-258,0.000456, 4.066520e-014,
0.000465, 5.544429e-008,0.000465, 0.000000e+000,0.000465, 8.514598e-253,0.000465, 7.223630e-014,
0.000474, 6.845519e-008,0.000474, 0.000000e+000,0.000474, 8.510916e-248,0.000474, 1.268602e-013,
0.000484, 8.417410e-008,0.000484, 0.000000e+000,0.000484, 6.737859e-243,0.000484, 2.203109e-013,
0.000494, 1.030884e-007,0.000494, 0.000000e+000,0.000494, 4.245333e-238,0.000494, 3.784322e-013,
0.000504, 1.257583e-007,0.000504, 0.000000e+000,0.000504, 2.138998e-233,0.000504, 6.431024e-013,
0.000514, 1.528249e-007,0.000514, 0.000000e+000,0.000514, 8.658380e-229,0.000514, 1.081456e-012,
0.000524, 1.850191e-007,0.000524, 0.000000e+000,0.000524, 2.828562e-224,0.000524, 1.799983e-012,
0.000535, 2.231709e-007,0.000535, 0.000000e+000,0.000535, 7.490819e-220,0.000535, 2.965865e-012,
0.000546, 2.682195e-007,0.000546, 0.000000e+000,0.000546, 1.615166e-215,0.000546, 4.838916e-012,
0.000557, 3.212231e-007,0.000557, 0.000000e+000,0.000557, 2.847593e-211,0.000557, 7.818919e-012,
0.000568, 3.833705e-007,0.000568, 0.000000e+000,0.000568, 4.122113e-207,0.000568, 1.251509e-011,
0.000580, 4.559915e-007,0.000580, 0.000000e+000,0.000580, 4.919404e-203,0.000580, 1.984697e-011,
0.000592, 5.405691e-007,0.000592, 0.000000e+000,0.000592, 4.859445e-199,0.000592, 3.118963e-011,
0.000604, 6.387510e-007,0.000604, 0.000000e+000,0.000604, 3.988745e-195,0.000604, 4.858064e-011,
0.000616, 7.523619e-007,0.000616, 0.000000e+000,0.000616, 2.730979e-191,0.000616, 7.501228e-011,
0.000628, 8.834156e-007,0.000628, 0.000000e+000,0.000628, 1.565506e-187,0.000628, 1.148405e-010,
0.000641, 1.034128e-006,0.000641, 0.000000e+000,0.000641, 7.541049e-184,0.000641, 1.743522e-010,
0.000654, 1.206927e-006,0.000654, 0.000000e+000,0.000654, 3.063393e-180,0.000654, 2.625449e-010,
0.000667, 1.404469e-006,0.000667, 0.000000e+000,0.000667, 1.053142e-176,0.000667, 3.921897e-010,
0.000681, 1.629648e-006,0.000681, 0.000000e+000,0.000681, 3.074481e-173,0.000681, 5.812681e-010,
0.000694, 1.885606e-006,0.000694, 0.000000e+000,0.000694, 7.647382e-170,0.000694, 8.548974e-010,
0.000708, 2.175749e-006,0.000708, 0.000000e+000,0.000708, 1.626052e-166,0.000708, 1.247892e-009,
0.000723, 2.503753e-006,0.000723, 0.000000e+000,0.000723, 2.965045e-163,0.000723, 1.808139e-009,
0.000737, 2.873578e-006,0.000737, 0.000000e+000,0.000737, 4.651232e-160,0.000737, 2.601023e-009,
0.000752, 3.289476e-006,0.000752, 0.000000e+000,0.000752, 6.296230e-157,0.000752, 3.715161e-009,
0.000767, 3.755998e-006,0.000767, 0.000000e+000,0.000767, 7.376950e-154,0.000767, 5.269811e-009,
0.000783, 4.278006e-006,0.000783, 0.000000e+000,0.000783, 7.503035e-151,0.000783, 7.424332e-009,
0.000799, 4.860678e-006,0.000799, 0.000000e+000,0.000799, 6.643765e-148,0.000799, 1.039022e-008,
0.000815, 5.509514e-006,0.000815, 0.000000e+000,0.000815, 5.136126e-145,0.000815, 1.444627e-008,
0.000831, 6.230340e-006,0.000831, 0.000000e+000,0.000831, 3.476181e-142,0.000831, 1.995757e-008,
0.000848, 7.029314e-006,0.000848, 0.000000e+000,0.000848, 2.065335e-139,0.000848, 2.739914e-008,
0.000865, 7.912928e-006,0.000865, 0.000000e+000,0.000865, 1.080069e-136,0.000865, 3.738510e-008,
0.000883, 8.888008e-006,0.000883, 0.000000e+000,0.000883, 4.984396e-134,0.000883, 5.070449e-008,
0.000901, 9.961718e-006,0.000901, 0.000000e+000,0.000901, 2.035063e-131,0.000901, 6.836491e-008,
0.000919, 1.114156e-005,0.000919, 0.000000e+000,0.000919, 7.369339e-129,0.000919, 9.164544e-008,
0.000937, 1.243535e-005,0.000937, 0.000000e+000,0.000937, 2.372590e-126,0.000937, 1.221602e-007,
0.000956, 1.385127e-005,0.000956, 0.000000e+000,0.000956, 6.807648e-124,0.000956, 1.619345e-007,
0.000975, 1.539779e-005,0.000975, 0.000000e+000,0.000975, 1.744884e-121,0.000975, 2.134954e-007,
0.000995, 1.708372e-005,0.000995, 0.000000e+000,0.000995, 4.004287e-119,0.000995, 2.799783e-007,
0.001015, 1.891820e-005,0.001015, 0.000000e+000,0.001015, 8.246055e-117,0.001015, 3.652527e-007,
0.001036, 2.091065e-005,0.001036, 0.000000e+000,0.001036, 1.527155e-114,0.001036, 4.740689e-007,
0.001056, 2.307082e-005,0.001056, 0.000000e+000,0.001056, 2.548997e-112,0.001056, 6.122278e-007,
0.001078, 2.540872e-005,0.001078, 0.000000e+000,0.001078, 3.842548e-110,0.001078, 7.867770e-007,
0.001099, 2.793470e-005,0.001099, 0.000000e+000,0.001099, 5.242381e-108,0.001099, 1.006237e-006,
0.001122, 3.065936e-005,0.001122, 0.000000e+000,0.001122, 6.485957e-106,0.001122, 1.280857e-006,
0.001144, 3.359356e-005,0.001144, 0.000000e+000,0.001144, 7.291467e-104,0.001144, 1.622907e-006,
0.001167, 3.674848e-005,0.001167, 0.000000e+000,0.001167, 7.462638e-102,0.001167, 2.047010e-006,
0.001191, 4.013552e-005,0.001191, 0.000000e+000,0.001191, 6.966756e-100,0.001191, 2.570505e-006,
0.001215, 4.376637e-005,0.001215, 0.000000e+000,0.001215, 5.943423e-098,0.001215, 3.213866e-006,
0.001239, 4.765297e-005,0.001239, 0.000000e+000,0.001239, 4.641957e-096,0.001239, 4.001158e-006,
0.001264, 5.180753e-005,0.001264, 0.000000e+000,0.001264, 3.325052e-094,0.001264, 4.960543e-006,
0.001289, 5.624251e-005,0.001289, 0.000000e+000,0.001289, 2.188199e-092,0.001289, 6.124836e-006,
0.001315, 6.097068e-005,0.001315, 0.000000e+000,0.001315, 1.325286e-090,0.001315, 7.532116e-006,
0.001342, 6.600504e-005,0.001342, 0.000000e+000,0.001342, 7.399359e-089,0.001342, 9.226383e-006,
0.001369, 7.135892e-005,0.001369, 0.000000e+000,0.001369, 3.814638e-087,0.001369, 1.125828e-005,
0.001396, 7.704595e-005,0.001396, 0.000000e+000,0.001396, 1.818802e-085,0.001396, 1.368584e-005,
0.001424, 8.308009e-005,0.001424, 0.000000e+000,0.001424, 8.032932e-084,0.001424, 1.657537e-005,
0.001453, 8.947568e-005,0.001453, 0.000000e+000,0.001453, 3.291467e-082,0.001453, 2.000225e-005,
0.001482, 9.624741e-005,0.001482, 0.000000e+000,0.001482, 1.253106e-080,0.001482, 2.405191e-005,
0.001512, 1.034104e-004,0.001512, 0.000000e+000,0.001512, 4.439268e-079,0.001512, 2.882081e-005,
0.001543, 1.109803e-004,0.001543, 0.000000e+000,0.001543, 1.465515e-077,0.001543, 3.441746e-005,
0.001574, 1.189733e-004,0.001574, 0.000000e+000,0.001574, 4.514824e-076,0.001574, 4.096348e-005,
0.001605, 1.274059e-004,0.001605, 0.000000e+000,0.001605, 1.299772e-074,0.001605, 4.859471e-005,
0.001637, 1.362956e-004,0.001637, 0.000000e+000,0.001637, 3.501559e-073,0.001637, 5.746239e-005,
0.001670, 1.456604e-004,0.001670, 0.000000e+000,0.001670, 8.838990e-072,0.001670, 6.773427e-005,
0.001704, 1.555190e-004,0.001704, 0.000000e+000,0.001704, 2.093431e-070,0.001704, 7.959587e-005,
0.001738, 1.658911e-004,0.001738, 0.000000e+000,0.001738, 4.657854e-069,0.001738, 9.325161e-005,
0.001773, 1.767974e-004,0.001773, 0.000000e+000,0.001773, 9.748295e-068,0.001773, 1.089261e-004,
0.001809, 1.882594e-004,0.001809, 0.000000e+000,0.001809, 1.921413e-066,0.001809, 1.268653e-004,
0.001845, 2.002998e-004,0.001845, 0.000000e+000,0.001845, 3.570958e-065,0.001845, 1.473378e-004,
0.001882, 2.129428e-004,0.001882, 0.000000e+000,0.001882, 6.265166e-064,0.001882, 1.706358e-004,
0.001920, 2.262136e-004,0.001920, 0.000000e+000,0.001920, 1.038881e-062,0.001920, 1.970765e-004,
0.001958, 2.401391e-004,0.001958, 0.000000e+000,0.001958, 1.629954e-061,0.001958, 2.270031e-004,
0.001998, 2.547477e-004,0.001998, 0.000000e+000,0.001998, 2.422383e-060,0.001998, 2.607857e-004,
0.002038, 2.700694e-004,0.002038, 0.000000e+000,0.002038, 3.413808e-059,0.002038, 2.988227e-004,
0.002079, 2.861364e-004,0.002079, 0.000000e+000,0.002079, 4.566948e-058,0.002079, 3.415412e-004,
0.002120, 3.029825e-004,0.002120, 0.000000e+000,0.002120, 5.805716e-057,0.002120, 3.893984e-004,
0.002163, 3.206439e-004,0.002163, 0.000000e+000,0.002163, 7.020553e-056,0.002163, 4.428818e-004,
0.002206, 3.391589e-004,0.002206, 0.000000e+000,0.002206, 8.083631e-055,0.002206, 5.025103e-004,
0.002251, 3.585683e-004,0.002251, 0.000000e+000,0.002251, 8.871281e-054,0.002251, 5.688343e-004,
0.002296, 3.789154e-004,0.002296, 0.000000e+000,0.002296, 9.288108e-053,0.002296, 6.424367e-004,
0.002342, 4.002462e-004,0.002342, 0.000000e+000,0.002342, 9.286179e-052,0.002342, 7.239326e-004,
0.002389, 4.226096e-004,0.002389, 0.000000e+000,0.002389, 8.873914e-051,0.002389, 8.139698e-004,
0.002437, 4.460573e-004,0.002437, 0.000000e+000,0.002437, 8.112469e-050,0.002437, 9.132287e-004,
0.002486, 4.706444e-004,0.002486, 0.000000e+000,0.002486, 7.101237e-049,0.002486, 1.022422e-003,
0.002536, 4.964290e-004,0.002536, 0.000000e+000,0.002536, 5.957082e-048,0.002536, 1.142296e-003,
0.002586, 5.234726e-004,0.002586, 0.000000e+000,0.002586, 4.793135e-047,0.002586, 1.273626e-003,
0.002638, 5.518404e-004,0.002638, 0.000000e+000,0.002638, 3.702138e-046,0.002638, 1.417222e-003,
0.002691, 5.816011e-004,0.002691, 0.000000e+000,0.002691, 2.747170e-045,0.002691, 1.573922e-003,
0.002745, 6.128271e-004,0.002745, 0.000000e+000,0.002745, 1.960037e-044,0.002745, 1.744594e-003,
0.002800, 6.455946e-004,0.002800, 0.000000e+000,0.002800, 1.345636e-043,0.002800, 1.930135e-003,
0.002857, 6.799840e-004,0.002857, 0.000000e+000,0.002857, 8.896264e-043,0.002857, 2.131471e-003,
0.002914, 7.160796e-004,0.002914, 0.000000e+000,0.002914, 5.667995e-042,0.002914, 2.349550e-003,
0.002972, 7.539697e-004,0.002972, 0.000000e+000,0.002972, 3.482665e-041,0.002972, 2.585350e-003,
0.003032, 7.937470e-004,0.003032, 0.000000e+000,0.003032, 2.065221e-040,0.003032, 2.839866e-003,
0.003093, 8.355084e-004,0.003093, 0.000000e+000,0.003093, 1.182768e-039,0.003093, 3.114119e-003,
0.003155, 8.793551e-004,0.003155, 0.000000e+000,0.003155, 6.546527e-039,0.003155, 3.409147e-003,
0.003218, 9.253927e-004,0.003218, 0.000000e+000,0.003218, 3.504239e-038,0.003218, 3.726006e-003,
0.003282, 9.737311e-004,0.003282, 0.000000e+000,0.003282, 1.815247e-037,0.003282, 4.065767e-003,
0.003348, 1.024485e-003,0.003348, 0.000000e+000,0.003348, 9.105818e-037,0.003348, 4.429513e-003,
0.003415, 1.077772e-003,0.003415, 0.000000e+000,0.003415, 4.426080e-036,0.003415, 4.818341e-003,
0.003484, 1.133717e-003,0.003484, 0.000000e+000,0.003484, 2.085967e-035,0.003484, 5.233353e-003,
0.003554, 1.192447e-003,0.003554, 0.000000e+000,0.003554, 9.537805e-035,0.003554, 5.675657e-003,
0.003625, 1.254094e-003,0.003625, 0.000000e+000,0.003625, 4.233525e-034,0.003625, 6.146367e-003,
0.003697, 1.318794e-003,0.003697, 0.000000e+000,0.003697, 1.825253e-033,0.003697, 6.646596e-003,
0.003772, 1.386689e-003,0.003772, 0.000000e+000,0.003772, 7.648227e-033,0.003772, 7.177456e-003,
0.003847, 1.457923e-003,0.003847, 0.000000e+000,0.003847, 3.116446e-032,0.003847, 7.740053e-003,
0.003924, 1.532645e-003,0.003924, 0.000000e+000,0.003924, 1.235546e-031,0.003924, 8.335489e-003,
0.004003, 1.611008e-003,0.004003, 0.000000e+000,0.004003, 4.768634e-031,0.004003, 8.964854e-003,
0.004083, 1.693171e-003,0.004083, 0.000000e+000,0.004083, 1.792645e-030,0.004083, 9.629227e-003,
0.004165, 1.779294e-003,0.004165, 0.000000e+000,0.004165, 6.567280e-030,0.004165, 1.032967e-002,
0.004248, 1.869542e-003,0.004248, 0.000000e+000,0.004248, 2.345787e-029,0.004248, 1.106724e-002,
0.004333, 1.964083e-003,0.004333, 0.000000e+000,0.004333, 8.173720e-029,0.004333, 1.184295e-002,
0.004420, 2.063092e-003,0.004420, 0.000000e+000,0.004420, 2.779659e-028,0.004420, 1.265782e-002,
0.004509, 2.166742e-003,0.004509, 0.000000e+000,0.004509, 9.230213e-028,0.004509, 1.351282e-002,
0.004599, 2.275213e-003,0.004599, 0.000000e+000,0.004599, 2.994223e-027,0.004599, 1.440890e-002,
0.004691, 2.388687e-003,0.004691, 0.000000e+000,0.004691, 9.493110e-027,0.004691, 1.534700e-002,
0.004785, 2.507349e-003,0.004785, 0.000000e+000,0.004785, 2.942935e-026,0.004785, 1.632801e-002,
0.004881, 2.631388e-003,0.004881, 0.000000e+000,0.004881, 8.924674e-026,0.004881, 1.735278e-002,
0.004979, 2.760993e-003,0.004979, 0.000000e+000,0.004979, 2.648694e-025,0.004979, 1.842215e-002,
0.005079, 2.896357e-003,0.005079, 0.000000e+000,0.005079, 7.696319e-025,0.005079, 1.953690e-002,
0.005180, 3.037676e-003,0.005180, 0.000000e+000,0.005180, 2.190418e-024,0.005180, 2.069778e-002,
0.005284, 3.185146e-003,0.005284, 0.000000e+000,0.005284, 6.108587e-024,0.005284, 2.190551e-002,
0.005390, 3.338967e-003,0.005390, 0.000000e+000,0.005390, 1.669928e-023,0.005390, 2.316076e-002,
0.005498, 3.499339e-003,0.005498, 0.000000e+000,0.005498, 4.476803e-023,0.005498, 2.446414e-002,
0.005608, 3.666464e-003,0.005608, 0.000000e+000,0.005608, 1.177385e-022,0.005608, 2.581624e-002,
0.005720, 3.840545e-003,0.005720, 0.000000e+000,0.005720, 3.038872e-022,0.005720, 2.721761e-002,
0.005835, 4.021786e-003,0.005835, 0.000000e+000,0.005835, 7.700346e-022,0.005835, 2.866872e-002,
0.005952, 4.210393e-003,0.005952, 0.000000e+000,0.005952, 1.916324e-021,0.005952, 3.017003e-002,
0.006071, 4.406570e-003,0.006071, 0.000000e+000,0.006071, 4.685352e-021,0.006071, 3.172193e-002,
0.006193, 4.610523e-003,0.006193, 0.000000e+000,0.006193, 1.125852e-020,0.006193, 3.332476e-002,
0.006317, 4.822457e-003,0.006317, 0.000000e+000,0.006317, 2.659706e-020,0.006317, 3.497884e-002,
0.006443, 5.042579e-003,0.006443, 0.000000e+000,0.006443, 6.179377e-020,0.006443, 3.668440e-002,
0.006572, 5.271092e-003,0.006572, 0.000000e+000,0.006572, 1.412396e-019,0.006572, 3.844166e-002,
0.006704, 5.508202e-003,0.006704, 0.000000e+000,0.006704, 3.176933e-019,0.006704, 4.025075e-002,
0.006838, 5.754111e-003,0.006838, 0.000000e+000,0.006838, 7.034548e-019,0.006838, 4.211180e-002,
0.006975, 6.009022e-003,0.006975, 0.000000e+000,0.006975, 1.533821e-018,0.006975, 4.402485e-002,
0.007114, 6.273135e-003,0.007114, 0.000000e+000,0.007114, 3.294238e-018,0.007114, 4.598990e-002,
0.007257, 6.546650e-003,0.007257, 0.000000e+000,0.007257, 6.971167e-018,0.007257, 4.800692e-002,
0.007402, 6.829765e-003,0.007402, 0.000000e+000,0.007402, 1.453960e-017,0.007402, 5.007582e-002,
0.007550, 7.122674e-003,0.007550, 0.000000e+000,0.007550, 2.989642e-017,0.007550, 5.219646e-002,
0.007702, 7.425571e-003,0.007702, 0.000000e+000,0.007702, 6.062159e-017,0.007702, 5.436866e-002,
0.007856, 7.738646e-003,0.007856, 0.000000e+000,0.007856, 1.212538e-016,0.007856, 5.659218e-002,
0.008013, 8.062086e-003,0.008013, 0.000000e+000,0.008013, 2.392985e-016,0.008013, 5.886676e-002,
0.008173, 8.396078e-003,0.008173, 0.000000e+000,0.008173, 4.660959e-016,0.008173, 6.119207e-002,
0.008337, 8.740801e-003,0.008337, 0.000000e+000,0.008337, 8.962167e-016,0.008337, 6.356776e-002,
0.008504, 9.096436e-003,0.008504, 0.000000e+000,0.008504, 1.701622e-015,0.008504, 6.599343e-002,
0.008674, 9.463155e-003,0.008674, 0.000000e+000,0.008674, 3.191046e-015,0.008674, 6.846863e-002,
0.008848, 9.841130e-003,0.008848, 0.000000e+000,0.008848, 5.911917e-015,0.008848, 7.099288e-002,
0.009025, 1.023053e-002,0.009025, 0.000000e+000,0.009025, 1.082311e-014,0.009025, 7.356566e-002,
0.009206, 1.063151e-002,0.009206, 0.000000e+000,0.009206, 1.958421e-014,0.009206, 7.618641e-002,
0.009390, 1.104424e-002,0.009390, 0.000000e+000,0.009390, 3.503397e-014,0.009390, 7.885455e-002,
0.009578, 1.146887e-002,0.009578, 0.000000e+000,0.009578, 6.197256e-014,0.009578, 8.156944e-002,
0.009769, 1.190555e-002,0.009769, 0.000000e+000,0.009769, 1.084256e-013,0.009769, 8.433042e-002,
0.009965, 1.235441e-002,0.009965, 0.000000e+000,0.009965, 1.876635e-013,0.009965, 8.713680e-002,
0.010164, 1.281561e-002,0.010164, 0.000000e+000,0.010164, 3.213924e-013,0.010164, 8.998787e-002,
0.010368, 1.328928e-002,0.010368, 0.000000e+000,0.010368, 5.447395e-013,0.010368, 9.288286e-002,
0.010575, 1.377554e-002,0.010575, 0.000000e+000,0.010575, 9.139614e-013,0.010575, 9.582101e-002,
0.010787, 1.427452e-002,0.010787, 0.000000e+000,0.010787, 1.518235e-012,0.010787, 9.880152e-002,
0.011003, 1.478634e-002,0.011003, 0.000000e+000,0.011003, 2.497511e-012,0.011003, 1.018235e-001,
0.011223, 1.531111e-002,0.011223, 0.000000e+000,0.011223, 4.069262e-012,0.011223, 1.048863e-001,
0.011448, 1.584893e-002,0.011448, 0.000000e+000,0.011448, 6.568186e-012,0.011448, 1.079888e-001,
0.011677, 1.639992e-002,0.011677, 0.000000e+000,0.011677, 1.050453e-011,0.011677, 1.111302e-001,
0.011911, 1.696415e-002,0.011911, 0.000000e+000,0.011911, 1.664898e-011,0.011911, 1.143096e-001,
0.012149, 1.754173e-002,0.012149, 0.000000e+000,0.012149, 2.615501e-011,0.012149, 1.175262e-001,
0.012392, 1.813273e-002,0.012392, 0.000000e+000,0.012392, 4.073372e-011,0.012392, 1.207788e-001,
0.012640, 1.873723e-002,0.012640, 0.000000e+000,0.012640, 6.290114e-011,0.012640, 1.240667e-001,
0.012893, 1.935531e-002,0.012893, 0.000000e+000,0.012893, 9.632541e-011,0.012893, 1.273887e-001,
0.013151, 1.998702e-002,0.013151, 0.000000e+000,0.013151, 1.463093e-010,0.013151, 1.307441e-001,
0.013414, 2.063242e-002,0.013414, 0.000000e+000,0.013414, 2.204556e-010,0.013414, 1.341316e-001,
0.013683, 2.129156e-002,0.013683, 0.000000e+000,0.013683, 3.295768e-010,0.013683, 1.375505e-001,
0.013956, 2.196449e-002,0.013956, 0.000000e+000,0.013956, 4.889284e-010,0.013956, 1.409995e-001,
0.014236, 2.265125e-002,0.014236, 0.000000e+000,0.014236, 7.198675e-010,0.014236, 1.444779e-001,
0.014521, 2.335187e-002,0.014521, 0.000000e+000,0.014521, 1.052065e-009,0.014521, 1.479844e-001,
0.014811, 2.406637e-002,0.014811, 0.000000e+000,0.014811, 1.526436e-009,0.014811, 1.515182e-001,
0.015108, 2.479476e-002,0.015108, 0.000000e+000,0.015108, 2.198985e-009,0.015108, 1.550782e-001,
0.015410, 2.553708e-002,0.015410, 0.000000e+000,0.015410, 3.145818e-009,0.015410, 1.586633e-001,
0.015718, 2.629331e-002,0.015718, 1.976263e-323,0.015718, 4.469639e-009,0.015718, 1.622725e-001,
0.016033, 2.706346e-002,0.016033, 3.633625e-317,0.016033, 6.308072e-009,0.016033, 1.659049e-001,
0.016354, 2.784752e-002,0.016354, 5.704607e-311,0.016354, 8.844298e-009,0.016354, 1.695594e-001,
0.016681, 2.864547e-002,0.016681, 6.767463e-305,0.016681, 1.232050e-008,0.016681, 1.732350e-001,
0.017015, 2.945730e-002,0.017015, 6.100015e-299,0.017015, 1.705480e-008,0.017015, 1.769307e-001,
0.017355, 3.028299e-002,0.017355, 4.200338e-293,0.017355, 2.346235e-008,0.017355, 1.806454e-001,
0.017702, 3.112249e-002,0.017702, 2.221176e-287,0.017702, 3.208160e-008,0.017702, 1.843782e-001,
0.018056, 3.197576e-002,0.018056, 9.067326e-282,0.018056, 4.360654e-008,0.018056, 1.881280e-001,
0.018418, 3.284278e-002,0.018418, 2.871976e-276,0.018418, 5.892628e-008,0.018418, 1.918939e-001,
0.018786, 3.372347e-002,0.018786, 7.093358e-271,0.018786, 7.917310e-008,0.018786, 1.956749e-001,
0.019162, 3.461780e-002,0.019162, 1.372822e-265,0.019162, 1.057807e-007,0.019162, 1.994700e-001,
0.019546, 3.552568e-002,0.019546, 2.091935e-260,0.019546, 1.405538e-007,0.019546, 2.032782e-001,
0.019937, 3.644707e-002,0.019937, 2.521694e-255,0.019937, 1.857519e-007,0.019937, 2.070986e-001,
0.020335, 3.738188e-002,0.020335, 2.415717e-250,0.020335, 2.441879e-007,0.020335, 2.109303e-001,
0.020742, 3.833004e-002,0.020742, 1.847434e-245,0.020742, 3.193451e-007,0.020742, 2.147723e-001,
0.021157, 3.929147e-002,0.021157, 1.132876e-240,0.021157, 4.155139e-007,0.021157, 2.186237e-001,
0.021581, 4.026607e-002,0.021581, 5.594602e-236,0.021581, 5.379516e-007,0.021581, 2.224835e-001,
0.022012, 4.125375e-002,0.022012, 2.234480e-231,0.022012, 6.930675e-007,0.022012, 2.263509e-001,
0.022453, 4.225442e-002,0.022453, 7.247929e-227,0.022453, 8.886363e-007,0.022453, 2.302250e-001,
0.022902, 4.326797e-002,0.022902, 1.917151e-222,0.022902, 1.134043e-006,0.022902, 2.341049e-001,
0.023360, 4.429430e-002,0.023360, 4.151865e-218,0.023360, 1.440561e-006,0.023360, 2.379898e-001,
0.023828, 4.533329e-002,0.023828, 7.390609e-214,0.023828, 1.821670e-006,0.023828, 2.418787e-001,
0.024304, 4.638484e-002,0.024304, 1.085524e-209,0.024304, 2.293412e-006,0.024304, 2.457710e-001,
0.024790, 4.744883e-002,0.024790, 1.320565e-205,0.024790, 2.874790e-006,0.024790, 2.496657e-001,
0.025286, 4.852512e-002,0.025286, 1.335513e-201,0.025286, 3.588217e-006,0.025286, 2.535620e-001,
0.025792, 4.961361e-002,0.025792, 1.126888e-197,0.025792, 4.460013e-006,0.025792, 2.574592e-001,
0.026308, 5.071416e-002,0.026308, 7.961617e-194,0.026308, 5.520948e-006,0.026308, 2.613565e-001,
0.026835, 5.182663e-002,0.026835, 4.726335e-190,0.026835, 6.806847e-006,0.026835, 2.652531e-001,
0.027372, 5.295091e-002,0.027372, 2.365564e-186,0.027372, 8.359248e-006,0.027372, 2.691483e-001,
0.027919, 5.408684e-002,0.027919, 1.001584e-182,0.027919, 1.022612e-005,0.027919, 2.730414e-001,
0.028478, 5.523430e-002,0.028478, 3.599231e-179,0.028478, 1.246261e-005,0.028478, 2.769316e-001,
0.029047, 5.639314e-002,0.029047, 1.101286e-175,0.029047, 1.513193e-005,0.029047, 2.808182e-001,
0.029628, 5.756322e-002,0.029628, 2.878264e-172,0.029628, 1.830620e-005,0.029628, 2.847007e-001,
0.030221, 5.874439e-002,0.030221, 6.445336e-169,0.030221, 2.206740e-005,0.030221, 2.885782e-001,
0.030826, 5.993652e-002,0.030826, 1.240404e-165,0.030826, 2.650840e-005,0.030826, 2.924502e-001,
0.031442, 6.113945e-002,0.031442, 2.057672e-162,0.031442, 3.173401e-005,0.031442, 2.963159e-001,
0.032071, 6.235303e-002,0.032071, 2.950880e-159,0.032071, 3.786208e-005,0.032071, 3.001749e-001,
0.032713, 6.357711e-002,0.032713, 3.668866e-156,0.032713, 4.502467e-005,0.032713, 3.040265e-001,
0.033367, 6.481155e-002,0.033367, 3.965840e-153,0.033367, 5.336923e-005,0.033367, 3.078701e-001,
0.034035, 6.605620e-002,0.034035, 3.737281e-150,0.034035, 6.305987e-005,0.034035, 3.117051e-001,
0.034716, 6.731090e-002,0.034716, 3.078679e-147,0.034716, 7.427861e-005,0.034716, 3.155310e-001,
0.035410, 6.857550e-002,0.035410, 2.222846e-144,0.035410, 8.722668e-005,0.035410, 3.193472e-001,
0.036119, 6.984984e-002,0.036119, 1.410315e-141,0.036119, 1.021258e-004,0.036119, 3.231533e-001,
0.036841, 7.113379e-002,0.036841, 7.882938e-139,0.036841, 1.192196e-004,0.036841, 3.269486e-001,
0.037578, 7.242718e-002,0.037578, 3.891415e-136,0.037578, 1.387747e-004,0.037578, 3.307327e-001,
0.038330, 7.372986e-002,0.038330, 1.700730e-133,0.038330, 1.610823e-004,0.038330, 3.345052e-001,
0.039097, 7.504169e-002,0.039097, 6.596474e-131,0.039097, 1.864593e-004,0.039097, 3.382655e-001,
0.039879, 7.636251e-002,0.039879, 2.275918e-128,0.039879, 2.152495e-004,0.039879, 3.420132e-001,
0.040676, 7.769218e-002,0.040676, 7.001157e-126,0.040676, 2.478251e-004,0.040676, 3.457479e-001,
0.041490, 7.903054e-002,0.041490, 1.924562e-123,0.041490, 2.845874e-004,0.041490, 3.494692e-001,
0.042320, 8.037744e-002,0.042320, 4.738099e-121,0.042320, 3.259683e-004,0.042320, 3.531765e-001,
0.043167, 8.173274e-002,0.043167, 1.046958e-118,0.043167, 3.724310e-004,0.043167, 3.568696e-001,
0.044030, 8.309630e-002,0.044030, 2.080803e-116,0.044030, 4.244713e-004,0.044030, 3.605481e-001,
0.044911, 8.446796e-002,0.044911, 3.727484e-114,0.044911, 4.826178e-004,0.044911, 3.642115e-001,
0.045809, 8.584758e-002,0.045809, 6.030761e-112,0.045809, 5.474334e-004,0.045809, 3.678596e-001,
0.046725, 8.723503e-002,0.046725, 8.830208e-110,0.046725, 6.195154e-004,0.046725, 3.714920e-001,
0.047660, 8.863016e-002,0.047660, 1.172375e-107,0.047660, 6.994960e-004,0.047660, 3.751083e-001,
0.048614, 9.003282e-002,0.048614, 1.414151e-105,0.048614, 7.880428e-004,0.048614, 3.787083e-001,
0.049586, 9.144289e-002,0.049586, 1.552675e-103,0.049586, 8.858589e-004,0.049586, 3.822916e-001,
0.050578, 9.286022e-002,0.050578, 1.554623e-101,0.050578, 9.936829e-004,0.050578, 3.858580e-001,
0.051590, 9.428468e-002,0.051590, 1.422064e-099,0.051590, 1.112289e-003,0.051590, 3.894071e-001,
0.052621, 9.571614e-002,0.052621, 1.190519e-097,0.052621, 1.242487e-003,0.052621, 3.929388e-001,
0.053674, 9.715446e-002,0.053674, 9.137665e-096,0.053674, 1.385120e-003,0.053674, 3.964527e-001,
0.054748, 9.859952e-002,0.054748, 6.441099e-094,0.054748, 1.541067e-003,0.054748, 3.999486e-001,
0.055843, 1.000512e-001,0.055843, 4.176762e-092,0.055843, 1.711239e-003,0.055843, 4.034263e-001,
0.056960, 1.015093e-001,0.056960, 2.495683e-090,0.056960, 1.896581e-003,0.056960, 4.068855e-001,
0.058099, 1.029738e-001,0.058099, 1.376290e-088,0.058099, 2.098067e-003,0.058099, 4.103261e-001,
0.059261, 1.044445e-001,0.059261, 7.015990e-087,0.059261, 2.316704e-003,0.059261, 4.137478e-001,
0.060447, 1.059213e-001,0.060447, 3.311310e-085,0.060447, 2.553526e-003,0.060447, 4.171504e-001,
0.061656, 1.074041e-001,0.061656, 1.449116e-083,0.061656, 2.809592e-003,0.061656, 4.205338e-001,
0.062889, 1.088927e-001,0.062889, 5.889065e-082,0.062889, 3.085991e-003,0.062889, 4.238978e-001,
0.064147, 1.103871e-001,0.064147, 2.225689e-080,0.064147, 3.383832e-003,0.064147, 4.272423e-001,
0.065430, 1.118871e-001,0.065430, 7.833928e-079,0.065430, 3.704246e-003,0.065430, 4.305670e-001,
0.066739, 1.133927e-001,0.066739, 2.571591e-077,0.066739, 4.048383e-003,0.066739, 4.338719e-001,
0.068074, 1.149036e-001,0.068074, 7.883686e-076,0.068074, 4.417411e-003,0.068074, 4.371568e-001,
0.069435, 1.164198e-001,0.069435, 2.260207e-074,0.069435, 4.812513e-003,0.069435, 4.404215e-001,
0.070824, 1.179411e-001,0.070824, 6.067826e-073,0.070824, 5.234882e-003,0.070824, 4.436660e-001,
0.072241, 1.194675e-001,0.072241, 1.527381e-071,0.072241, 5.685722e-003,0.072241, 4.468902e-001,
0.073686, 1.209989e-001,0.073686, 3.609468e-070,0.073686, 6.166244e-003,0.073686, 4.500940e-001,
0.075160, 1.225350e-001,0.075160, 8.017922e-069,0.075160, 6.677662e-003,0.075160, 4.532772e-001,
0.076663, 1.240759e-001,0.076663, 1.676231e-067,0.076663, 7.221192e-003,0.076663, 4.564398e-001,
0.078196, 1.256215e-001,0.078196, 3.302015e-066,0.078196, 7.798050e-003,0.078196, 4.595817e-001,
0.079761, 1.271715e-001,0.079761, 6.136313e-065,0.079761, 8.409446e-003,0.079761, 4.627028e-001,
0.081356, 1.287259e-001,0.081356, 1.077007e-063,0.081356, 9.056583e-003,0.081356, 4.658031e-001,
0.082983, 1.302846e-001,0.082983, 1.787319e-062,0.082983, 9.740656e-003,0.082983, 4.688825e-001,
0.084643, 1.318476e-001,0.084643, 2.807618e-061,0.084643, 1.046284e-002,0.084643, 4.719410e-001,
0.086336, 1.334146e-001,0.086336, 4.179235e-060,0.086336, 1.122432e-002,0.086336, 4.749786e-001,
0.088063, 1.349856e-001,0.088063, 5.901187e-059,0.088063, 1.202621e-002,0.088063, 4.779951e-001,
0.089824, 1.365605e-001,0.089824, 7.912576e-058,0.089824, 1.286967e-002,0.089824, 4.809906e-001,
0.091621, 1.381392e-001,0.091621, 1.008498e-056,0.091621, 1.375578e-002,0.091621, 4.839650e-001,
0.093453, 1.397216e-001,0.093453, 1.223053e-055,0.093453, 1.468562e-002,0.093453, 4.869184e-001,
0.095323, 1.413076e-001,0.095323, 1.412713e-054,0.095323, 1.566025e-002,0.095323, 4.898507e-001,
0.097229, 1.428970e-001,0.097229, 1.555671e-053,0.097229, 1.668067e-002,0.097229, 4.927619e-001,
0.099174, 1.444899e-001,0.099174, 1.634729e-052,0.099174, 1.774788e-002,0.099174, 4.956520e-001,
0.101158, 1.460861e-001,0.101158, 1.640735e-051,0.101158, 1.886281e-002,0.101158, 4.985210e-001,
0.103181, 1.476856e-001,0.103181, 1.574303e-050,0.103181, 2.002637e-002,0.103181, 5.013689e-001,
0.105245, 1.492881e-001,0.105245, 1.445374e-049,0.105245, 2.123944e-002,0.105245, 5.041958e-001,
0.107350, 1.508938e-001,0.107350, 1.270841e-048,0.107350, 2.250285e-002,0.107350, 5.070016e-001,
0.109497, 1.525024e-001,0.109497, 1.071004e-047,0.109497, 2.381736e-002,0.109497, 5.097864e-001,
0.111687, 1.541138e-001,0.111687, 8.658478e-047,0.111687, 2.518374e-002,0.111687, 5.125502e-001,
0.113921, 1.557281e-001,0.113921, 6.720445e-046,0.113921, 2.660266e-002,0.113921, 5.152930e-001,
0.116200, 1.573451e-001,0.116200, 5.011969e-045,0.116200, 2.807477e-002,0.116200, 5.180150e-001,
0.118524, 1.589648e-001,0.118524, 3.594294e-044,0.118524, 2.960066e-002,0.118524, 5.207160e-001,
0.120894, 1.605870e-001,0.120894, 2.480549e-043,0.120894, 3.118089e-002,0.120894, 5.233962e-001,
0.123312, 1.622118e-001,0.123312, 1.648689e-042,0.123312, 3.281593e-002,0.123312, 5.260556e-001,
0.125779, 1.638390e-001,0.125779, 1.056106e-041,0.125779, 3.450625e-002,0.125779, 5.286943e-001,
0.128294, 1.654687e-001,0.128294, 6.524816e-041,0.128294, 3.625221e-002,0.128294, 5.313123e-001,
0.130861, 1.671007e-001,0.130861, 3.890720e-040,0.130861, 3.805417e-002,0.130861, 5.339097e-001,
0.133478, 1.687350e-001,0.133478, 2.240757e-039,0.133478, 3.991240e-002,0.133478, 5.364865e-001,
0.136148, 1.703715e-001,0.136148, 1.247266e-038,0.136148, 4.182712e-002,0.136148, 5.390428e-001,
0.138871, 1.720103e-001,0.138871, 6.714485e-038,0.138871, 4.379853e-002,0.138871, 5.415787e-001,
0.141648, 1.736513e-001,0.141648, 3.498170e-037,0.141648, 4.582673e-002,0.141648, 5.440942e-001,
0.144481, 1.752944e-001,0.144481, 1.764909e-036,0.144481, 4.791179e-002,0.144481, 5.465894e-001,
0.147371, 1.769397e-001,0.147371, 8.628407e-036,0.147371, 5.005373e-002,0.147371, 5.490644e-001,
0.150319, 1.785871e-001,0.150319, 4.090098e-035,0.150319, 5.225251e-002,0.150319, 5.515193e-001,
0.153325, 1.802366e-001,0.153325, 1.881024e-034,0.153325, 5.450804e-002,0.153325, 5.539541e-001,
0.156392, 1.818883e-001,0.156392, 8.397883e-034,0.156392, 5.682018e-002,0.156392, 5.563690e-001,
0.159520, 1.835421e-001,0.159520, 3.641773e-033,0.159520, 5.918873e-002,0.159520, 5.587639e-001,
0.162710, 1.851980e-001,0.162710, 1.534867e-032,0.162710, 6.161346e-002,0.162710, 5.611391e-001,
0.165965, 1.868561e-001,0.165965, 6.290513e-032,0.165965, 6.409405e-002,0.165965, 5.634946e-001,
0.169284, 1.885163e-001,0.169284, 2.508399e-031,0.169284, 6.663019e-002,0.169284, 5.658304e-001,
0.172670, 1.901788e-001,0.172670, 9.737225e-031,0.172670, 6.922147e-002,0.172670, 5.681467e-001,
0.176124, 1.918436e-001,0.176124, 3.681548e-030,0.176124, 7.186746e-002,0.176124, 5.704436e-001,
0.179646, 1.935107e-001,0.179646, 1.356458e-029,0.179646, 7.456769e-002,0.179646, 5.727212e-001,
0.183239, 1.951802e-001,0.183239, 4.872842e-029,0.183239, 7.732163e-002,0.183239, 5.749795e-001,
0.186904, 1.968521e-001,0.186904, 1.707551e-028,0.186904, 8.012872e-002,0.186904, 5.772187e-001,
0.190643, 1.985265e-001,0.190643, 5.839707e-028,0.190643, 8.298834e-002,0.190643, 5.794388e-001,
0.194456, 2.002035e-001,0.194456, 1.950032e-027,0.194456, 8.589986e-002,0.194456, 5.816400e-001,
0.198345, 2.018832e-001,0.198345, 6.361038e-027,0.198345, 8.886260e-002,0.198345, 5.838224e-001,
0.202312, 2.035657e-001,0.202312, 2.027911e-026,0.202312, 9.187583e-002,0.202312, 5.859861e-001,
0.206358, 2.052510e-001,0.206358, 6.321193e-026,0.206358, 9.493880e-002,0.206358, 5.881312e-001,
0.210486, 2.069394e-001,0.210486, 1.927390e-025,0.210486, 9.805072e-002,0.210486, 5.902577e-001,
0.214695, 2.086309e-001,0.214695, 5.751060e-025,0.214695, 1.012108e-001,0.214695, 5.923659e-001,
0.218990, 2.103256e-001,0.218990, 1.680031e-024,0.218990, 1.044181e-001,0.218990, 5.944557e-001,
0.223369, 2.120237e-001,0.223369, 4.806820e-024,0.223369, 1.076719e-001,0.223369, 5.965274e-001,
0.227837, 2.137252e-001,0.227837, 1.347553e-023,0.227837, 1.109711e-001,0.227837, 5.985810e-001,
0.232394, 2.154305e-001,0.232394, 3.703008e-023,0.232394, 1.143149e-001,0.232394, 6.006167e-001,
0.237042, 2.171395e-001,0.237042, 9.978231e-023,0.237042, 1.177024e-001,0.237042, 6.026344e-001,
0.241783, 2.188525e-001,0.241783, 2.637599e-022,0.241783, 1.211325e-001,0.241783, 6.046345e-001,
0.246619, 2.205696e-001,0.246619, 6.842006e-022,0.246619, 1.246042e-001,0.246619, 6.066170e-001,
0.251551, 2.222910e-001,0.251551, 1.742358e-021,0.251551, 1.281166e-001,0.251551, 6.085819e-001,
0.256582, 2.240168e-001,0.256582, 4.357396e-021,0.256582, 1.316686e-001,0.256582, 6.105294e-001,
0.261714, 2.257472e-001,0.261714, 1.070548e-020,0.261714, 1.352592e-001,0.261714, 6.124597e-001,
0.266949, 2.274825e-001,0.266949, 2.584792e-020,0.266949, 1.388872e-001,0.266949, 6.143728e-001,
0.272288, 2.292226e-001,0.272288, 6.135254e-020,0.272288, 1.425517e-001,0.272288, 6.162689e-001,
0.277734, 2.309680e-001,0.277734, 1.432096e-019,0.277734, 1.462515e-001,0.277734, 6.181480e-001,
0.283289, 2.327186e-001,0.283289, 3.288410e-019,0.283289, 1.499856e-001,0.283289, 6.200104e-001,
0.288955, 2.344748e-001,0.288955, 7.430419e-019,0.288955, 1.537528e-001,0.288955, 6.218560e-001,
0.294734, 2.362367e-001,0.294734, 1.652687e-018,0.294734, 1.575520e-001,0.294734, 6.236851e-001,
0.300629, 2.380044e-001,0.300629, 3.619526e-018,0.300629, 1.613822e-001,0.300629, 6.254977e-001,
0.306641, 2.397782e-001,0.306641, 7.807782e-018,0.306641, 1.652421e-001,0.306641, 6.272939e-001,
0.312774, 2.415582e-001,0.312774, 1.659385e-017,0.312774, 1.691308e-001,0.312774, 6.290739e-001,
0.319030, 2.433447e-001,0.319030, 3.475649e-017,0.319030, 1.730469e-001,0.319030, 6.308379e-001,
0.325411, 2.451378e-001,0.325411, 7.176585e-017,0.325411, 1.769895e-001,0.325411, 6.325858e-001,
0.331919, 2.469377e-001,0.331919, 1.461215e-016,0.331919, 1.809574e-001,0.331919, 6.343178e-001,
0.338558, 2.487445e-001,0.338558, 2.934562e-016,0.338558, 1.849495e-001,0.338558, 6.360341e-001,
0.345329, 2.505585e-001,0.345329, 5.814630e-016,0.345329, 1.889647e-001,0.345329, 6.377348e-001,
0.352236, 2.523798e-001,0.352236, 1.137011e-015,0.352236, 1.930017e-001,0.352236, 6.394200e-001,
0.359280, 2.542086e-001,0.359280, 2.194739e-015,0.359280, 1.970596e-001,0.359280, 6.410897e-001,
0.366466, 2.560451e-001,0.366466, 4.182990e-015,0.366466, 2.011372e-001,0.366466, 6.427441e-001,
0.373796, 2.578893e-001,0.373796, 7.873789e-015,0.373796, 2.052335e-001,0.373796, 6.443834e-001,
0.381272, 2.597415e-001,0.381272, 1.464129e-014,0.381272, 2.093472e-001,0.381272, 6.460076e-001,
0.388897, 2.616018e-001,0.388897, 2.690155e-014,0.388897, 2.134775e-001,0.388897, 6.476169e-001,
0.396675, 2.634704e-001,0.396675, 4.885160e-014,0.396675, 2.176230e-001,0.396675, 6.492114e-001,
0.404609, 2.653474e-001,0.404609, 8.769673e-014,0.404609, 2.217829e-001,0.404609, 6.507912e-001,
0.412701, 2.672329e-001,0.412701, 1.556642e-013,0.412701, 2.259560e-001,0.412701, 6.523563e-001,
0.420956, 2.691270e-001,0.420956, 2.732688e-013,0.420956, 2.301414e-001,0.420956, 6.539070e-001,
0.429375, 2.710300e-001,0.429375, 4.745495e-013,0.429375, 2.343379e-001,0.429375, 6.554433e-001,
0.437963, 2.729418e-001,0.437963, 8.153703e-013,0.437963, 2.385445e-001,0.437963, 6.569654e-001,
0.446722, 2.748626e-001,0.446722, 1.386437e-012,0.446722, 2.427603e-001,0.446722, 6.584734e-001,
0.455657, 2.767926e-001,0.455657, 2.333490e-012,0.455657, 2.469843e-001,0.455657, 6.599673e-001,
0.464770, 2.787317e-001,0.464770, 3.888291e-012,0.464770, 2.512154e-001,0.464770, 6.614474e-001,
0.474065, 2.806801e-001,0.474065, 6.415691e-012,0.474065, 2.554527e-001,0.474065, 6.629136e-001,
0.483547, 2.826378e-001,0.483547, 1.048439e-011,0.483547, 2.596953e-001,0.483547, 6.643662e-001,
0.493218, 2.846050e-001,0.493218, 1.697228e-011,0.493218, 2.639422e-001,0.493218, 6.658052e-001,
0.503083, 2.865817e-001,0.503083, 2.722161e-011,0.503083, 2.681925e-001,0.503083, 6.672307e-001,
0.513144, 2.885678e-001,0.513144, 4.326562e-011,0.513144, 2.724452e-001,0.513144, 6.686429e-001,
0.523407, 2.905636e-001,0.523407, 6.815605e-011,0.523407, 2.766996e-001,0.523407, 6.700419e-001,
0.533876, 2.925690e-001,0.533876, 1.064323e-010,0.533876, 2.809547e-001,0.533876, 6.714277e-001,
0.544553, 2.945841e-001,0.544553, 1.647876e-010,0.544553, 2.852097e-001,0.544553, 6.728006e-001,
0.555445, 2.966088e-001,0.555445, 2.530055e-010,0.555445, 2.894637e-001,0.555445, 6.741605e-001,
0.566554, 2.986432e-001,0.566554, 3.852659e-010,0.566554, 2.937159e-001,0.566554, 6.755076e-001,
0.577885, 3.006873e-001,0.577885, 5.819509e-010,0.577885, 2.979655e-001,0.577885, 6.768421e-001,
0.589443, 3.027411e-001,0.589443, 8.721185e-010,0.589443, 3.022118e-001,0.589443, 6.781639e-001,
0.601232, 3.048046e-001,0.601232, 1.296866e-009,0.601232, 3.064538e-001,0.601232, 6.794733e-001,
0.613256, 3.068777e-001,0.613256, 1.913863e-009,0.613256, 3.106910e-001,0.613256, 6.807703e-001,
0.625522, 3.089605e-001,0.625522, 2.803414e-009,0.625522, 3.149224e-001,0.625522, 6.820551e-001,
0.638032, 3.110528e-001,0.638032, 4.076498e-009,0.638032, 3.191476e-001,0.638032, 6.833277e-001,
0.650793, 3.131547e-001,0.650793, 5.885357e-009,0.650793, 3.233656e-001,0.650793, 6.845883e-001,
0.663809, 3.152661e-001,0.663809, 8.437323e-009,0.663809, 3.275758e-001,0.663809, 6.858369e-001,
0.677085, 3.173870e-001,0.677085, 1.201275e-008,0.677085, 3.317776e-001,0.677085, 6.870736e-001,
0.690627, 3.195173e-001,0.690627, 1.698808e-008,0.690627, 3.359704e-001,0.690627, 6.882986e-001,
0.704440, 3.216568e-001,0.704440, 2.386533e-008,0.704440, 3.401534e-001,0.704440, 6.895120e-001,
0.718529, 3.238057e-001,0.718529, 3.330950e-008,0.718529, 3.443260e-001,0.718529, 6.907138e-001,
0.732900, 3.259636e-001,0.732900, 4.619566e-008,0.732900, 3.484877e-001,0.732900, 6.919042e-001,
0.747558, 3.281306e-001,0.747558, 6.366791e-008,0.747558, 3.526379e-001,0.747558, 6.930833e-001,
0.762509, 3.303066e-001,0.762509, 8.721258e-008,0.762509, 3.567759e-001,0.762509, 6.942511e-001,
0.777760, 3.324914e-001,0.777760, 1.187486e-007,0.777760, 3.609013e-001,0.777760, 6.954078e-001,
0.793315, 3.346850e-001,0.793315, 1.607385e-007,0.793315, 3.650135e-001,0.793315, 6.965534e-001,
0.809181, 3.368872e-001,0.809181, 2.163230e-007,0.809181, 3.691120e-001,0.809181, 6.976881e-001,
0.825365, 3.390979e-001,0.825365, 2.894849e-007,0.825365, 3.731963e-001,0.825365, 6.988120e-001,
0.841873, 3.413171e-001,0.841873, 3.852453e-007,0.841873, 3.772659e-001,0.841873, 6.999251e-001,
0.858710, 3.435444e-001,0.858710, 5.098988e-007,0.858710, 3.813203e-001,0.858710, 7.010276e-001,
0.875885, 3.457799e-001,0.875885, 6.712924e-007,0.875885, 3.853591e-001,0.875885, 7.021194e-001,
0.893402, 3.480234e-001,0.893402, 8.791556e-007,0.893402, 3.893817e-001,0.893402, 7.032009e-001,
0.911271, 3.502747e-001,0.911271, 1.145487e-006,0.911271, 3.933879e-001,0.911271, 7.042719e-001,
0.929496, 3.525336e-001,0.929496, 1.485007e-006,0.929496, 3.973772e-001,0.929496, 7.053327e-001,
0.948086, 3.548002e-001,0.948086, 1.915681e-006,0.948086, 4.013492e-001,0.948086, 7.063833e-001,
0.967048, 3.570741e-001,0.967048, 2.459324e-006,0.967048, 4.053034e-001,0.967048, 7.074238e-001,
0.986389, 3.593552e-001,0.986389, 3.142297e-006,0.986389, 4.092397e-001,0.986389, 7.084543e-001,
1.006117, 3.616435e-001,1.006117, 3.996295e-006,1.006117, 4.131574e-001,1.006117, 7.094749e-001,
1.026240, 3.639386e-001,1.026240, 5.059247e-006,1.026240, 4.170565e-001,1.026240, 7.104856e-001,
1.046765, 3.662405e-001,1.046765, 6.376330e-006,1.046765, 4.209364e-001,1.046765, 7.114867e-001,
1.067700, 3.685490e-001,1.067700, 8.001106e-006,1.067700, 4.247970e-001,1.067700, 7.124780e-001,
1.089054, 3.708639e-001,1.089054, 9.996790e-006,1.089054, 4.286378e-001,1.089054, 7.134599e-001,
1.110835, 3.731851e-001,1.110835, 1.243766e-005,1.110835, 4.324587e-001,1.110835, 7.144322e-001,
1.133052, 3.755124e-001,1.133052, 1.541061e-005,1.133052, 4.362593e-001,1.133052, 7.153952e-001,
1.155713, 3.778456e-001,1.155713, 1.901686e-005,1.155713, 4.400393e-001,1.155713, 7.163489e-001,
1.178828, 3.801846e-001,1.178828, 2.337383e-005,1.178828, 4.437986e-001,1.178828, 7.172933e-001,
1.202405, 3.825292e-001,1.202405, 2.861716e-005,1.202405, 4.475369e-001,1.202405, 7.182287e-001,
1.226453, 3.848793e-001,1.226453, 3.490290e-005,1.226453, 4.512539e-001,1.226453, 7.191549e-001,
1.250982, 3.872347e-001,1.250982, 4.240989e-005,1.250982, 4.549494e-001,1.250982, 7.200723e-001,
1.276002, 3.895952e-001,1.276002, 5.134224e-005,1.276002, 4.586233e-001,1.276002, 7.209807e-001,
1.301522, 3.919607e-001,1.301522, 6.193205e-005,1.301522, 4.622753e-001,1.301522, 7.218804e-001,
1.327553, 3.943311e-001,1.327553, 7.444225e-005,1.327553, 4.659053e-001,1.327553, 7.227713e-001,
1.354104, 3.967061e-001,1.354104, 8.916955e-005,1.354104, 4.695130e-001,1.354104, 7.236536e-001,
1.381186, 3.990857e-001,1.381186, 1.064476e-004,1.381186, 4.730984e-001,1.381186, 7.245273e-001,
1.408810, 4.014697e-001,1.408810, 1.266502e-004,1.408810, 4.766612e-001,1.408810, 7.253926e-001,
1.436986, 4.038580e-001,1.436986, 1.501946e-004,1.436986, 4.802013e-001,1.436986, 7.262494e-001,
1.465726, 4.062505e-001,1.465726, 1.775453e-004,1.465726, 4.837186e-001,1.465726, 7.270980e-001,
1.495041, 4.086469e-001,1.495041, 2.092171e-004,1.495041, 4.872130e-001,1.495041, 7.279383e-001,
1.524942, 4.110473e-001,1.524942, 2.457788e-004,1.524942, 4.906843e-001,1.524942, 7.287704e-001,
1.555441, 4.134515e-001,1.555441, 2.878571e-004,1.555441, 4.941324e-001,1.555441, 7.295945e-001,
1.586550, 4.158593e-001,1.586550, 3.361400e-004,1.586550, 4.975572e-001,1.586550, 7.304105e-001,
1.618281, 4.182708e-001,1.618281, 3.913801e-004,1.618281, 5.009587e-001,1.618281, 7.312186e-001,
1.650647, 4.206857e-001,1.650647, 4.543988e-004,1.650647, 5.043368e-001,1.650647, 7.320188e-001,
1.683660, 4.231040e-001,1.683660, 5.260890e-004,1.683660, 5.076913e-001,1.683660, 7.328112e-001,
1.717333, 4.255257e-001,1.717333, 6.074190e-004,1.717333, 5.110223e-001,1.717333, 7.335959e-001,
1.751680, 4.279506e-001,1.751680, 6.994351e-004,1.751680, 5.143295e-001,1.751680, 7.343730e-001,
1.786714, 4.303787e-001,1.786714, 8.032652e-004,1.786714, 5.176131e-001,1.786714, 7.351425e-001,
1.822448, 4.328099e-001,1.822448, 9.201210e-004,1.822448, 5.208730e-001,1.822448, 7.359045e-001,
1.858897, 4.352442e-001,1.858897, 1.051301e-003,1.858897, 5.241091e-001,1.858897, 7.366590e-001,
1.896075, 4.376816e-001,1.896075, 1.198192e-003,1.896075, 5.273213e-001,1.896075, 7.374062e-001,
1.933997, 4.401219e-001,1.933997, 1.362272e-003,1.933997, 5.305097e-001,1.933997, 7.381461e-001,
1.972677, 4.425653e-001,1.972677, 1.545110e-003,1.972677, 5.336742e-001,1.972677, 7.388787e-001,
2.012131, 4.450115e-001,2.012131, 1.748370e-003,2.012131, 5.368149e-001,2.012131, 7.396042e-001,
2.052374, 4.474607e-001,2.052374, 1.973809e-003,2.052374, 5.399317e-001,2.052374, 7.403226e-001,
2.093421, 4.499129e-001,2.093421, 2.223279e-003,2.093421, 5.430246e-001,2.093421, 7.410340e-001,
2.135290, 4.523680e-001,2.135290, 2.498725e-003,2.135290, 5.460936e-001,2.135290, 7.417385e-001,
2.177996, 4.548260e-001,2.177996, 2.802187e-003,2.177996, 5.491387e-001,2.177996, 7.424360e-001,
2.221556, 4.572870e-001,2.221556, 3.135797e-003,2.221556, 5.521600e-001,2.221556, 7.431267e-001,
2.265987, 4.597510e-001,2.265987, 3.501779e-003,2.265987, 5.551574e-001,2.265987, 7.438106e-001,
2.311307, 4.622180e-001,2.311307, 3.902444e-003,2.311307, 5.581310e-001,2.311307, 7.444879e-001,
2.357533, 4.646880e-001,2.357533, 4.340190e-003,2.357533, 5.610808e-001,2.357533, 7.451585e-001,
2.404684, 4.671611e-001,2.404684, 4.817500e-003,2.404684, 5.640069e-001,2.404684, 7.458225e-001,
2.452778, 4.696374e-001,2.452778, 5.336935e-003,2.452778, 5.669092e-001,2.452778, 7.464801e-001,
2.501834, 4.721168e-001,2.501834, 5.901130e-003,2.501834, 5.697878e-001,2.501834, 7.471311e-001,
2.551870, 4.745994e-001,2.551870, 6.512794e-003,2.551870, 5.726429e-001,2.551870, 7.477758e-001,
2.602908, 4.770853e-001,2.602908, 7.174698e-003,2.602908, 5.754743e-001,2.602908, 7.484142e-001,
2.654966, 4.795746e-001,2.654966, 7.889677e-003,2.654966, 5.782822e-001,2.654966, 7.490345e-001,
2.708066, 4.820673e-001,2.708066, 8.660617e-003,2.708066, 5.810666e-001,2.708066, 7.496486e-001,
2.762227, 4.845634e-001,2.762227, 9.490453e-003,2.762227, 5.838276e-001,2.762227, 7.502567e-001,
2.817472, 4.870631e-001,2.817472, 1.038216e-002,2.817472, 5.865653e-001,2.817472, 7.508587e-001,
2.873822, 4.895663e-001,2.873822, 1.133875e-002,2.873822, 5.892796e-001,2.873822, 7.514549e-001,
2.931298, 4.920732e-001,2.931298, 1.236325e-002,2.931298, 5.919708e-001,2.931298, 7.520453e-001,
2.989924, 4.945837e-001,2.989924, 1.345872e-002,2.989924, 5.946388e-001,2.989924, 7.526298e-001,
3.049723, 4.970981e-001,3.049723, 1.462822e-002,3.049723, 5.972837e-001,3.049723, 7.532086e-001,
3.110718, 4.996162e-001,3.110718, 1.587481e-002,3.110718, 5.999057e-001,3.110718, 7.537817e-001,
3.172932, 5.021382e-001,3.172932, 1.720155e-002,3.172932, 6.025047e-001,3.172932, 7.543492e-001,
3.236391, 5.046642e-001,3.236391, 1.861149e-002,3.236391, 6.050810e-001,3.236391, 7.549112e-001,
3.301119, 5.071940e-001,3.301119, 2.010764e-002,3.301119, 6.075973e-001,3.301119, 7.554675e-001,
3.367141, 5.097279e-001,3.367141, 2.169299e-002,3.367141, 6.099691e-001,3.367141, 7.560185e-001,
3.434484, 5.122658e-001,3.434484, 2.337047e-002,3.434484, 6.123200e-001,3.434484, 7.565640e-001,
3.503174, 5.148078e-001,3.503174, 2.514297e-002,3.503174, 6.146500e-001,3.503174, 7.571041e-001,
3.573238, 5.173538e-001,3.573238, 2.701334e-002,3.573238, 6.169593e-001,3.573238, 7.576390e-001,
3.644703, 5.199038e-001,3.644703, 2.898432e-002,3.644703, 6.192480e-001,3.644703, 7.581685e-001,
3.717597, 5.224580e-001,3.717597, 3.105860e-002,3.717597, 6.215162e-001,3.717597, 7.586929e-001,
3.791949, 5.250161e-001,3.791949, 3.323879e-002,3.791949, 6.237639e-001,3.791949, 7.592121e-001,
3.867788, 5.275784e-001,3.867788, 3.552739e-002,3.867788, 6.259914e-001,3.867788, 7.597262e-001,
3.945144, 5.301446e-001,3.945144, 3.792679e-002,3.945144, 6.281987e-001,3.945144, 7.602352e-001,
4.024047, 5.327147e-001,4.024047, 4.043930e-002,4.024047, 6.303860e-001,4.024047, 7.607392e-001,
4.104528, 5.352888e-001,4.104528, 4.306709e-002,4.104528, 6.325532e-001,4.104528, 7.612382e-001,
4.186619, 5.378666e-001,4.186619, 4.581221e-002,4.186619, 6.347006e-001,4.186619, 7.617324e-001,
4.270351, 5.404482e-001,4.270351, 4.867658e-002,4.270351, 6.368283e-001,4.270351, 7.622216e-001,
4.355759, 5.430335e-001,4.355759, 5.166199e-002,4.355759, 6.389364e-001,4.355759, 7.627060e-001,
4.442874, 5.456223e-001,4.442874, 5.477008e-002,4.442874, 6.410250e-001,4.442874, 7.631857e-001,
4.531732, 5.482145e-001,4.531732, 5.800234e-002,4.531732, 6.430942e-001,4.531732, 7.636606e-001,
4.622366, 5.508100e-001,4.622366, 6.136011e-002,4.622366, 6.451441e-001,4.622366, 7.641308e-001,
4.714814, 5.534086e-001,4.714814, 6.484457e-002,4.714814, 6.471749e-001,4.714814, 7.645964e-001,
4.809110, 5.560102e-001,4.809110, 6.845675e-002,4.809110, 6.491866e-001,4.809110, 7.650574e-001,
4.905293, 5.586146e-001,4.905293, 7.219748e-002,4.905293, 6.511795e-001,4.905293, 7.655139e-001,
5.003399, 5.612216e-001,5.003399, 7.606746e-002,5.003399, 6.531535e-001,5.003399, 7.659658e-001,
5.103467, 5.638310e-001,5.103467, 8.006720e-002,5.103467, 6.551089e-001,5.103467, 7.664133e-001,
5.205536, 5.664425e-001,5.205536, 8.419704e-002,5.205536, 6.570457e-001,5.205536, 7.668563e-001,
5.309647, 5.690559e-001,5.309647, 8.845713e-002,5.309647, 6.589641e-001,5.309647, 7.672950e-001,
5.415840, 5.716710e-001,5.415840, 9.284747e-002,5.415840, 6.608642e-001,5.415840, 7.677293e-001,
5.524157, 5.742876e-001,5.524157, 9.736786e-002,5.524157, 6.627460e-001,5.524157, 7.681593e-001,
5.634641, 5.769052e-001,5.634641, 1.020179e-001,5.634641, 6.646098e-001,5.634641, 7.685851e-001,
5.747333, 5.795237e-001,5.747333, 1.067971e-001,5.747333, 6.664557e-001,5.747333, 7.690067e-001,
5.862280, 5.821427e-001,5.862280, 1.117047e-001,5.862280, 6.682837e-001,5.862280, 7.694241e-001,
5.979526, 5.847619e-001,5.979526, 1.167398e-001,5.979526, 6.700940e-001,5.979526, 7.698373e-001,
6.099117, 5.873810e-001,6.099117, 1.219014e-001,6.099117, 6.718867e-001,6.099117, 7.702465e-001,
6.221099, 5.899996e-001,6.221099, 1.271881e-001,6.221099, 6.736619e-001,6.221099, 7.706516e-001,
6.345521, 5.926174e-001,6.345521, 1.325985e-001,6.345521, 6.754198e-001,6.345521, 7.710527e-001,
6.472432, 5.952339e-001,6.472432, 1.381312e-001,6.472432, 6.771604e-001,6.472432, 7.714498e-001,
6.601881, 5.978488e-001,6.601881, 1.437842e-001,6.601881, 6.788840e-001,6.601881, 7.718430e-001,
6.733918, 6.004618e-001,6.733918, 1.495558e-001,6.733918, 6.805905e-001,6.733918, 7.722323e-001,
6.868597, 6.030723e-001,6.868597, 1.554438e-001,6.868597, 6.822801e-001,6.868597, 7.726177e-001,
7.005969, 6.056801e-001,7.005969, 1.614460e-001,7.005969, 6.839530e-001,7.005969, 7.729993e-001,
7.146089, 6.082846e-001,7.146089, 1.675601e-001,7.146089, 6.856093e-001,7.146089, 7.733771e-001,
7.289011, 6.108854e-001,7.289011, 1.737835e-001,7.289011, 6.872490e-001,7.289011, 7.737512e-001,
7.434791, 6.134821e-001,7.434791, 1.801135e-001,7.434791, 6.888724e-001,7.434791, 7.741215e-001,
7.583487, 6.160742e-001,7.583487, 1.865474e-001,7.583487, 6.904794e-001,7.583487, 7.744882e-001,
7.735157, 6.186613e-001,7.735157, 1.930823e-001,7.735157, 6.920703e-001,7.735157, 7.748512e-001,
7.889860, 6.212429e-001,7.889860, 1.997151e-001,7.889860, 6.936452e-001,7.889860, 7.752107e-001,
8.047657, 6.238186e-001,8.047657, 2.064427e-001,8.047657, 6.952041e-001,8.047657, 7.755665e-001,
8.208611, 6.263878e-001,8.208611, 2.132617e-001,8.208611, 6.967472e-001,8.208611, 7.759188e-001,
8.372783, 6.289501e-001,8.372783, 2.201689e-001,8.372783, 6.982746e-001,8.372783, 7.762676e-001,
8.540239, 6.315050e-001,8.540239, 2.271607e-001,8.540239, 6.997864e-001,8.540239, 7.766129e-001,
8.711044, 6.340519e-001,8.711044, 2.342335e-001,8.711044, 7.012828e-001,8.711044, 7.769548e-001,
8.885265, 6.365905e-001,8.885265, 2.413837e-001,8.885265, 7.027638e-001,8.885265, 7.772933e-001,
9.062970, 6.391202e-001,9.062970, 2.486076e-001,9.062970, 7.042295e-001,9.062970, 7.776284e-001,
9.244230, 6.416406e-001,9.244230, 2.559013e-001,9.244230, 7.056801e-001,9.244230, 7.779602e-001,
9.429115, 6.441510e-001,9.429115, 2.632610e-001,9.429115, 7.071157e-001,9.429115, 7.782887e-001,
9.617697, 6.466511e-001,9.617697, 2.706826e-001,9.617697, 7.085365e-001,9.617697, 7.786139e-001,
9.810051, 6.491403e-001,9.810051, 2.781623e-001,9.810051, 7.099424e-001,9.810051, 7.789358e-001,
10.006252, 6.516181e-001,10.006252, 2.856959e-001,10.006252, 7.113336e-001,10.006252, 7.792545e-001,
10.206378, 6.540840e-001,10.206378, 2.932794e-001,10.206378, 7.127103e-001,10.206378, 7.795701e-001,
10.410505, 6.565376e-001,10.410505, 3.009086e-001,10.410505, 7.140725e-001,10.410505, 7.798825e-001,
10.618716, 6.589783e-001,10.618716, 3.085794e-001,10.618716, 7.154203e-001,10.618716, 7.801918e-001,
10.831090, 6.614057e-001,10.831090, 3.162875e-001,10.831090, 7.167540e-001,10.831090, 7.804980e-001,
11.047712, 6.638193e-001,11.047712, 3.240288e-001,11.047712, 7.180735e-001,11.047712, 7.808011e-001,
11.268666, 6.662185e-001,11.268666, 3.317991e-001,11.268666, 7.191820e-001,11.268666, 7.811012e-001,
11.494040, 6.686030e-001,11.494040, 3.395941e-001,11.494040, 7.202734e-001,11.494040, 7.813983e-001,
11.723921, 6.709722e-001,11.723921, 3.474095e-001,11.723921, 7.217134e-001,11.723921, 7.816924e-001,
11.958399, 6.733257e-001,11.958399, 3.552413e-001,11.958399, 7.231967e-001,11.958399, 7.819836e-001,
12.197568, 6.756630e-001,12.197568, 3.630851e-001,12.197568, 7.246624e-001,12.197568, 7.822719e-001,
12.441519, 6.779837e-001,12.441519, 3.709368e-001,12.441519, 7.261106e-001,12.441519, 7.825573e-001,
12.690350, 6.802873e-001,12.690350, 3.787922e-001,12.690350, 7.275414e-001,12.690350, 7.828398e-001,
12.944157, 6.825735e-001,12.944157, 3.866472e-001,12.944157, 7.289549e-001,12.944157, 7.831195e-001,
13.203040, 6.848416e-001,13.203040, 3.944976e-001,13.203040, 7.303513e-001,13.203040, 7.833964e-001,
13.467101, 6.870915e-001,13.467101, 4.023393e-001,13.467101, 7.317306e-001,13.467101, 7.836705e-001,
13.736443, 6.893225e-001,13.736443, 4.101683e-001,13.736443, 7.330930e-001,13.736443, 7.839418e-001,
14.011172, 6.915344e-001,14.011172, 4.179807e-001,14.011172, 7.350026e-001,14.011172, 7.842104e-001,
14.291396, 6.937268e-001,14.291396, 4.257724e-001,14.291396, 7.365511e-001,14.291396, 7.844763e-001,
14.577224, 6.958992e-001,14.577224, 4.335396e-001,14.577224, 7.376773e-001,14.577224, 7.847396e-001,
14.868768, 6.980513e-001,14.868768, 4.412785e-001,14.868768, 7.387908e-001,14.868768, 7.850002e-001,
15.166144, 7.001827e-001,15.166144, 4.489852e-001,15.166144, 7.398916e-001,15.166144, 7.852582e-001,
15.469467, 7.022931e-001,15.469467, 4.566561e-001,15.469467, 7.409798e-001,15.469467, 7.855135e-001,
15.778856, 7.043822e-001,15.778856, 4.642875e-001,15.778856, 7.421656e-001,15.778856, 7.857664e-001,
16.094434, 7.064495e-001,16.094434, 4.718758e-001,16.094434, 7.433967e-001,16.094434, 7.860166e-001,
16.416323, 7.084949e-001,16.416323, 4.794176e-001,16.416323, 7.446269e-001,16.416323, 7.862644e-001,
16.744649, 7.105180e-001,16.744649, 4.869094e-001,16.744649, 7.458113e-001,16.744649, 7.865096e-001,
17.079542, 7.125185e-001,17.079542, 4.943480e-001,17.079542, 7.469950e-001,17.079542, 7.867523e-001,
17.421133, 7.144961e-001,17.421133, 5.017300e-001,17.421133, 7.481631e-001,17.421133, 7.869927e-001,
17.769556, 7.164506e-001,17.769556, 5.090523e-001,17.769556, 7.493158e-001,17.769556, 7.872305e-001,
18.124947, 7.183818e-001,18.124947, 5.163118e-001,18.124947, 7.504531e-001,18.124947, 7.874660e-001,
18.487447, 7.202893e-001,18.487447, 5.235056e-001,18.487447, 7.515752e-001,18.487447, 7.876991e-001,
18.857196, 7.221729e-001,18.857196, 5.306308e-001,18.857196, 7.526821e-001,18.857196, 7.879298e-001,
19.234340, 7.240326e-001,19.234340, 5.376845e-001,19.234340, 7.546350e-001,19.234340, 7.881582e-001,
19.619027, 7.258679e-001,19.619027, 5.446640e-001,19.619027, 7.567585e-001,19.619027, 7.883843e-001,
20.011407, 7.276788e-001,20.011407, 5.515669e-001,20.011407, 7.588208e-001,20.011407, 7.886081e-001,
20.411636, 7.294651e-001,20.411636, 5.583905e-001,20.411636, 7.600102e-001,20.411636, 7.888296e-001,
20.819868, 7.312267e-001,20.819868, 5.651324e-001,20.819868, 7.609342e-001,20.819868, 7.890489e-001,
21.236266, 7.329633e-001,21.236266, 5.717905e-001,21.236266, 7.618458e-001,21.236266, 7.892659e-001,
21.660991, 7.346749e-001,21.660991, 5.783624e-001,21.660991, 7.627450e-001,21.660991, 7.894808e-001,
22.094211, 7.363613e-001,22.094211, 5.848462e-001,22.094211, 7.636320e-001,22.094211, 7.896934e-001,
22.536096, 7.380225e-001,22.536096, 5.912397e-001,22.536096, 7.645068e-001,22.536096, 7.899039e-001,
22.986818, 7.396583e-001,22.986818, 5.975413e-001,22.986818, 7.653695e-001,22.986818, 7.901122e-001,
23.446554, 7.412687e-001,23.446554, 6.037490e-001,23.446554, 7.662202e-001,23.446554, 7.903185e-001,
23.915486, 7.428535e-001,23.915486, 6.098612e-001,23.915486, 7.670590e-001,23.915486, 7.905226e-001,
24.393796, 7.444129e-001,24.393796, 6.158764e-001,24.393796, 7.678860e-001,24.393796, 7.907246e-001,
24.881672, 7.459466e-001,24.881672, 6.217931e-001,24.881672, 7.687012e-001,24.881672, 7.909246e-001,
25.379305, 7.474548e-001,25.379305, 6.276099e-001,25.379305, 7.695049e-001,25.379305, 7.911225e-001,
25.886891, 7.489374e-001,25.886891, 6.333258e-001,25.886891, 7.702970e-001,25.886891, 7.913184e-001,
26.404629, 7.503943e-001,26.404629, 6.389394e-001,26.404629, 7.710776e-001,26.404629, 7.915123e-001,
26.932722, 7.518257e-001,26.932722, 6.444499e-001,26.932722, 7.718469e-001,26.932722, 7.917042e-001,
27.471377, 7.532315e-001,27.471377, 6.498562e-001,27.471377, 7.726049e-001,27.471377, 7.918941e-001,
28.020804, 7.546119e-001,28.020804, 6.551576e-001,28.020804, 7.733517e-001,28.020804, 7.920821e-001,
28.581221, 7.559667e-001,28.581221, 6.603534e-001,28.581221, 7.740874e-001,28.581221, 7.922681e-001,
29.152845, 7.572962e-001,29.152845, 6.654430e-001,29.152845, 7.748121e-001,29.152845, 7.924523e-001,
29.735902, 7.586004e-001,29.735902, 6.704259e-001,29.735902, 7.755188e-001,29.735902, 7.926345e-001,
30.330620, 7.598794e-001,30.330620, 6.753017e-001,30.330620, 7.760673e-001,30.330620, 7.928149e-001,
30.937233, 7.611333e-001,30.937233, 6.800700e-001,30.937233, 7.769208e-001,30.937233, 7.929934e-001,
31.555978, 7.623622e-001,31.555978, 6.847308e-001,31.555978, 7.775094e-001,31.555978, 7.931701e-001,
32.187098, 7.635662e-001,32.187098, 6.892838e-001,32.187098, 7.779420e-001,32.187098, 7.933449e-001,
32.830840, 7.647455e-001,32.830840, 6.937292e-001,32.830840, 7.783645e-001,32.830840, 7.935179e-001,
33.487457, 7.659003e-001,33.487457, 6.980669e-001,33.487457, 7.787825e-001,33.487457, 7.938441e-001,
34.157206, 7.670307e-001,34.157206, 7.022973e-001,34.157206, 7.793713e-001,34.157206, 7.945980e-001,
34.840350, 7.681368e-001,34.840350, 7.064205e-001,34.840350, 7.800606e-001,34.840350, 7.953175e-001,
35.537157, 7.692189e-001,35.537157, 7.104370e-001,35.537157, 7.807381e-001,35.537157, 7.960036e-001,
36.247901, 7.702772e-001,36.247901, 7.143471e-001,36.247901, 7.814038e-001,36.247901, 7.966573e-001,
36.972859, 7.713118e-001,36.972859, 7.181515e-001,36.972859, 7.820578e-001,36.972859, 7.972796e-001,
37.712316, 7.723230e-001,37.712316, 7.218508e-001,37.712316, 7.827003e-001,37.712316, 7.978715e-001,
38.466563, 7.733110e-001,38.466563, 7.254457e-001,38.466563, 7.830580e-001,38.466563, 7.984341e-001,
39.235894, 7.742760e-001,39.235894, 7.289369e-001,39.235894, 7.833960e-001,39.235894, 7.989683e-001,
40.020612, 7.752183e-001,40.020612, 7.323254e-001,40.020612, 7.837303e-001,40.020612, 7.994750e-001,
40.821024, 7.761381e-001,40.821024, 7.356121e-001,40.821024, 7.840610e-001,40.821024, 7.999554e-001,
41.637445, 7.770357e-001,41.637445, 7.387980e-001,41.637445, 7.843881e-001,41.637445, 8.004103e-001,
42.470194, 7.779113e-001,42.470194, 7.418842e-001,42.470194, 7.847117e-001,42.470194, 8.008406e-001,
43.319598, 7.787653e-001,43.319598, 7.448718e-001,43.319598, 7.850318e-001,43.319598, 8.012473e-001,
44.185990, 7.795978e-001,44.185990, 7.477621e-001,44.185990, 7.853483e-001,44.185990, 8.016314e-001,
45.069710, 7.804092e-001,45.069710, 7.505564e-001,45.069710, 7.856888e-001,45.069710, 8.019937e-001,
45.971105, 7.811998e-001,45.971105, 7.532560e-001,45.971105, 7.860888e-001,45.971105, 8.023351e-001,
46.890527, 7.819699e-001,46.890527, 7.558622e-001,46.890527, 7.863732e-001,46.890527, 8.026564e-001,
47.828338, 7.827197e-001,47.828338, 7.583766e-001,47.828338, 7.866546e-001,47.828338, 8.029586e-001,
48.784904, 7.834497e-001,48.784904, 7.602026e-001,48.784904, 7.869331e-001,48.784904, 8.032425e-001,
49.760603, 7.841600e-001,49.760603, 7.612297e-001,49.760603, 7.872085e-001,49.760603, 8.035089e-001,
50.755815, 7.848511e-001,50.755815, 7.622414e-001,50.755815, 7.874810e-001,50.755815, 8.037585e-001,
51.770931, 7.855232e-001,51.770931, 7.632379e-001,51.770931, 7.877589e-001,51.770931, 8.039923e-001,
52.806350, 7.861767e-001,52.806350, 7.642193e-001,52.806350, 7.880408e-001,52.806350, 8.042108e-001,
53.862477, 7.868118e-001,53.862477, 7.651858e-001,53.862477, 7.883019e-001,53.862477, 8.044150e-001,
54.939727, 7.874291e-001,54.939727, 7.661374e-001,54.939727, 7.885601e-001,54.939727, 8.046054e-001,
56.038522, 7.880287e-001,56.038522, 7.670743e-001,56.038522, 7.888435e-001,56.038522, 8.047828e-001,
57.159292, 7.886110e-001,57.159292, 7.679965e-001,57.159292, 7.891598e-001,57.159292, 8.049480e-001,
58.302478, 7.891764e-001,58.302478, 7.689042e-001,58.302478, 7.894306e-001,58.302478, 8.051014e-001,
59.468528, 7.897252e-001,59.468528, 7.697976e-001,59.468528, 7.896984e-001,59.468528, 8.052439e-001,
60.657899, 7.902577e-001,60.657899, 7.706766e-001,60.657899, 7.899632e-001,60.657899, 8.053759e-001,
61.871057, 7.907743e-001,61.871057, 7.715414e-001,61.871057, 7.909122e-001,61.871057, 8.054981e-001,
63.108478, 7.912754e-001,63.108478, 7.723922e-001,63.108478, 7.913777e-001,63.108478, 8.056111e-001,
64.370648, 7.917612e-001,64.370648, 7.732290e-001,64.370648, 7.917748e-001,64.370648, 8.057154e-001,
65.658061, 7.922322e-001,65.658061, 7.740991e-001,65.658061, 7.921648e-001,65.658061, 8.058115e-001,
66.971222, 7.926886e-001,66.971222, 7.751757e-001,66.971222, 7.925479e-001,66.971222, 8.059000e-001,
68.310647, 7.931309e-001,68.310647, 7.762275e-001,68.310647, 7.929240e-001,68.310647, 8.059813e-001,
69.676860, 7.935593e-001,69.676860, 7.772547e-001,69.676860, 7.932241e-001,69.676860, 8.060559e-001,
71.070397, 7.939743e-001,71.070397, 7.782576e-001,71.070397, 7.934083e-001,71.070397, 8.061243e-001,
72.491805, 7.943761e-001,72.491805, 7.792364e-001,72.491805, 7.935905e-001,72.491805, 8.061869e-001,
73.941642, 7.947650e-001,73.941642, 7.801916e-001,73.941642, 7.942165e-001,73.941642, 8.062440e-001,
75.420475, 7.951415e-001,75.420475, 7.811232e-001,75.420475, 7.947669e-001,75.420475, 8.062961e-001,
76.928884, 7.955059e-001,76.928884, 7.820317e-001,76.928884, 7.950903e-001,76.928884, 8.063435e-001,
78.467462, 7.958584e-001,78.467462, 7.829174e-001,78.467462, 7.953691e-001,78.467462, 8.063866e-001,
80.036812, 7.961994e-001,80.036812, 7.837804e-001,80.036812, 7.956913e-001,80.036812, 8.064257e-001,
81.637548, 7.965292e-001,81.637548, 7.846210e-001,81.637548, 7.960484e-001,81.637548, 8.064611e-001,
83.270299, 7.968482e-001,83.270299, 7.854397e-001,83.270299, 7.964517e-001,83.270299, 8.064931e-001,
84.935705, 7.971567e-001,84.935705, 7.862367e-001,84.935705, 7.968440e-001,84.935705, 8.065220e-001,
86.634420, 7.974549e-001,86.634420, 7.870122e-001,86.634420, 7.970095e-001,86.634420, 8.065479e-001,
88.367108, 7.977432e-001,88.367108, 7.877665e-001,88.367108, 7.971740e-001,88.367108, 8.065713e-001,
90.134450, 7.980219e-001,90.134450, 7.885001e-001,90.134450, 7.975479e-001,90.134450, 8.065923e-001,
91.937140, 7.982913e-001,91.937140, 7.892131e-001,91.937140, 7.981051e-001,91.937140, 8.066110e-001,
93.775882, 7.985516e-001,93.775882, 7.899059e-001,93.775882, 7.984353e-001,93.775882, 8.066278e-001,
95.651400, 7.988032e-001,95.651400, 7.905788e-001,95.651400, 7.985495e-001,95.651400, 8.066428e-001,
97.564428, 7.990463e-001,97.564428, 7.912218e-001,97.564428, 7.986624e-001,97.564428, 8.066561e-001,
99.515717, 7.992812e-001,99.515717, 7.915112e-001,99.515717, 7.989427e-001,99.515717, 8.066679e-001,
101.506032, 7.995081e-001,101.506032, 7.917969e-001,101.506032, 7.992970e-001,101.506032, 8.066783e-001,
103.536152, 7.997274e-001,103.536152, 7.920789e-001,103.536152, 7.996393e-001,103.536152, 8.066876e-001,
105.606876, 7.999393e-001,105.606876, 7.923572e-001,105.606876, 7.999697e-001,105.606876, 8.066957e-001,
107.719013, 8.001441e-001,107.719013, 7.926318e-001,107.719013, 8.002885e-001,107.719013, 8.067029e-001,
109.873394, 8.003419e-001,109.873394, 7.929028e-001,109.873394, 8.005960e-001,109.873394, 8.067092e-001,
112.070862, 8.005330e-001,112.070862, 7.931702e-001,112.070862, 8.008924e-001,112.070862, 8.067147e-001,
114.312279, 8.007177e-001,114.312279, 7.934340e-001,114.312279, 8.011779e-001,114.312279, 8.067195e-001,
116.598525, 8.008962e-001,116.598525, 7.936943e-001,116.598525, 8.014528e-001,116.598525, 8.067237e-001,
118.930496, 8.010687e-001,118.930496, 7.939511e-001,118.930496, 8.016449e-001,118.930496, 8.067273e-001,
121.309106, 8.012353e-001,121.309106, 7.942044e-001,121.309106, 8.017350e-001,121.309106, 8.067305e-001,
123.735288, 8.013964e-001,123.735288, 7.944542e-001,123.735288, 8.018240e-001,123.735288, 8.067332e-001,
126.209994, 8.015522e-001,126.209994, 7.947006e-001,126.209994, 8.019118e-001,126.209994, 8.067356e-001,
128.734194, 8.017027e-001,128.734194, 7.949436e-001,128.734194, 8.019986e-001,128.734194, 8.067376e-001,
131.308878, 8.018482e-001,131.308878, 7.951832e-001,131.308878, 8.020842e-001,131.308878, 8.067393e-001,
133.935056, 8.019890e-001,133.935056, 7.954195e-001,133.935056, 8.021688e-001,133.935056, 8.067408e-001,
136.613757, 8.021251e-001,136.613757, 7.957841e-001,136.613757, 8.022523e-001,136.613757, 8.067421e-001,
139.346032, 8.022567e-001,139.346032, 7.960168e-001,139.346032, 8.023831e-001,139.346032, 8.067431e-001,
142.132953, 8.023840e-001,142.132953, 7.962427e-001,142.132953, 8.025475e-001,142.132953, 8.067441e-001,
144.975612, 8.025072e-001,144.975612, 7.964653e-001,144.975612, 8.026502e-001,144.975612, 8.067448e-001,
147.875124, 8.026264e-001,147.875124, 7.966846e-001,147.875124, 8.028482e-001,147.875124, 8.067455e-001,
150.832627, 8.027417e-001,150.832627, 7.969008e-001,150.832627, 8.030138e-001,150.832627, 8.067460e-001,
153.849280, 8.028534e-001,153.849280, 7.971138e-001,153.849280, 8.031605e-001,153.849280, 8.067465e-001,
156.926266, 8.029615e-001,156.926266, 7.973236e-001,156.926266, 8.033151e-001,156.926266, 8.067468e-001,
160.064791, 8.030661e-001,160.064791, 7.975303e-001,160.064791, 8.034523e-001,160.064791, 8.067471e-001,
163.266087, 8.031675e-001,163.266087, 7.977338e-001,163.266087, 8.035757e-001,163.266087, 8.067474e-001,
166.531409, 8.032657e-001,166.531409, 7.979343e-001,166.531409, 8.037614e-001,166.531409, 8.067476e-001,
169.862037, 8.033608e-001,169.862037, 7.981318e-001,169.862037, 8.039457e-001,169.862037, 8.067478e-001,
173.259278, 8.034529e-001,173.259278, 7.983262e-001,173.259278, 8.041120e-001,173.259278, 8.067479e-001,
176.724464, 8.035423e-001,176.724464, 7.985176e-001,176.724464, 8.042527e-001,176.724464, 8.067481e-001,
180.258953, 8.036289e-001,180.258953, 7.987060e-001,180.258953, 8.043876e-001,180.258953, 8.067482e-001,
183.864133, 8.037128e-001,183.864133, 7.988915e-001,183.864133, 8.045168e-001,183.864133, 8.067482e-001,
187.541415, 8.037942e-001,187.541415, 7.990740e-001,187.541415, 8.046405e-001,187.541415, 8.067483e-001,
191.292244, 8.038732e-001,191.292244, 7.992537e-001,191.292244, 8.047589e-001,191.292244, 8.067483e-001,
195.118089, 8.039498e-001,195.118089, 7.994304e-001,195.118089, 8.048720e-001,195.118089, 8.067484e-001,
199.020451, 8.040242e-001,199.020451, 7.996043e-001,199.020451, 8.049800e-001,199.020451, 8.067484e-001,
203.000860, 8.040963e-001,203.000860, 7.997754e-001,203.000860, 8.050832e-001,203.000860, 8.067484e-001,
207.060877, 8.041663e-001,207.060877, 7.999436e-001,207.060877, 8.051816e-001,207.060877, 8.067485e-001,
211.202095, 8.042343e-001,211.202095, 8.001091e-001,211.202095, 8.052754e-001,211.202095, 8.067485e-001,
215.426137, 8.043004e-001,215.426137, 8.002718e-001,215.426137, 8.053647e-001,215.426137, 8.067485e-001,
219.734660, 8.043645e-001,219.734660, 8.004318e-001,219.734660, 8.054173e-001,219.734660, 8.067485e-001,
224.129353, 8.044268e-001,224.129353, 8.005891e-001,224.129353, 8.054481e-001,224.129353, 8.067485e-001,
228.611940, 8.044874e-001,228.611940, 8.007436e-001,228.611940, 8.054784e-001,228.611940, 8.067485e-001,
233.184179, 8.045462e-001,233.184179, 8.008955e-001,233.184179, 8.055082e-001,233.184179, 8.067485e-001,
237.847863, 8.046034e-001,237.847863, 8.010448e-001,237.847863, 8.055375e-001,237.847863, 8.067485e-001,
242.604821, 8.046590e-001,242.604821, 8.011704e-001,242.604821, 8.055693e-001,242.604821, 8.067485e-001,
247.456917, 8.047131e-001,247.456917, 8.012848e-001,247.456917, 8.056552e-001,247.456917, 8.067485e-001,
252.406056, 8.047657e-001,252.406056, 8.013976e-001,252.406056, 8.057359e-001,252.406056, 8.067485e-001,
257.454177, 8.048169e-001,257.454177, 8.015088e-001,257.454177, 8.058117e-001,257.454177, 8.067485e-001,
262.603261, 8.048667e-001,262.603261, 8.016184e-001,262.603261, 8.058829e-001,262.603261, 8.067485e-001,
267.855326, 8.049151e-001,267.855326, 8.017265e-001,267.855326, 8.059495e-001,267.855326, 8.067485e-001,
273.212433, 8.049623e-001,273.212433, 8.018330e-001,273.212433, 8.060119e-001,273.212433, 8.067485e-001,
278.676681, 8.050082e-001,278.676681, 8.019447e-001,278.676681, 8.060702e-001,278.676681, 8.067485e-001,
284.250215, 8.050529e-001,284.250215, 8.020816e-001,284.250215, 8.061247e-001,284.250215, 8.067485e-001,
289.935220, 8.050964e-001,289.935220, 8.022158e-001,289.935220, 8.061755e-001,289.935220, 8.067485e-001,
295.733924, 8.051388e-001,295.733924, 8.023473e-001,295.733924, 8.062228e-001,295.733924, 8.067485e-001,
301.648603, 8.051801e-001,301.648603, 8.024762e-001,301.648603, 8.062669e-001,301.648603, 8.067485e-001,
307.681575, 8.052203e-001,307.681575, 8.026024e-001,307.681575, 8.063078e-001,307.681575, 8.067485e-001,
313.835207, 8.052595e-001,313.835207, 8.027149e-001,313.835207, 8.063458e-001,313.835207, 8.067485e-001,
320.111911, 8.052978e-001,320.111911, 8.027864e-001,320.111911, 8.063811e-001,320.111911, 8.067485e-001,
326.514149, 8.053350e-001,326.514149, 8.028570e-001,326.514149, 8.064137e-001,326.514149, 8.067485e-001,
333.044433, 8.053714e-001,333.044433, 8.029268e-001,333.044433, 8.064438e-001,333.044433, 8.067485e-001,
339.705321, 8.054068e-001,339.705321, 8.029956e-001,339.705321, 8.064716e-001,339.705321, 8.067485e-001,
346.499428, 8.054413e-001,346.499428, 8.030636e-001,346.499428, 8.064973e-001,346.499428, 8.067485e-001,
353.429417, 8.054750e-001,353.429417, 8.031307e-001,353.429417, 8.065209e-001,353.429417, 8.067485e-001,
360.498005, 8.055079e-001,360.498005, 8.031970e-001,360.498005, 8.065427e-001,360.498005, 8.067485e-001,
367.707965, 8.055400e-001,367.707965, 8.032624e-001,367.707965, 8.065626e-001,367.707965, 8.067485e-001,
375.062125, 8.055713e-001,375.062125, 8.033342e-001,375.062125, 8.065809e-001,375.062125, 8.067485e-001,
382.563368, 8.056018e-001,382.563368, 8.034160e-001,382.563368, 8.065976e-001,382.563368, 8.067485e-001,
390.214635, 8.056316e-001,390.214635, 8.034965e-001,390.214635, 8.066129e-001,390.214635, 8.067485e-001,
398.018928, 8.056607e-001,398.018928, 8.035721e-001,398.018928, 8.066268e-001,398.018928, 8.067485e-001,
405.979307, 8.056892e-001,405.979307, 8.036368e-001,405.979307, 8.066395e-001,405.979307, 8.067485e-001,
414.098893, 8.057169e-001,414.098893, 8.037007e-001,414.098893, 8.066507e-001,414.098893, 8.067485e-001,
422.380871, 8.057440e-001,422.380871, 8.037636e-001,422.380871, 8.066602e-001,422.380871, 8.067485e-001,
430.828488, 8.057705e-001,430.828488, 8.038256e-001,430.828488, 8.066690e-001,430.828488, 8.067485e-001,
439.445058, 8.057963e-001,439.445058, 8.038868e-001,439.445058, 8.066769e-001,439.445058, 8.067485e-001,
448.233960, 8.058215e-001,448.233960, 8.039470e-001,448.233960, 8.066842e-001,448.233960, 8.067485e-001,
457.198639, 8.058462e-001,457.198639, 8.040064e-001,457.198639, 8.066908e-001,457.198639, 8.067485e-001,
466.342612, 8.058703e-001,466.342612, 8.040650e-001,466.342612, 8.066969e-001,466.342612, 8.067485e-001,
475.669464, 8.058938e-001,475.669464, 8.041227e-001,475.669464, 8.067024e-001,475.669464, 8.067485e-001,
485.182854, 8.059168e-001,485.182854, 8.041795e-001,485.182854, 8.067073e-001,485.182854, 8.067485e-001,
494.886511, 8.059393e-001,494.886511, 8.042355e-001,494.886511, 8.067119e-001,494.886511, 8.067485e-001,
504.784241, 8.059612e-001,504.784241, 8.042906e-001,504.784241, 8.067159e-001,504.784241, 8.067485e-001,
514.879926, 8.059827e-001,514.879926, 8.043449e-001,514.879926, 8.067196e-001,514.879926, 8.067485e-001,
525.177525, 8.060036e-001,525.177525, 8.043984e-001,525.177525, 8.067229e-001,525.177525, 8.067485e-001,
535.681076, 8.060241e-001,535.681076, 8.044511e-001,535.681076, 8.067259e-001,535.681076, 8.067485e-001,
546.394697, 8.060441e-001,546.394697, 8.045030e-001,546.394697, 8.067286e-001,546.394697, 8.067485e-001,
557.322592, 8.060637e-001,557.322592, 8.045540e-001,557.322592, 8.067310e-001,557.322592, 8.067485e-001,
568.469043, 8.060828e-001,568.469043, 8.046043e-001,568.469043, 8.067331e-001,568.469043, 8.067485e-001,
579.838425, 8.061015e-001,579.838425, 8.046538e-001,579.838425, 8.067350e-001,579.838425, 8.067485e-001,
591.435193, 8.061197e-001,591.435193, 8.047025e-001,591.435193, 8.067367e-001,591.435193, 8.067485e-001,
603.263897, 8.061375e-001,603.263897, 8.047504e-001,603.263897, 8.067382e-001,603.263897, 8.067485e-001,
615.329175, 8.061549e-001,615.329175, 8.047976e-001,615.329175, 8.067395e-001,615.329175, 8.067485e-001,
627.635759, 8.061719e-001,627.635759, 8.048439e-001,627.635759, 8.067407e-001,627.635759, 8.067485e-001,
640.188474, 8.061886e-001,640.188474, 8.048896e-001,640.188474, 8.067418e-001,640.188474, 8.067485e-001,
652.992244, 8.062048e-001,652.992244, 8.049345e-001,652.992244, 8.067427e-001,652.992244, 8.067485e-001,
666.052089, 8.062207e-001,666.052089, 8.049786e-001,666.052089, 8.067435e-001,666.052089, 8.067485e-001,
679.373131, 8.062362e-001,679.373131, 8.050220e-001,679.373131, 8.067442e-001,679.373131, 8.067485e-001,
692.960594, 8.062513e-001,692.960594, 8.050647e-001,692.960594, 8.067448e-001,692.960594, 8.067485e-001,
706.819806, 8.062661e-001,706.819806, 8.051066e-001,706.819806, 8.067453e-001,706.819806, 8.067485e-001,
720.956202, 8.062805e-001,720.956202, 8.051478e-001,720.956202, 8.067458e-001,720.956202, 8.067485e-001,
735.375326, 8.062946e-001,735.375326, 8.051884e-001,735.375326, 8.067462e-001,735.375326, 8.067485e-001,
750.082833, 8.063083e-001,750.082833, 8.052282e-001,750.082833, 8.067466e-001,750.082833, 8.067485e-001,
765.084490, 8.063217e-001,765.084490, 8.052673e-001,765.084490, 8.067469e-001,765.084490, 8.067485e-001,
780.386180, 8.063348e-001,780.386180, 8.053057e-001,780.386180, 8.067471e-001,780.386180, 8.067485e-001,
795.993903, 8.063476e-001,795.993903, 8.053434e-001,795.993903, 8.067473e-001,795.993903, 8.067485e-001,
811.913782, 8.063601e-001,811.913782, 8.053805e-001,811.913782, 8.067475e-001,811.913782, 8.067485e-001,
828.152057, 8.063722e-001,828.152057, 8.054169e-001,828.152057, 8.067477e-001,828.152057, 8.067485e-001,
844.715099, 8.063841e-001,844.715099, 8.054526e-001,844.715099, 8.067478e-001,844.715099, 8.067485e-001,
861.609401, 8.063957e-001,861.609401, 8.054876e-001,861.609401, 8.067479e-001,861.609401, 8.067485e-001,
878.841589, 8.064069e-001,878.841589, 8.055220e-001,878.841589, 8.067480e-001,878.841589, 8.067485e-001,
896.418421, 8.064179e-001,896.418421, 8.055558e-001,896.418421, 8.067481e-001,896.418421, 8.067485e-001,
914.346789, 8.064287e-001,914.346789, 8.055888e-001,914.346789, 8.067482e-001,914.346789, 8.067485e-001,
932.633725, 8.064391e-001,932.633725, 8.056213e-001,932.633725, 8.067483e-001,932.633725, 8.067485e-001,
951.286400, 8.064493e-001,951.286400, 8.056531e-001,951.286400, 8.067483e-001,951.286400, 8.067485e-001,
970.312128, 8.064592e-001,970.312128, 8.056844e-001,970.312128, 8.067483e-001,970.312128, 8.067485e-001,
989.718371, 8.064689e-001,989.718371, 8.057149e-001,989.718371, 8.067484e-001,989.718371, 8.067485e-001,
1009.512738, 8.064783e-001,1009.512738, 8.057449e-001,1009.512738, 8.067484e-001,1009.512738, 8.067485e-001,
1029.702993, 8.064874e-001,1029.702993, 8.057743e-001,1029.702993, 8.067484e-001,1029.702993, 8.067485e-001,
1050.297053, 8.064963e-001,1050.297053, 8.058031e-001,1050.297053, 8.067484e-001,1050.297053, 8.067485e-001,
1071.302995, 8.065050e-001,1071.302995, 8.058312e-001,1071.302995, 8.067485e-001,1071.302995, 8.067485e-001,
1092.729055, 8.065134e-001,1092.729055, 8.058588e-001,1092.729055, 8.067485e-001,1092.729055, 8.067485e-001,
1114.583636, 8.065216e-001,1114.583636, 8.058858e-001,1114.583636, 8.067485e-001,1114.583636, 8.067485e-001,
1136.875309, 8.065296e-001,1136.875309, 8.059123e-001,1136.875309, 8.067485e-001,1136.875309, 8.067485e-001,
1159.612815, 8.065374e-001,1159.612815, 8.059381e-001,1159.612815, 8.067485e-001,1159.612815, 8.067485e-001,
1182.805072, 8.065449e-001,1182.805072, 8.059634e-001,1182.805072, 8.067485e-001,1182.805072, 8.067485e-001,
1206.461173, 8.065523e-001,1206.461173, 8.059882e-001,1206.461173, 8.067485e-001,1206.461173, 8.067485e-001,
1230.590397, 8.065594e-001,1230.590397, 8.060124e-001,1230.590397, 8.067485e-001,1230.590397, 8.067485e-001,
1255.202205, 8.065663e-001,1255.202205, 8.060360e-001,1255.202205, 8.067485e-001,1255.202205, 8.067485e-001,
1280.306249, 8.065730e-001,1280.306249, 8.060591e-001,1280.306249, 8.067485e-001,1280.306249, 8.067485e-001,
1305.912374, 8.065795e-001,1305.912374, 8.060817e-001,1305.912374, 8.067485e-001,1305.912374, 8.067485e-001,
1332.030622, 8.065859e-001,1332.030622, 8.061038e-001,1332.030622, 8.067485e-001,1332.030622, 8.067485e-001,
1358.671234, 8.065920e-001,1358.671234, 8.061253e-001,1358.671234, 8.067485e-001,1358.671234, 8.067485e-001,
1385.844659, 8.065980e-001,1385.844659, 8.061464e-001,1385.844659, 8.067485e-001,1385.844659, 8.067485e-001,
1413.561553, 8.066037e-001,1413.561553, 8.061669e-001,1413.561553, 8.067485e-001,1413.561553, 8.067485e-001,
1441.832784, 8.066093e-001,1441.832784, 8.061869e-001,1441.832784, 8.067485e-001,1441.832784, 8.067485e-001,
1470.669440, 8.066148e-001,1470.669440, 8.062064e-001,1470.669440, 8.067485e-001,1470.669440, 8.067485e-001,
1500.082829, 8.066200e-001,1500.082829, 8.062255e-001,1500.082829, 8.067485e-001,1500.082829, 8.067485e-001,
1530.084485, 8.066251e-001,1530.084485, 8.062436e-001,1530.084485, 8.067485e-001,1530.084485, 8.067485e-001,
1560.686175, 8.066301e-001,1560.686175, 8.062602e-001,1560.686175, 8.067485e-001,1560.686175, 8.067485e-001,
1591.899899, 8.066348e-001,1591.899899, 8.062764e-001,1591.899899, 8.067485e-001,1591.899899, 8.067485e-001,
1623.737897, 8.066394e-001,1623.737897, 8.062922e-001,1623.737897, 8.067485e-001,1623.737897, 8.067485e-001,
1656.212655, 8.066439e-001,1656.212655, 8.063077e-001,1656.212655, 8.067485e-001,1656.212655, 8.067485e-001,
1689.336908, 8.066482e-001,1689.336908, 8.063227e-001,1689.336908, 8.067485e-001,1689.336908, 8.067485e-001,
1723.123647, 8.066524e-001,1723.123647, 8.063375e-001,1723.123647, 8.067485e-001,1723.123647, 8.067485e-001,
1757.586120, 8.066564e-001,1757.586120, 8.063518e-001,1757.586120, 8.067485e-001,1757.586120, 8.067485e-001,
1792.737842, 8.066604e-001,1792.737842, 8.063658e-001,1792.737842, 8.067485e-001,1792.737842, 8.067485e-001,
1828.592599, 8.066641e-001,1828.592599, 8.063794e-001,1828.592599, 8.067485e-001,1828.592599, 8.067485e-001,
1865.164451, 8.066678e-001,1865.164451, 8.063927e-001,1865.164451, 8.067485e-001,1865.164451, 8.067485e-001,
1902.467741, 8.066713e-001,1902.467741, 8.064057e-001,1902.467741, 8.067485e-001,1902.467741, 8.067485e-001,
1940.517096, 8.066747e-001,1940.517096, 8.064183e-001,1940.517096, 8.067485e-001,1940.517096, 8.067485e-001,
1979.327438, 8.066779e-001,1979.327438, 8.064305e-001,1979.327438, 8.067485e-001,1979.327438, 8.067485e-001,
2018.913987, 8.066811e-001,2018.913987, 8.064425e-001,2018.913987, 8.067485e-001,2018.913987, 8.067485e-001,
2059.292266, 8.066841e-001,2059.292266, 8.064541e-001,2059.292266, 8.067485e-001,2059.292266, 8.067485e-001,
2100.478112, 8.066870e-001,2100.478112, 8.064654e-001,2100.478112, 8.067485e-001,2100.478112, 8.067485e-001,
2142.487674, 8.066898e-001,2142.487674, 8.064763e-001,2142.487674, 8.067485e-001,2142.487674, 8.067485e-001,
2185.337428, 8.066926e-001,2185.337428, 8.064870e-001,2185.337428, 8.067485e-001,2185.337428, 8.067485e-001,
2229.044177, 8.066952e-001,2229.044177, 8.064974e-001,2229.044177, 8.067485e-001,2229.044177, 8.067485e-001,
2273.625060, 8.066977e-001,2273.625060, 8.065074e-001,2273.625060, 8.067485e-001,2273.625060, 8.067485e-001,
2319.097562, 8.067001e-001,2319.097562, 8.065171e-001,2319.097562, 8.067485e-001,2319.097562, 8.067485e-001,
2365.479513, 8.067024e-001,2365.479513, 8.065262e-001,2365.479513, 8.067485e-001,2365.479513, 8.067485e-001,
2412.789104, 8.067046e-001,2412.789104, 8.065351e-001,2412.789104, 8.067485e-001,2412.789104, 8.067485e-001,
2461.044886, 8.067068e-001,2461.044886, 8.065436e-001,2461.044886, 8.067485e-001,2461.044886, 8.067485e-001,
2510.265784, 8.067088e-001,2510.265784, 8.065520e-001,2510.265784, 8.067485e-001,2510.265784, 8.067485e-001,
2560.471099, 8.067108e-001,2560.471099, 8.065600e-001,2560.471099, 8.067485e-001,2560.471099, 8.067485e-001,
2611.680522, 8.067127e-001,2611.680522, 8.065679e-001,2611.680522, 8.067485e-001,2611.680522, 8.067485e-001,
2663.914132, 8.067145e-001,2663.914132, 8.065754e-001,2663.914132, 8.067485e-001,2663.914132, 8.067485e-001,
2717.192415, 8.067162e-001,2717.192415, 8.065828e-001,2717.192415, 8.067485e-001,2717.192415, 8.067485e-001,
2771.536263, 8.067179e-001,2771.536263, 8.065899e-001,2771.536263, 8.067485e-001,2771.536263, 8.067485e-001,
2826.966989, 8.067195e-001,2826.966989, 8.065968e-001,2826.966989, 8.067485e-001,2826.966989, 8.067485e-001,
2883.506329, 8.067210e-001,2883.506329, 8.066035e-001,2883.506329, 8.067485e-001,2883.506329, 8.067485e-001,
2941.176456, 8.067225e-001,2941.176456, 8.066099e-001,2941.176456, 8.067485e-001,2941.176456, 8.067485e-001,
2999.999985, 8.067239e-001,2999.999985, 8.066161e-001,2999.999985, 8.067485e-001,2999.999985, 8.067485e-001,
3059.999985, 8.067252e-001,3059.999985, 8.066222e-001,3059.999985, 8.067485e-001,3059.999985, 8.067485e-001,
