names, Aeration Controller, 
//t, Aeration Controller, 
0.000000, 4.000000e+01,
0.003472, 5.858753e+01,
0.006944, 6.446747e+01,
0.010417, 5.596125e+01,
0.013889, 4.023009e+01,
0.020833, 2.408274e+01,
0.024306, 2.003811e+00,
0.027778, 0.000000e+00,
0.031250, 0.000000e+00,
0.038194, 0.000000e+00,
0.041667, 0.000000e+00,
0.045139, 0.000000e+00,
0.048611, 0.000000e+00,
0.052083, 0.000000e+00,
0.055556, 0.000000e+00,
0.059028, 0.000000e+00,
0.062500, 0.000000e+00,
0.065972, 0.000000e+00,
0.072917, 0.000000e+00,
0.076389, 0.000000e+00,
0.079861, 0.000000e+00,
0.083333, 0.000000e+00,
0.086805, 0.000000e+00,
0.090278, 0.000000e+00,
0.093750, 0.000000e+00,
0.097222, 0.000000e+00,
0.100694, 0.000000e+00,
0.104167, 0.000000e+00,
0.107639, 0.000000e+00,
0.111111, 0.000000e+00,
0.114583, 0.000000e+00,
0.118055, 0.000000e+00,
0.121528, 0.000000e+00,
0.125000, 0.000000e+00,
0.128472, 0.000000e+00,
0.131944, 0.000000e+00,
0.135417, 0.000000e+00,
0.142361, 0.000000e+00,
0.145833, 0.000000e+00,
0.149305, 0.000000e+00,
0.152778, 0.000000e+00,
0.156250, 0.000000e+00,
0.159722, 0.000000e+00,
0.163194, 0.000000e+00,
0.166667, 0.000000e+00,
0.170139, 0.000000e+00,
0.173611, 0.000000e+00,
0.177083, 0.000000e+00,
0.180555, 0.000000e+00,
0.184028, 0.000000e+00,
0.187500, 0.000000e+00,
0.190972, 0.000000e+00,
0.194444, 0.000000e+00,
0.197917, 0.000000e+00,
0.201389, 0.000000e+00,
0.204861, 0.000000e+00,
0.208333, 0.000000e+00,
0.211805, 0.000000e+00,
0.215278, 0.000000e+00,
0.218750, 0.000000e+00,
0.222222, 0.000000e+00,
0.225694, 0.000000e+00,
0.229167, 0.000000e+00,
0.232639, 0.000000e+00,
0.236111, 0.000000e+00,
0.239583, 0.000000e+00,
0.243055, 0.000000e+00,
0.246528, 0.000000e+00,
0.250000, 0.000000e+00,
0.253472, 0.000000e+00,
0.256944, 0.000000e+00,
0.260416, 0.000000e+00,
0.263889, 0.000000e+00,
0.267361, 0.000000e+00,
0.270833, 0.000000e+00,
0.274305, 0.000000e+00,
0.277778, 0.000000e+00,
0.281250, 0.000000e+00,
0.284722, 0.000000e+00,
0.288194, 0.000000e+00,
0.291666, 0.000000e+00,
0.295139, 0.000000e+00,
0.298611, 0.000000e+00,
0.302083, 0.000000e+00,
0.305555, 0.000000e+00,
0.309028, 0.000000e+00,
0.312500, 0.000000e+00,
0.315972, 0.000000e+00,
0.319444, 0.000000e+00,
0.322916, 0.000000e+00,
0.326389, 0.000000e+00,
0.329861, 0.000000e+00,
0.333333, 0.000000e+00,
0.336805, 0.000000e+00,
0.340278, 0.000000e+00,
0.343750, 0.000000e+00,
0.347222, 0.000000e+00,
0.350694, 0.000000e+00,
0.354166, 0.000000e+00,
0.357639, 0.000000e+00,
0.361111, 0.000000e+00,
0.364583, 0.000000e+00,
0.368055, 0.000000e+00,
0.371528, 0.000000e+00,
0.375000, 0.000000e+00,
0.378472, 0.000000e+00,
0.381944, 0.000000e+00,
0.385416, 0.000000e+00,
0.388889, 0.000000e+00,
0.392361, 0.000000e+00,
0.395833, 0.000000e+00,
0.399305, 0.000000e+00,
0.402778, 0.000000e+00,
0.406250, 0.000000e+00,
0.409722, 0.000000e+00,
0.413194, 0.000000e+00,
0.416666, 0.000000e+00,
0.420139, 0.000000e+00,
0.423611, 0.000000e+00,
0.427083, 0.000000e+00,
0.430555, 0.000000e+00,
0.434027, 0.000000e+00,
0.437500, 0.000000e+00,
0.440972, 0.000000e+00,
0.444444, 0.000000e+00,
0.447916, 0.000000e+00,
0.451389, 0.000000e+00,
0.454861, 0.000000e+00,
0.458333, 0.000000e+00,
0.461805, 0.000000e+00,
0.465277, 0.000000e+00,
0.468750, 0.000000e+00,
0.472222, 0.000000e+00,
0.475694, 0.000000e+00,
0.479166, 0.000000e+00,
0.482639, 0.000000e+00,
0.486111, 0.000000e+00,
0.489583, 0.000000e+00,
0.493055, 0.000000e+00,
0.496527, 0.000000e+00,
0.500000, 0.000000e+00,
0.503472, 0.000000e+00,
0.506944, 0.000000e+00,
0.510416, 0.000000e+00,
0.513889, 0.000000e+00,
0.517361, 0.000000e+00,
0.520833, 0.000000e+00,
0.524305, 0.000000e+00,
0.527777, 0.000000e+00,
0.531250, 0.000000e+00,
0.534722, 0.000000e+00,
0.538194, 0.000000e+00,
0.541666, 0.000000e+00,
0.545139, 0.000000e+00,
0.548611, 0.000000e+00,
0.552083, 0.000000e+00,
0.555555, 0.000000e+00,
0.559027, 0.000000e+00,
0.562500, 0.000000e+00,
0.565972, 0.000000e+00,
0.569444, 0.000000e+00,
0.572916, 0.000000e+00,
0.576389, 0.000000e+00,
0.579861, 0.000000e+00,
0.583333, 0.000000e+00,
0.586805, 0.000000e+00,
0.590277, 0.000000e+00,
0.593750, 0.000000e+00,
0.597222, 0.000000e+00,
0.600694, 0.000000e+00,
0.604166, 0.000000e+00,
0.607638, 0.000000e+00,
0.611111, 0.000000e+00,
0.614583, 0.000000e+00,
0.618055, 0.000000e+00,
0.621527, 0.000000e+00,
0.625000, 0.000000e+00,
0.628472, 0.000000e+00,
0.631944, 0.000000e+00,
0.635416, 0.000000e+00,
0.638888, 0.000000e+00,
0.642361, 0.000000e+00,
0.645833, 0.000000e+00,
0.649305, 0.000000e+00,
0.652777, 0.000000e+00,
0.656250, 0.000000e+00,
0.659722, 0.000000e+00,
0.663194, 0.000000e+00,
0.666666, 0.000000e+00,
0.670138, 0.000000e+00,
0.673611, 0.000000e+00,
0.677083, 0.000000e+00,
0.680555, 0.000000e+00,
0.684027, 0.000000e+00,
0.687500, 0.000000e+00,
0.690972, 0.000000e+00,
0.694444, 0.000000e+00,
0.697916, 0.000000e+00,
0.701388, 0.000000e+00,
0.704861, 0.000000e+00,
0.708333, 0.000000e+00,
0.711805, 0.000000e+00,
0.715277, 0.000000e+00,
0.718750, 0.000000e+00,
0.722222, 0.000000e+00,
0.725694, 0.000000e+00,
0.729166, 0.000000e+00,
0.732638, 0.000000e+00,
0.736111, 0.000000e+00,
0.739583, 0.000000e+00,
0.743055, 0.000000e+00,
0.746527, 0.000000e+00,
0.750000, 0.000000e+00,
0.753472, 0.000000e+00,
0.756944, 0.000000e+00,
0.760416, 0.000000e+00,
0.763888, 0.000000e+00,
0.767361, 0.000000e+00,
0.770833, 0.000000e+00,
0.774305, 0.000000e+00,
0.777777, 0.000000e+00,
0.781249, 0.000000e+00,
0.784722, 0.000000e+00,
0.788194, 0.000000e+00,
0.791666, 0.000000e+00,
0.795138, 0.000000e+00,
0.798611, 0.000000e+00,
0.802083, 0.000000e+00,
0.805555, 0.000000e+00,
0.809027, 0.000000e+00,
0.812499, 0.000000e+00,
0.815972, 0.000000e+00,
0.819444, 0.000000e+00,
0.822916, 0.000000e+00,
0.826388, 0.000000e+00,
0.829861, 0.000000e+00,
0.833333, 0.000000e+00,
0.836805, 0.000000e+00,
0.840277, 0.000000e+00,
0.843749, 0.000000e+00,
0.847222, 0.000000e+00,
0.850694, 0.000000e+00,
0.854166, 0.000000e+00,
0.857638, 0.000000e+00,
0.861111, 0.000000e+00,
0.864583, 0.000000e+00,
0.868055, 0.000000e+00,
0.871527, 0.000000e+00,
0.874999, 0.000000e+00,
0.878472, 0.000000e+00,
0.881944, 0.000000e+00,
0.885416, 0.000000e+00,
0.888888, 0.000000e+00,
0.892361, 0.000000e+00,
0.895833, 0.000000e+00,
0.899305, 0.000000e+00,
0.902777, 0.000000e+00,
0.906249, 0.000000e+00,
0.909722, 0.000000e+00,
0.913194, 0.000000e+00,
0.916666, 0.000000e+00,
0.920138, 0.000000e+00,
0.923611, 0.000000e+00,
0.927083, 0.000000e+00,
0.930555, 0.000000e+00,
0.934027, 0.000000e+00,
0.937499, 0.000000e+00,
0.940972, 0.000000e+00,
0.944444, 0.000000e+00,
0.947916, 0.000000e+00,
0.951388, 0.000000e+00,
0.954861, 0.000000e+00,
0.958333, 0.000000e+00,
0.961805, 0.000000e+00,
0.965277, 0.000000e+00,
0.968749, 0.000000e+00,
0.972222, 0.000000e+00,
0.975694, 0.000000e+00,
0.979166, 0.000000e+00,
0.982638, 0.000000e+00,
0.986110, 0.000000e+00,
0.989583, 0.000000e+00,
0.993055, 0.000000e+00,
0.996527, 0.000000e+00,
0.999999, 0.000000e+00,
1.003472, 0.000000e+00,
1.006944, 0.000000e+00,
1.010416, 0.000000e+00,
1.013888, 0.000000e+00,
1.017360, 0.000000e+00,
1.020833, 0.000000e+00,
1.024305, 0.000000e+00,
1.027777, 0.000000e+00,
1.031249, 0.000000e+00,
1.034722, 0.000000e+00,
1.041666, 0.000000e+00,
1.045138, 0.000000e+00,
1.048610, 0.000000e+00,
1.052083, 0.000000e+00,
1.055555, 0.000000e+00,
1.059027, 0.000000e+00,
1.062499, 0.000000e+00,
1.065972, 0.000000e+00,
1.069444, 0.000000e+00,
1.072916, 0.000000e+00,
1.076388, 0.000000e+00,
1.079860, 0.000000e+00,
1.083333, 0.000000e+00,
1.086805, 0.000000e+00,
1.090277, 0.000000e+00,
1.093749, 0.000000e+00,
1.097222, 0.000000e+00,
1.100694, 0.000000e+00,
1.104166, 0.000000e+00,
1.107638, 0.000000e+00,
1.114583, 0.000000e+00,
1.118055, 0.000000e+00,
1.121527, 0.000000e+00,
1.124999, 0.000000e+00,
1.128471, 0.000000e+00,
1.131944, 0.000000e+00,
1.135416, 0.000000e+00,
1.138888, 0.000000e+00,
1.142360, 0.000000e+00,
1.145833, 0.000000e+00,
1.149305, 0.000000e+00,
1.152777, 0.000000e+00,
1.159721, 0.000000e+00,
1.163194, 0.000000e+00,
1.166666, 0.000000e+00,
1.170138, 0.000000e+00,
1.173610, 0.000000e+00,
1.177083, 0.000000e+00,
1.180555, 0.000000e+00,
1.184027, 0.000000e+00,
1.187499, 0.000000e+00,
1.190971, 0.000000e+00,
1.194444, 0.000000e+00,
1.197916, 0.000000e+00,
1.204860, 0.000000e+00,
1.208333, 0.000000e+00,
1.211805, 0.000000e+00,
1.215277, 0.000000e+00,
1.218749, 0.000000e+00,
1.222221, 0.000000e+00,
1.225694, 0.000000e+00,
1.229166, 0.000000e+00,
1.232638, 0.000000e+00,
1.236110, 0.000000e+00,
1.239583, 0.000000e+00,
1.243055, 0.000000e+00,
1.246527, 0.000000e+00,
1.249999, 0.000000e+00,
1.253471, 0.000000e+00,
1.256944, 0.000000e+00,
1.260416, 0.000000e+00,
1.263888, 0.000000e+00,
1.267360, 0.000000e+00,
1.270833, 0.000000e+00,
1.277777, 0.000000e+00,
1.281249, 0.000000e+00,
1.284721, 0.000000e+00,
1.288194, 0.000000e+00,
1.291666, 0.000000e+00,
1.295138, 0.000000e+00,
1.298610, 0.000000e+00,
1.302083, 0.000000e+00,
1.305555, 0.000000e+00,
1.309027, 0.000000e+00,
1.312499, 0.000000e+00,
1.315971, 0.000000e+00,
1.322916, 0.000000e+00,
1.326388, 0.000000e+00,
1.329860, 0.000000e+00,
1.333332, 0.000000e+00,
1.336805, 0.000000e+00,
1.340277, 0.000000e+00,
1.343749, 0.000000e+00,
1.347221, 0.000000e+00,
1.350694, 0.000000e+00,
1.354166, 0.000000e+00,
1.357638, 0.000000e+00,
1.361110, 0.000000e+00,
1.368055, 0.000000e+00,
1.371527, 0.000000e+00,
1.374999, 0.000000e+00,
1.378471, 0.000000e+00,
1.381944, 0.000000e+00,
1.385416, 0.000000e+00,
1.388888, 0.000000e+00,
1.392360, 0.000000e+00,
1.395832, 0.000000e+00,
1.399305, 0.000000e+00,
1.402777, 0.000000e+00,
1.406249, 0.000000e+00,
1.409721, 0.000000e+00,
1.413194, 0.000000e+00,
1.416666, 0.000000e+00,
1.420138, 0.000000e+00,
1.423610, 0.000000e+00,
1.427082, 0.000000e+00,
1.430555, 0.000000e+00,
1.434027, 0.000000e+00,
1.440971, 0.000000e+00,
1.444444, 0.000000e+00,
1.447916, 0.000000e+00,
1.451388, 0.000000e+00,
1.454860, 0.000000e+00,
1.458332, 0.000000e+00,
1.461805, 0.000000e+00,
1.465277, 0.000000e+00,
1.468749, 0.000000e+00,
1.472221, 0.000000e+00,
1.475693, 0.000000e+00,
1.479166, 0.000000e+00,
1.486110, 0.000000e+00,
1.489582, 0.000000e+00,
1.493055, 0.000000e+00,
1.496527, 0.000000e+00,
1.499999, 0.000000e+00,
1.503471, 0.000000e+00,
1.506943, 0.000000e+00,
1.510416, 0.000000e+00,
1.513888, 0.000000e+00,
1.517360, 0.000000e+00,
1.520832, 0.000000e+00,
1.524305, 0.000000e+00,
1.527777, 0.000000e+00,
1.531249, 0.000000e+00,
1.534721, 0.000000e+00,
1.538193, 0.000000e+00,
1.541666, 0.000000e+00,
1.545138, 0.000000e+00,
1.548610, 0.000000e+00,
1.552082, 0.000000e+00,
1.555555, 0.000000e+00,
1.559027, 0.000000e+00,
1.562499, 0.000000e+00,
1.565971, 0.000000e+00,
1.569443, 0.000000e+00,
1.572916, 0.000000e+00,
1.576388, 0.000000e+00,
1.579860, 0.000000e+00,
1.583332, 0.000000e+00,
1.586805, 0.000000e+00,
1.590277, 0.000000e+00,
1.593749, 0.000000e+00,
1.597221, 0.000000e+00,
1.604166, 0.000000e+00,
1.607638, 0.000000e+00,
1.611110, 0.000000e+00,
1.614582, 0.000000e+00,
1.618055, 0.000000e+00,
1.621527, 0.000000e+00,
1.624999, 0.000000e+00,
1.628471, 0.000000e+00,
1.631943, 0.000000e+00,
1.635416, 0.000000e+00,
1.638888, 0.000000e+00,
1.642360, 0.000000e+00,
1.649304, 0.000000e+00,
1.652777, 0.000000e+00,
1.656249, 0.000000e+00,
1.659721, 0.000000e+00,
1.663193, 0.000000e+00,
1.666666, 0.000000e+00,
1.670138, 0.000000e+00,
1.673610, 0.000000e+00,
1.677082, 0.000000e+00,
1.680554, 0.000000e+00,
1.684027, 0.000000e+00,
1.687499, 0.000000e+00,
1.690971, 0.000000e+00,
1.694443, 0.000000e+00,
1.697916, 0.000000e+00,
1.701388, 0.000000e+00,
1.704860, 0.000000e+00,
1.708332, 0.000000e+00,
1.711804, 0.000000e+00,
1.715277, 0.000000e+00,
1.722221, 0.000000e+00,
1.725693, 0.000000e+00,
1.729166, 0.000000e+00,
1.732638, 0.000000e+00,
1.736110, 0.000000e+00,
1.739582, 0.000000e+00,
1.743054, 0.000000e+00,
1.746527, 0.000000e+00,
1.749999, 0.000000e+00,
1.753471, 0.000000e+00,
1.756943, 0.000000e+00,
1.760416, 0.000000e+00,
1.767360, 0.000000e+00,
1.770832, 0.000000e+00,
1.774304, 0.000000e+00,
1.777777, 0.000000e+00,
1.781249, 3.400723e+00,
1.784721, 5.239894e-01,
1.788193, 0.000000e+00,
1.791666, 0.000000e+00,
1.795138, 0.000000e+00,
1.798610, 0.000000e+00,
1.802082, 1.359016e+00,
1.805554, 1.983435e+00,
1.809027, 1.281047e-02,
1.812499, 0.000000e+00,
1.815971, 0.000000e+00,
1.819443, 4.870655e+00,
1.822915, 4.975225e+00,
1.826388, 7.942086e+00,
1.829860, 0.000000e+00,
1.833332, 0.000000e+00,
1.836804, 4.541199e-01,
1.840277, 6.817301e-01,
1.843749, 0.000000e+00,
1.847221, 0.000000e+00,
1.850693, 0.000000e+00,
1.854165, 2.027135e+00,
1.857638, 6.767710e-01,
1.861110, 0.000000e+00,
1.864582, 0.000000e+00,
1.868054, 5.237883e-01,
1.871527, 5.029049e+00,
1.874999, 4.086925e+00,
1.878471, 8.865183e+00,
1.881943, 9.805358e+00,
1.885415, 1.025154e+01,
1.888888, 8.035204e+00,
1.892360, 2.342221e+00,
1.895832, 0.000000e+00,
1.899304, 0.000000e+00,
1.902777, 0.000000e+00,
1.906249, 1.818780e-01,
1.909721, 0.000000e+00,
1.913193, 0.000000e+00,
1.916665, 0.000000e+00,
1.920138, 1.839277e+00,
1.923610, 3.418563e+00,
1.927082, 2.641434e+00,
1.930554, 0.000000e+00,
1.934027, 0.000000e+00,
1.937499, 2.771573e+00,
1.940971, 3.810746e-01,
1.944443, 4.522924e+00,
1.947915, 2.858776e+00,
1.951388, 0.000000e+00,
1.954860, 0.000000e+00,
1.958332, 0.000000e+00,
1.961804, 0.000000e+00,
1.965277, 0.000000e+00,
1.968749, 1.989503e+00,
1.972221, 4.312450e+00,
1.975693, 3.014252e+00,
1.979165, 4.901309e+00,
1.982638, 3.887453e+00,
1.986110, 3.181715e+00,
1.989582, 8.902148e-01,
1.993054, 0.000000e+00,
1.996526, 1.222889e+00,
1.999999, 0.000000e+00,
2.003471, 2.393541e+00,
2.006943, 3.514970e+00,
2.010415, 5.790559e+00,
2.013888, 1.990094e+00,
2.017360, 2.391105e+00,
2.020832, 1.125905e+00,
2.024304, 4.104013e+00,
2.027776, 5.602218e+00,
2.031249, 3.020651e+00,
2.034721, 0.000000e+00,
2.038193, 1.257527e+00,
2.041665, 0.000000e+00,
2.045138, 0.000000e+00,
2.048610, 0.000000e+00,
2.052082, 0.000000e+00,
2.055554, 1.737507e+00,
2.059026, 5.120949e+00,
2.062499, 9.640467e+00,
2.065971, 1.017694e+01,
2.069443, 7.306968e+00,
2.072915, 3.190080e+00,
2.079860, 3.920211e+00,
2.083332, 6.782677e+00,
2.086804, 2.668019e+00,
2.090276, 0.000000e+00,
2.093749, 0.000000e+00,
2.097221, 0.000000e+00,
2.100693, 0.000000e+00,
2.104165, 0.000000e+00,
2.107638, 0.000000e+00,
2.111110, 6.445687e-01,
2.114582, 0.000000e+00,
2.118054, 1.397987e+00,
2.121526, 0.000000e+00,
2.124999, 2.281056e+00,
2.128471, 0.000000e+00,
2.131943, 3.717102e+00,
2.135415, 0.000000e+00,
2.138888, 0.000000e+00,
2.142360, 3.565328e+00,
2.145832, 4.091604e+00,
2.152776, 1.601832e+00,
2.156249, 3.009584e+00,
2.159721, 9.930305e-01,
2.163193, 0.000000e+00,
2.166665, 5.089682e+00,
2.170138, 1.409978e+00,
2.173610, 0.000000e+00,
2.177082, 2.799609e+00,
2.180554, 6.977486e+00,
2.184026, 4.804172e+00,
2.187499, 9.983012e-01,
2.190971, 1.977643e+00,
2.194443, 7.201319e+00,
2.197915, 1.998839e+00,
2.201387, 0.000000e+00,
2.204860, 1.634800e+00,
2.208332, 0.000000e+00,
2.211804, 9.160997e-01,
2.215276, 3.667368e+00,
2.218749, 1.936756e+00,
2.225693, 1.898635e+00,
2.229165, 2.775853e+00,
2.232637, 7.274034e+00,
2.236110, 7.201444e+00,
2.243054, 5.021313e+00,
2.246526, 1.809031e+00,
2.249999, 0.000000e+00,
2.253471, 0.000000e+00,
2.256943, 1.226454e+00,
2.260415, 0.000000e+00,
2.263887, 0.000000e+00,
2.267360, 0.000000e+00,
2.270832, 0.000000e+00,
2.274304, 0.000000e+00,
2.277776, 1.614190e+00,
2.281249, 2.869664e+00,
2.284721, 1.712557e+00,
2.288193, 6.168469e-01,
2.291665, 1.965170e+00,
2.295137, 2.305564e+00,
2.298610, 3.392360e+00,
2.302082, 7.427720e+00,
2.305554, 8.815085e+00,
2.309026, 8.397222e+00,
2.315971, 4.640244e+00,
2.319443, 0.000000e+00,
2.322915, 1.449044e+00,
2.326387, 0.000000e+00,
2.329860, 2.252964e+00,
2.333332, 0.000000e+00,
2.336804, 1.635173e-01,
2.340276, 0.000000e+00,
2.343748, 2.661514e+00,
2.347221, 0.000000e+00,
2.350693, 0.000000e+00,
2.354165, 0.000000e+00,
2.357637, 0.000000e+00,
2.361110, 0.000000e+00,
2.364582, 0.000000e+00,
2.368054, 2.211521e+00,
2.371526, 1.998813e+00,
2.374998, 0.000000e+00,
2.378471, 5.387647e+00,
2.381943, 4.415860e+00,
2.388887, 5.741868e+00,
2.392360, 4.789201e+00,
2.395832, 3.187372e+00,
2.399304, 0.000000e+00,
2.406248, 0.000000e+00,
2.409721, 3.671938e+00,
2.413193, 5.372978e-01,
2.416665, 1.447743e+00,
2.420137, 0.000000e+00,
2.423610, 0.000000e+00,
2.427082, 3.867796e+00,
2.430554, 1.653411e+00,
2.434026, 8.073129e+00,
2.437498, 5.771807e+00,
2.440971, 3.463666e+00,
2.444443, 0.000000e+00,
2.447915, 6.467470e-01,
2.451387, 9.543998e-01,
2.454860, 2.935420e+00,
2.458332, 5.997837e-01,
2.461804, 6.113134e-01,
2.465276, 0.000000e+00,
2.468748, 0.000000e+00,
2.472221, 2.531247e+00,
2.479165, 3.827876e+00,
2.482637, 5.250912e+00,
2.486110, 2.210588e+00,
2.489582, 4.953007e-01,
2.493054, 1.800665e+00,
2.496526, 0.000000e+00,
2.499998, 3.060170e+00,
2.503471, 2.812695e+00,
2.506943, 0.000000e+00,
2.510415, 0.000000e+00,
2.513887, 0.000000e+00,
2.517359, 0.000000e+00,
2.520832, 0.000000e+00,
2.524304, 5.370179e+00,
2.527776, 8.097516e+00,
2.531248, 8.588276e+00,
2.534721, 1.228670e+01,
2.538193, 7.017743e+00,
2.541665, 6.171815e+00,
2.545137, 3.540111e+00,
2.552082, 2.575336e-01,
2.555554, 0.000000e+00,
2.559026, 0.000000e+00,
2.562498, 0.000000e+00,
2.569443, 0.000000e+00,
2.572915, 0.000000e+00,
2.576387, 0.000000e+00,
2.579859, 0.000000e+00,
2.583332, 5.376112e-01,
2.586804, 2.927476e+00,
2.590276, 4.288560e-01,
2.593748, 1.069988e+00,
2.597221, 0.000000e+00,
2.600693, 0.000000e+00,
2.604165, 4.043153e+00,
2.607637, 2.458459e+00,
2.611109, 2.657693e+00,
2.614582, 5.794900e+00,
2.618054, 1.238691e+00,
2.621526, 0.000000e+00,
2.624998, 5.581263e-01,
2.628471, 4.540506e+00,
2.631943, 3.361483e+00,
2.635415, 6.882839e+00,
2.642359, 0.000000e+00,
2.645832, 0.000000e+00,
2.649304, 0.000000e+00,
2.652776, 0.000000e+00,
2.656248, 3.121755e+00,
2.659721, 4.177472e+00,
2.663193, 4.348849e+00,
2.666665, 0.000000e+00,
2.670137, 5.085113e+00,
2.673609, 4.931456e+00,
2.677082, 3.092441e+00,
2.680554, 2.270250e+00,
2.684026, 0.000000e+00,
2.687498, 0.000000e+00,
2.690970, 0.000000e+00,
2.694443, 0.000000e+00,
2.697915, 0.000000e+00,
2.701387, 0.000000e+00,
2.704859, 5.928786e-01,
2.708332, 0.000000e+00,
2.715276, 3.108211e+00,
2.718748, 5.056518e+00,
2.722220, 4.062389e+00,
2.725693, 3.152471e+00,
2.732637, 2.589284e+00,
2.736109, 0.000000e+00,
2.739582, 0.000000e+00,
2.743054, 7.248930e-01,
2.746526, 2.485910e+00,
2.749998, 6.261871e-01,
2.753470, 0.000000e+00,
2.756943, 3.126636e-01,
2.760415, 3.801279e-01,
2.763887, 0.000000e+00,
2.767359, 3.255911e+00,
2.770832, 6.829761e+00,
2.774304, 7.381154e+00,
2.777776, 8.048539e+00,
2.781248, 8.337035e+00,
2.784720, 0.000000e+00,
2.788193, 0.000000e+00,
2.791665, 0.000000e+00,
2.795137, 0.000000e+00,
2.798609, 1.365451e+00,
2.805554, 0.000000e+00,
2.809026, 0.000000e+00,
2.812498, 0.000000e+00,
2.815970, 1.934165e+00,
2.819443, 6.413659e+00,
2.822915, 6.324843e+00,
2.826387, 3.521840e+00,
2.829859, 1.295737e+00,
2.833332, 5.850325e+00,
2.836804, 7.211990e+00,
2.840276, 6.985806e+00,
2.843748, 7.504367e+00,
2.847220, 1.917291e+00,
2.850693, 0.000000e+00,
2.854165, 0.000000e+00,
2.857637, 0.000000e+00,
2.861109, 3.286121e+00,
2.864581, 3.964770e+00,
2.868054, 0.000000e+00,
2.871526, 0.000000e+00,
2.878470, 0.000000e+00,
2.881943, 4.018188e+00,
2.885415, 0.000000e+00,
2.888887, 3.228660e-01,
2.892359, 0.000000e+00,
2.895831, 0.000000e+00,
2.899304, 3.168324e+00,
2.902776, 8.745971e+00,
2.906248, 5.777415e+00,
2.909720, 8.678993e+00,
2.913193, 8.004585e+00,
2.916665, 3.172412e+00,
2.920137, 0.000000e+00,
2.923609, 0.000000e+00,
2.927081, 0.000000e+00,
2.930554, 0.000000e+00,
2.934026, 0.000000e+00,
2.937498, 0.000000e+00,
2.940970, 0.000000e+00,
2.944443, 2.114841e+00,
2.947915, 5.503149e+00,
2.951387, 6.787683e-01,
2.954859, 1.569140e+00,
2.958331, 1.044762e-01,
2.961804, 3.003733e-01,
2.968748, 1.450158e-01,
2.972220, 3.315572e+00,
2.975693, 0.000000e+00,
2.979165, 0.000000e+00,
2.982637, 8.931404e-01,
2.986109, 1.522884e+00,
2.989581, 1.684831e+00,
2.993054, 2.333392e+00,
2.996526, 2.010820e+00,
2.999998, 1.234227e+00,
3.003470, 9.113331e-01,
3.006943, 0.000000e+00,
3.010415, 2.381318e+00,
3.013887, 8.188849e-01,
3.017359, 1.294910e+00,
3.020831, 0.000000e+00,
3.024304, 0.000000e+00,
3.027776, 2.522997e+00,
3.031248, 0.000000e+00,
3.034720, 6.633933e+00,
3.041665, 6.670656e+00,
3.045137, 8.440197e+00,
3.048609, 3.477341e+00,
3.052081, 1.337306e+00,
3.055554, 5.927485e+00,
3.059026, 0.000000e+00,
3.062498, 0.000000e+00,
3.065970, 3.718676e+00,
3.069442, 0.000000e+00,
3.072915, 2.341908e+00,
3.076387, 2.917841e+00,
3.079859, 3.446241e+00,
3.083331, 8.068457e-02,
3.086804, 0.000000e+00,
3.090276, 0.000000e+00,
3.093748, 0.000000e+00,
3.097220, 2.745526e+00,
3.100692, 0.000000e+00,
3.104165, 0.000000e+00,
3.107637, 0.000000e+00,
3.111109, 0.000000e+00,
3.114581, 0.000000e+00,
3.118054, 3.394815e+00,
3.121526, 4.854191e+00,
3.124998, 2.048661e+00,
3.131942, 4.578038e+00,
3.135415, 4.632098e+00,
3.138887, 3.851802e+00,
3.142359, 3.003859e+00,
3.145831, 0.000000e+00,
3.149304, 0.000000e+00,
3.152776, 8.187706e-01,
3.156248, 9.209980e-01,
3.159720, 0.000000e+00,
3.163192, 0.000000e+00,
3.166665, 0.000000e+00,
3.170137, 3.076048e+00,
3.173609, 6.734842e+00,
3.177081, 3.234783e+00,
3.180554, 1.646184e-02,
3.184026, 0.000000e+00,
3.187498, 0.000000e+00,
3.190970, 0.000000e+00,
3.194442, 0.000000e+00,
3.197915, 0.000000e+00,
3.204859, 0.000000e+00,
3.208331, 1.716760e+00,
3.211803, 0.000000e+00,
3.215276, 3.297461e+00,
3.218748, 4.707127e-01,
3.222220, 0.000000e+00,
3.225692, 0.000000e+00,
3.229165, 0.000000e+00,
3.232637, 0.000000e+00,
3.236109, 2.447998e+00,
3.239581, 2.726955e+00,
3.243053, 0.000000e+00,
3.246526, 4.739023e+00,
3.249998, 6.147665e+00,
3.253470, 1.008351e+01,
3.256942, 9.095524e+00,
3.260415, 5.989248e+00,
3.263887, 0.000000e+00,
3.267359, 0.000000e+00,
3.270831, 0.000000e+00,
3.277776, 0.000000e+00,
3.281248, 0.000000e+00,
3.284720, 0.000000e+00,
3.288192, 2.342939e-01,
3.295137, 0.000000e+00,
3.298609, 2.781806e+00,
3.302081, 0.000000e+00,
3.305553, 0.000000e+00,
3.309026, 0.000000e+00,
3.312498, 0.000000e+00,
3.315970, 0.000000e+00,
3.319442, 0.000000e+00,
3.322915, 1.184146e+00,
3.326387, 3.695373e+00,
3.329859, 2.555549e+00,
3.333331, 3.819977e+00,
3.336803, 3.050711e+00,
3.340276, 1.226310e+00,
3.343748, 1.762112e+00,
3.347220, 2.263173e+00,
3.350692, 0.000000e+00,
3.354165, 0.000000e+00,
3.357637, 0.000000e+00,
3.361109, 0.000000e+00,
3.368053, 0.000000e+00,
3.371526, 0.000000e+00,
3.374998, 0.000000e+00,
3.378470, 0.000000e+00,
3.381942, 0.000000e+00,
3.385414, 0.000000e+00,
3.388887, 0.000000e+00,
3.392359, 1.224450e+00,
3.395831, 0.000000e+00,
3.399303, 1.226348e+00,
3.402776, 1.316630e+00,
3.406248, 1.932468e+00,
3.409720, 0.000000e+00,
3.413192, 0.000000e+00,
3.416664, 0.000000e+00,
3.420137, 1.658917e+00,
3.423609, 6.838611e+00,
3.427081, 7.426644e+00,
3.430553, 2.094251e+00,
3.434026, 0.000000e+00,
3.440970, 7.340081e-01,
3.444442, 0.000000e+00,
3.447914, 6.006165e-01,
3.451387, 1.776824e-01,
3.458331, 0.000000e+00,
3.461803, 6.102278e+00,
3.465276, 3.947926e+00,
3.468748, 8.446188e-01,
3.472220, 1.483470e+00,
3.475692, 0.000000e+00,
3.479164, 0.000000e+00,
3.482637, 0.000000e+00,
3.486109, 0.000000e+00,
3.489581, 0.000000e+00,
3.493053, 6.513034e-01,
3.496526, 5.751870e-01,
3.499998, 0.000000e+00,
3.503470, 0.000000e+00,
3.506942, 8.111101e-02,
3.510414, 0.000000e+00,
3.513887, 1.428078e-01,
3.517359, 0.000000e+00,
3.520831, 0.000000e+00,
3.524303, 1.166450e+00,
3.531248, 1.962196e+00,
3.534720, 0.000000e+00,
3.538192, 3.397502e+00,
3.541664, 2.771605e+00,
3.545137, 0.000000e+00,
3.548609, 0.000000e+00,
3.552081, 0.000000e+00,
3.555553, 5.960882e-03,
3.559025, 4.981265e+00,
3.562498, 3.532057e+00,
3.565970, 4.163371e+00,
3.569442, 0.000000e+00,
3.572914, 0.000000e+00,
3.576387, 0.000000e+00,
3.579859, 4.824964e+00,
3.583331, 8.188536e-01,
3.586803, 9.227007e-01,
3.590275, 0.000000e+00,
3.593748, 0.000000e+00,
3.597220, 0.000000e+00,
3.600692, 0.000000e+00,
3.604164, 0.000000e+00,
3.607637, 0.000000e+00,
3.611109, 0.000000e+00,
3.614581, 0.000000e+00,
3.618053, 0.000000e+00,
3.621525, 0.000000e+00,
3.624998, 9.957590e-01,
3.628470, 0.000000e+00,
3.631942, 0.000000e+00,
3.635414, 0.000000e+00,
3.638887, 0.000000e+00,
3.642359, 0.000000e+00,
3.645831, 0.000000e+00,
3.649303, 0.000000e+00,
3.652775, 2.440782e+00,
3.656248, 0.000000e+00,
3.659720, 0.000000e+00,
3.663192, 2.557870e+00,
3.666664, 0.000000e+00,
3.670137, 0.000000e+00,
3.673609, 2.099007e+00,
3.677081, 1.554060e+00,
3.680553, 1.169375e+00,
3.684025, 0.000000e+00,
3.687498, 0.000000e+00,
3.690970, 0.000000e+00,
3.694442, 0.000000e+00,
3.697914, 0.000000e+00,
3.701387, 0.000000e+00,
3.704859, 0.000000e+00,
3.708331, 3.536415e+00,
3.711803, 6.031638e+00,
3.715275, 6.158208e+00,
3.718748, 6.649308e+00,
3.722220, 2.255485e+00,
3.725692, 0.000000e+00,
3.729164, 0.000000e+00,
3.732636, 0.000000e+00,
3.736109, 0.000000e+00,
3.739581, 0.000000e+00,
3.743053, 0.000000e+00,
3.746525, 0.000000e+00,
3.749998, 0.000000e+00,
3.753470, 0.000000e+00,
3.756942, 0.000000e+00,
3.760414, 0.000000e+00,
3.763886, 1.362661e-01,
3.767359, 4.471120e+00,
3.770831, 5.979435e-01,
3.774303, 1.210857e+00,
3.777775, 0.000000e+00,
3.781248, 0.000000e+00,
3.784720, 0.000000e+00,
3.788192, 0.000000e+00,
3.791664, 0.000000e+00,
3.795136, 5.385044e-01,
3.798609, 0.000000e+00,
3.802081, 0.000000e+00,
3.805553, 0.000000e+00,
3.809025, 0.000000e+00,
3.812498, 0.000000e+00,
3.815970, 0.000000e+00,
3.819442, 0.000000e+00,
3.822914, 0.000000e+00,
3.826386, 0.000000e+00,
3.829859, 0.000000e+00,
3.833331, 0.000000e+00,
3.836803, 0.000000e+00,
3.840275, 0.000000e+00,
3.843748, 1.039818e+00,
3.847220, 3.615819e+00,
3.850692, 0.000000e+00,
3.854164, 0.000000e+00,
3.857636, 0.000000e+00,
3.861109, 0.000000e+00,
3.864581, 0.000000e+00,
3.868053, 0.000000e+00,
3.871525, 0.000000e+00,
3.874998, 0.000000e+00,
3.878470, 0.000000e+00,
3.881942, 0.000000e+00,
3.885414, 2.429313e+00,
3.888886, 0.000000e+00,
3.892359, 0.000000e+00,
3.895831, 0.000000e+00,
3.899303, 1.579755e+00,
3.902775, 1.779253e+00,
3.906247, 1.870175e+00,
3.909720, 0.000000e+00,
3.913192, 0.000000e+00,
3.916664, 0.000000e+00,
3.920136, 0.000000e+00,
3.923609, 0.000000e+00,
3.927081, 0.000000e+00,
3.930553, 0.000000e+00,
3.934025, 0.000000e+00,
3.937497, 0.000000e+00,
3.940970, 0.000000e+00,
3.944442, 0.000000e+00,
3.947914, 0.000000e+00,
3.951386, 0.000000e+00,
3.954859, 8.964629e-01,
3.958331, 2.346393e+00,
3.961803, 0.000000e+00,
3.965275, 0.000000e+00,
3.968747, 3.884545e-01,
3.972220, 2.913077e-01,
3.975692, 0.000000e+00,
3.979164, 0.000000e+00,
3.982636, 0.000000e+00,
3.986109, 0.000000e+00,
3.989581, 0.000000e+00,
3.993053, 0.000000e+00,
3.996525, 0.000000e+00,
3.999997, 0.000000e+00,
4.003470, 2.467956e+00,
4.006942, 0.000000e+00,
4.010414, 0.000000e+00,
4.013886, 0.000000e+00,
4.017359, 0.000000e+00,
4.020831, 0.000000e+00,
4.024303, 0.000000e+00,
4.027775, 0.000000e+00,
4.031247, 0.000000e+00,
4.034720, 0.000000e+00,
4.038192, 0.000000e+00,
4.041664, 0.000000e+00,
4.048609, 0.000000e+00,
4.052081, 0.000000e+00,
4.055553, 0.000000e+00,
4.059025, 0.000000e+00,
4.062497, 0.000000e+00,
4.065970, 0.000000e+00,
4.069442, 0.000000e+00,
4.072914, 0.000000e+00,
4.076386, 0.000000e+00,
4.083331, 0.000000e+00,
4.086803, 0.000000e+00,
4.090275, 2.571833e+00,
4.093747, 3.017460e+00,
4.097220, 0.000000e+00,
4.100692, 0.000000e+00,
4.104164, 0.000000e+00,
4.107636, 0.000000e+00,
4.111108, 0.000000e+00,
4.114581, 0.000000e+00,
4.118053, 0.000000e+00,
4.121525, 0.000000e+00,
4.124997, 0.000000e+00,
4.128470, 0.000000e+00,
4.131942, 0.000000e+00,
4.135414, 0.000000e+00,
4.138886, 8.249624e-02,
4.142358, 0.000000e+00,
4.145831, 0.000000e+00,
4.149303, 0.000000e+00,
4.156247, 0.000000e+00,
4.159720, 1.062683e-01,
4.163192, 0.000000e+00,
4.166664, 0.000000e+00,
4.170136, 0.000000e+00,
4.173608, 0.000000e+00,
4.177081, 0.000000e+00,
4.180553, 2.376680e-03,
4.184025, 3.083382e+00,
4.187497, 0.000000e+00,
4.190970, 0.000000e+00,
4.194442, 0.000000e+00,
4.197914, 0.000000e+00,
4.201386, 0.000000e+00,
4.204858, 0.000000e+00,
4.208331, 0.000000e+00,
4.211803, 0.000000e+00,
4.215275, 0.000000e+00,
4.218747, 0.000000e+00,
4.222220, 0.000000e+00,
4.229164, 0.000000e+00,
4.232636, 0.000000e+00,
4.236108, 0.000000e+00,
4.239581, 0.000000e+00,
4.243053, 0.000000e+00,
4.246525, 0.000000e+00,
4.249997, 0.000000e+00,
4.253469, 0.000000e+00,
4.256942, 0.000000e+00,
4.260414, 2.666106e+00,
4.263886, 0.000000e+00,
4.267358, 0.000000e+00,
4.270831, 0.000000e+00,
4.274303, 0.000000e+00,
4.277775, 0.000000e+00,
4.281247, 0.000000e+00,
4.284719, 5.348503e-01,
4.288192, 0.000000e+00,
4.291664, 4.139546e+00,
4.295136, 4.304964e+00,
4.302081, 0.000000e+00,
4.305553, 0.000000e+00,
4.309025, 0.000000e+00,
4.312497, 0.000000e+00,
4.315969, 0.000000e+00,
4.319442, 2.507086e+00,
4.322914, 0.000000e+00,
4.326386, 0.000000e+00,
4.329858, 0.000000e+00,
4.333331, 0.000000e+00,
4.336803, 0.000000e+00,
4.340275, 0.000000e+00,
4.343747, 0.000000e+00,
4.347219, 0.000000e+00,
4.350692, 0.000000e+00,
4.354164, 0.000000e+00,
4.357636, 0.000000e+00,
4.361108, 0.000000e+00,
4.364581, 0.000000e+00,
4.368053, 0.000000e+00,
4.374997, 0.000000e+00,
4.378469, 0.000000e+00,
4.381942, 0.000000e+00,
4.385414, 0.000000e+00,
4.388886, 0.000000e+00,
4.392358, 0.000000e+00,
4.395831, 0.000000e+00,
4.399303, 0.000000e+00,
4.402775, 0.000000e+00,
4.409719, 0.000000e+00,
4.413192, 0.000000e+00,
4.416664, 0.000000e+00,
4.420136, 0.000000e+00,
4.423608, 0.000000e+00,
4.427080, 0.000000e+00,
4.430553, 0.000000e+00,
4.434025, 0.000000e+00,
4.437497, 0.000000e+00,
4.440969, 0.000000e+00,
4.447914, 0.000000e+00,
4.451386, 0.000000e+00,
4.454858, 0.000000e+00,
4.458330, 0.000000e+00,
4.461803, 0.000000e+00,
4.465275, 0.000000e+00,
4.468747, 0.000000e+00,
4.472219, 0.000000e+00,
4.475692, 0.000000e+00,
4.482636, 0.000000e+00,
4.486108, 0.000000e+00,
4.489580, 0.000000e+00,
4.493053, 0.000000e+00,
4.496525, 0.000000e+00,
4.499997, 0.000000e+00,
4.503469, 0.000000e+00,
4.506942, 0.000000e+00,
4.510414, 0.000000e+00,
4.513886, 0.000000e+00,
4.517358, 1.771583e+00,
4.520830, 0.000000e+00,
4.524303, 0.000000e+00,
4.527775, 0.000000e+00,
4.531247, 0.000000e+00,
4.534719, 0.000000e+00,
4.538192, 0.000000e+00,
4.541664, 0.000000e+00,
4.545136, 0.000000e+00,
4.548608, 0.000000e+00,
4.555553, 0.000000e+00,
4.559025, 0.000000e+00,
4.562497, 0.000000e+00,
4.565969, 0.000000e+00,
4.569442, 0.000000e+00,
4.572914, 0.000000e+00,
4.576386, 0.000000e+00,
4.579858, 0.000000e+00,
4.583330, 0.000000e+00,
4.586803, 0.000000e+00,
4.590275, 0.000000e+00,
4.593747, 0.000000e+00,
4.597219, 0.000000e+00,
4.600691, 0.000000e+00,
4.604164, 0.000000e+00,
4.607636, 0.000000e+00,
4.611108, 0.000000e+00,
4.614580, 0.000000e+00,
4.618053, 0.000000e+00,
4.621525, 0.000000e+00,
4.628469, 0.000000e+00,
4.631941, 0.000000e+00,
4.635414, 0.000000e+00,
4.638886, 0.000000e+00,
4.642358, 0.000000e+00,
4.645830, 0.000000e+00,
4.649303, 6.259065e-01,
4.652775, 0.000000e+00,
4.656247, 0.000000e+00,
4.659719, 0.000000e+00,
4.663191, 0.000000e+00,
4.666664, 0.000000e+00,
4.670136, 0.000000e+00,
4.673608, 0.000000e+00,
4.677080, 0.000000e+00,
4.680553, 0.000000e+00,
4.684025, 0.000000e+00,
4.687497, 0.000000e+00,
4.690969, 0.000000e+00,
4.694441, 0.000000e+00,
4.701386, 0.000000e+00,
4.704858, 0.000000e+00,
4.708330, 0.000000e+00,
4.711803, 0.000000e+00,
4.715275, 0.000000e+00,
4.718747, 0.000000e+00,
4.722219, 0.000000e+00,
4.725691, 0.000000e+00,
4.729164, 0.000000e+00,
4.732636, 0.000000e+00,
4.736108, 0.000000e+00,
4.739580, 0.000000e+00,
4.743053, 0.000000e+00,
4.746525, 0.000000e+00,
4.749997, 0.000000e+00,
4.753469, 0.000000e+00,
4.756941, 0.000000e+00,
4.760414, 0.000000e+00,
4.763886, 0.000000e+00,
4.767358, 0.000000e+00,
4.774303, 0.000000e+00,
4.777775, 0.000000e+00,
4.781247, 0.000000e+00,
4.784719, 0.000000e+00,
4.788191, 0.000000e+00,
4.791664, 0.000000e+00,
4.795136, 0.000000e+00,
4.798608, 0.000000e+00,
4.802080, 0.000000e+00,
4.809025, 0.000000e+00,
4.812497, 0.000000e+00,
4.815969, 0.000000e+00,
4.819441, 0.000000e+00,
4.822914, 0.000000e+00,
4.826386, 0.000000e+00,
4.829858, 0.000000e+00,
4.833330, 0.000000e+00,
4.836802, 0.000000e+00,
4.840275, 0.000000e+00,
4.843747, 0.000000e+00,
4.847219, 0.000000e+00,
4.850691, 0.000000e+00,
4.854164, 0.000000e+00,
4.857636, 0.000000e+00,
4.861108, 0.000000e+00,
4.864580, 0.000000e+00,
4.868052, 0.000000e+00,
4.871525, 0.000000e+00,
4.874997, 0.000000e+00,
4.881941, 0.000000e+00,
4.885414, 0.000000e+00,
4.888886, 0.000000e+00,
4.892358, 0.000000e+00,
4.895830, 0.000000e+00,
4.899302, 0.000000e+00,
4.902775, 0.000000e+00,
4.906247, 0.000000e+00,
4.909719, 0.000000e+00,
4.913191, 0.000000e+00,
4.916664, 0.000000e+00,
4.920136, 0.000000e+00,
4.923608, 0.000000e+00,
4.927080, 0.000000e+00,
4.930552, 0.000000e+00,
4.934025, 3.793363e-01,
4.937497, 1.841477e+00,
4.940969, 0.000000e+00,
4.944441, 0.000000e+00,
4.947913, 0.000000e+00,
4.954858, 0.000000e+00,
4.958330, 0.000000e+00,
4.961802, 0.000000e+00,
4.965275, 0.000000e+00,
4.968747, 0.000000e+00,
4.972219, 0.000000e+00,
4.975691, 0.000000e+00,
4.979163, 0.000000e+00,
4.982636, 0.000000e+00,
4.986108, 0.000000e+00,
4.989580, 0.000000e+00,
4.993052, 0.000000e+00,
4.996525, 0.000000e+00,
4.999997, 0.000000e+00,
5.003469, 0.000000e+00,
5.006941, 0.000000e+00,
5.010413, 0.000000e+00,
5.013886, 0.000000e+00,
5.017358, 0.000000e+00,
5.020830, 0.000000e+00,
5.027775, 0.000000e+00,
5.031247, 0.000000e+00,
5.034719, 0.000000e+00,
5.038191, 1.085700e+00,
5.041663, 0.000000e+00,
5.045136, 0.000000e+00,
5.048608, 0.000000e+00,
5.052080, 0.000000e+00,
5.055552, 0.000000e+00,
5.059025, 0.000000e+00,
5.062497, 0.000000e+00,
5.065969, 0.000000e+00,
5.069441, 0.000000e+00,
5.072913, 0.000000e+00,
5.076386, 0.000000e+00,
5.079858, 0.000000e+00,
5.083330, 0.000000e+00,
5.086802, 0.000000e+00,
5.090275, 0.000000e+00,
5.093747, 0.000000e+00,
5.100691, 0.000000e+00,
5.104163, 0.000000e+00,
5.107636, 0.000000e+00,
5.111108, 0.000000e+00,
5.114580, 0.000000e+00,
5.118052, 0.000000e+00,
5.121524, 0.000000e+00,
5.124997, 0.000000e+00,
5.128469, 0.000000e+00,
5.135413, 0.000000e+00,
5.138886, 0.000000e+00,
5.142358, 0.000000e+00,
5.145830, 0.000000e+00,
5.149302, 0.000000e+00,
5.152774, 0.000000e+00,
5.156247, 0.000000e+00,
5.159719, 0.000000e+00,
5.163191, 0.000000e+00,
5.166663, 0.000000e+00,
5.170136, 0.000000e+00,
5.173608, 0.000000e+00,
5.177080, 0.000000e+00,
5.180552, 0.000000e+00,
5.184024, 0.000000e+00,
5.187497, 1.692989e+00,
5.190969, 8.760547e-01,
5.194441, 0.000000e+00,
5.197913, 0.000000e+00,
5.201386, 0.000000e+00,
5.208330, 0.000000e+00,
5.211802, 0.000000e+00,
5.215274, 0.000000e+00,
5.218747, 0.000000e+00,
5.222219, 0.000000e+00,
5.225691, 0.000000e+00,
5.229163, 0.000000e+00,
5.232636, 0.000000e+00,
5.236108, 0.000000e+00,
5.239580, 0.000000e+00,
5.243052, 0.000000e+00,
5.246524, 0.000000e+00,
5.249997, 0.000000e+00,
5.253469, 0.000000e+00,
5.256941, 0.000000e+00,
5.260413, 0.000000e+00,
5.263886, 1.057261e+00,
5.267358, 0.000000e+00,
5.270830, 0.000000e+00,
5.274302, 0.000000e+00,
5.281247, 0.000000e+00,
5.284719, 0.000000e+00,
5.288191, 0.000000e+00,
5.291663, 0.000000e+00,
5.295135, 0.000000e+00,
5.298608, 0.000000e+00,
5.302080, 0.000000e+00,
5.305552, 0.000000e+00,
5.309024, 0.000000e+00,
5.312497, 0.000000e+00,
5.315969, 0.000000e+00,
5.319441, 0.000000e+00,
5.322913, 0.000000e+00,
5.326385, 0.000000e+00,
5.329858, 0.000000e+00,
5.333330, 0.000000e+00,
5.336802, 0.000000e+00,
5.340274, 0.000000e+00,
5.343747, 0.000000e+00,
5.347219, 0.000000e+00,
5.354163, 0.000000e+00,
5.357635, 0.000000e+00,
5.361108, 0.000000e+00,
5.364580, 0.000000e+00,
5.368052, 0.000000e+00,
5.371524, 0.000000e+00,
5.374997, 0.000000e+00,
5.378469, 0.000000e+00,
5.381941, 0.000000e+00,
5.385413, 0.000000e+00,
5.388885, 1.874401e-02,
5.392358, 3.519548e-01,
5.395830, 0.000000e+00,
5.399302, 0.000000e+00,
5.402774, 0.000000e+00,
5.406247, 0.000000e+00,
5.409719, 0.000000e+00,
5.413191, 0.000000e+00,
5.416663, 0.000000e+00,
5.420135, 0.000000e+00,
5.427080, 0.000000e+00,
5.430552, 0.000000e+00,
5.434024, 0.000000e+00,
5.437497, 1.463590e-02,
5.440969, 0.000000e+00,
5.444441, 0.000000e+00,
5.447913, 0.000000e+00,
5.451385, 0.000000e+00,
5.454858, 0.000000e+00,
5.461802, 0.000000e+00,
5.465274, 0.000000e+00,
5.468746, 0.000000e+00,
5.472219, 0.000000e+00,
5.475691, 0.000000e+00,
5.479163, 0.000000e+00,
5.482635, 0.000000e+00,
5.486108, 0.000000e+00,
5.489580, 0.000000e+00,
5.493052, 0.000000e+00,
5.499996, 0.000000e+00,
5.503469, 0.000000e+00,
5.506941, 0.000000e+00,
5.510413, 0.000000e+00,
5.513885, 0.000000e+00,
5.517358, 0.000000e+00,
5.520830, 0.000000e+00,
5.524302, 0.000000e+00,
5.527774, 0.000000e+00,
5.534719, 0.000000e+00,
5.538191, 0.000000e+00,
5.541663, 0.000000e+00,
5.545135, 0.000000e+00,
5.548608, 0.000000e+00,
5.552080, 0.000000e+00,
5.555552, 0.000000e+00,
5.559024, 0.000000e+00,
5.562496, 0.000000e+00,
5.565969, 0.000000e+00,
5.569441, 0.000000e+00,
5.572913, 0.000000e+00,
5.576385, 0.000000e+00,
5.579858, 0.000000e+00,
5.583330, 0.000000e+00,
5.586802, 0.000000e+00,
5.590274, 0.000000e+00,
5.593746, 0.000000e+00,
5.597219, 0.000000e+00,
5.600691, 0.000000e+00,
5.607635, 0.000000e+00,
5.611108, 0.000000e+00,
5.614580, 0.000000e+00,
5.618052, 0.000000e+00,
5.621524, 0.000000e+00,
5.624996, 0.000000e+00,
5.628469, 0.000000e+00,
5.631941, 0.000000e+00,
5.635413, 0.000000e+00,
5.638885, 0.000000e+00,
5.642358, 0.000000e+00,
5.645830, 0.000000e+00,
5.649302, 0.000000e+00,
5.652774, 0.000000e+00,
5.656246, 0.000000e+00,
5.659719, 0.000000e+00,
5.663191, 0.000000e+00,
5.666663, 0.000000e+00,
5.670135, 0.000000e+00,
5.673607, 0.000000e+00,
5.680552, 0.000000e+00,
5.684024, 0.000000e+00,
5.687496, 9.674035e-01,
5.690969, 0.000000e+00,
5.694441, 0.000000e+00,
5.697913, 0.000000e+00,
5.701385, 0.000000e+00,
5.704857, 0.000000e+00,
5.708330, 2.157578e+00,
5.711802, 0.000000e+00,
5.715274, 0.000000e+00,
5.718746, 0.000000e+00,
5.722219, 0.000000e+00,
5.725691, 0.000000e+00,
5.729163, 0.000000e+00,
5.732635, 0.000000e+00,
5.736107, 0.000000e+00,
5.739580, 0.000000e+00,
5.743052, 0.000000e+00,
5.746524, 0.000000e+00,
5.753469, 0.000000e+00,
5.756941, 0.000000e+00,
5.760413, 0.000000e+00,
5.763885, 0.000000e+00,
5.767357, 0.000000e+00,
5.770830, 0.000000e+00,
5.774302, 0.000000e+00,
5.777774, 0.000000e+00,
5.781246, 0.000000e+00,
5.784719, 0.000000e+00,
5.788191, 0.000000e+00,
5.791663, 0.000000e+00,
5.795135, 0.000000e+00,
5.798607, 0.000000e+00,
5.802080, 0.000000e+00,
5.805552, 0.000000e+00,
5.809024, 0.000000e+00,
5.812496, 0.000000e+00,
5.815968, 0.000000e+00,
5.819441, 0.000000e+00,
5.826385, 0.000000e+00,
5.829857, 0.000000e+00,
5.833330, 0.000000e+00,
5.836802, 0.000000e+00,
5.840274, 0.000000e+00,
5.843746, 0.000000e+00,
5.847218, 0.000000e+00,
5.850691, 0.000000e+00,
5.854163, 0.000000e+00,
5.861107, 0.000000e+00,
5.864580, 0.000000e+00,
5.868052, 0.000000e+00,
5.871524, 0.000000e+00,
5.874996, 0.000000e+00,
5.878468, 0.000000e+00,
5.881941, 0.000000e+00,
5.885413, 0.000000e+00,
5.888885, 0.000000e+00,
5.892357, 0.000000e+00,
5.895830, 0.000000e+00,
5.899302, 0.000000e+00,
5.902774, 2.144344e+00,
5.906246, 0.000000e+00,
5.909718, 0.000000e+00,
5.913191, 0.000000e+00,
5.916663, 0.000000e+00,
5.920135, 0.000000e+00,
5.923607, 0.000000e+00,
5.927080, 0.000000e+00,
5.934024, 0.000000e+00,
5.937496, 0.000000e+00,
5.940968, 0.000000e+00,
5.944441, 0.000000e+00,
5.947913, 0.000000e+00,
5.951385, 0.000000e+00,
5.954857, 0.000000e+00,
5.958330, 0.000000e+00,
5.961802, 0.000000e+00,
5.965274, 0.000000e+00,
5.968746, 0.000000e+00,
5.972218, 0.000000e+00,
5.975691, 0.000000e+00,
5.979163, 0.000000e+00,
5.982635, 0.000000e+00,
5.986107, 0.000000e+00,
5.989579, 0.000000e+00,
5.993052, 0.000000e+00,
5.996524, 0.000000e+00,
5.999996, 0.000000e+00,
6.006941, 0.000000e+00,
6.010413, 0.000000e+00,
6.013885, 0.000000e+00,
6.017357, 0.000000e+00,
6.020829, 0.000000e+00,
6.024302, 0.000000e+00,
6.027774, 0.000000e+00,
6.031246, 0.000000e+00,
6.034718, 0.000000e+00,
6.038191, 0.000000e+00,
6.041663, 0.000000e+00,
6.045135, 0.000000e+00,
6.048607, 0.000000e+00,
6.052079, 0.000000e+00,
6.055552, 0.000000e+00,
6.059024, 0.000000e+00,
6.062496, 0.000000e+00,
6.065968, 0.000000e+00,
6.069441, 0.000000e+00,
6.072913, 0.000000e+00,
6.079857, 0.000000e+00,
6.083329, 0.000000e+00,
6.086802, 0.000000e+00,
6.090274, 0.000000e+00,
6.093746, 0.000000e+00,
6.097218, 0.000000e+00,
6.100691, 0.000000e+00,
6.104163, 0.000000e+00,
6.107635, 0.000000e+00,
6.111107, 0.000000e+00,
6.114579, 0.000000e+00,
6.118052, 0.000000e+00,
6.121524, 0.000000e+00,
6.124996, 0.000000e+00,
6.128468, 0.000000e+00,
6.131941, 0.000000e+00,
6.135413, 0.000000e+00,
6.138885, 0.000000e+00,
6.142357, 0.000000e+00,
6.145829, 0.000000e+00,
6.152774, 0.000000e+00,
6.156246, 0.000000e+00,
6.159718, 0.000000e+00,
6.163190, 0.000000e+00,
6.166663, 0.000000e+00,
6.170135, 0.000000e+00,
6.173607, 0.000000e+00,
6.177079, 0.000000e+00,
6.180552, 0.000000e+00,
6.187496, 0.000000e+00,
6.190968, 0.000000e+00,
6.194440, 0.000000e+00,
6.197913, 0.000000e+00,
6.201385, 0.000000e+00,
6.204857, 0.000000e+00,
6.208329, 0.000000e+00,
6.211802, 0.000000e+00,
6.215274, 0.000000e+00,
6.218746, 0.000000e+00,
6.222218, 0.000000e+00,
6.225690, 0.000000e+00,
6.229163, 0.000000e+00,
6.232635, 0.000000e+00,
6.236107, 0.000000e+00,
6.239579, 0.000000e+00,
6.243052, 0.000000e+00,
6.246524, 0.000000e+00,
6.249996, 0.000000e+00,
6.253468, 0.000000e+00,
6.260413, 0.000000e+00,
6.263885, 0.000000e+00,
6.267357, 0.000000e+00,
6.270829, 0.000000e+00,
6.274302, 0.000000e+00,
6.277774, 0.000000e+00,
6.281246, 0.000000e+00,
6.284718, 0.000000e+00,
6.288190, 1.889058e+00,
6.291663, 0.000000e+00,
6.295135, 0.000000e+00,
6.298607, 0.000000e+00,
6.302079, 0.000000e+00,
6.305552, 0.000000e+00,
6.309024, 0.000000e+00,
6.312496, 0.000000e+00,
6.315968, 0.000000e+00,
6.319440, 0.000000e+00,
6.322913, 0.000000e+00,
6.326385, 0.000000e+00,
6.333329, 0.000000e+00,
6.336801, 0.000000e+00,
6.340274, 0.000000e+00,
6.343746, 0.000000e+00,
6.347218, 0.000000e+00,
6.350690, 0.000000e+00,
6.354163, 0.000000e+00,
6.357635, 0.000000e+00,
6.361107, 0.000000e+00,
6.364579, 0.000000e+00,
6.368051, 0.000000e+00,
6.371524, 0.000000e+00,
6.374996, 0.000000e+00,
6.378468, 0.000000e+00,
6.381940, 0.000000e+00,
6.385413, 0.000000e+00,
6.388885, 0.000000e+00,
6.392357, 0.000000e+00,
6.395829, 0.000000e+00,
6.399301, 0.000000e+00,
6.406246, 0.000000e+00,
6.409718, 0.000000e+00,
6.413190, 0.000000e+00,
6.416663, 0.000000e+00,
6.420135, 0.000000e+00,
6.423607, 0.000000e+00,
6.427079, 0.000000e+00,
6.430551, 0.000000e+00,
6.434024, 0.000000e+00,
6.437496, 0.000000e+00,
6.440968, 0.000000e+00,
6.444440, 0.000000e+00,
6.447913, 0.000000e+00,
6.451385, 0.000000e+00,
6.454857, 0.000000e+00,
6.458329, 0.000000e+00,
6.461801, 0.000000e+00,
6.465274, 0.000000e+00,
6.468746, 0.000000e+00,
6.472218, 0.000000e+00,
6.479163, 0.000000e+00,
6.482635, 0.000000e+00,
6.486107, 0.000000e+00,
6.489579, 0.000000e+00,
6.493051, 0.000000e+00,
6.496524, 0.000000e+00,
6.499996, 0.000000e+00,
6.503468, 0.000000e+00,
6.506940, 0.000000e+00,
6.510412, 0.000000e+00,
6.513885, 0.000000e+00,
6.517357, 0.000000e+00,
6.520829, 0.000000e+00,
6.524301, 0.000000e+00,
6.527774, 0.000000e+00,
6.531246, 0.000000e+00,
6.534718, 0.000000e+00,
6.538190, 0.000000e+00,
6.541662, 0.000000e+00,
6.545135, 0.000000e+00,
6.552079, 0.000000e+00,
6.555551, 0.000000e+00,
6.559024, 0.000000e+00,
6.562496, 0.000000e+00,
6.565968, 0.000000e+00,
6.569440, 0.000000e+00,
6.572912, 0.000000e+00,
6.576385, 0.000000e+00,
6.579857, 0.000000e+00,
6.586801, 0.000000e+00,
6.590274, 0.000000e+00,
6.593746, 0.000000e+00,
6.597218, 0.000000e+00,
6.600690, 0.000000e+00,
6.604162, 0.000000e+00,
6.607635, 0.000000e+00,
6.611107, 0.000000e+00,
6.614579, 0.000000e+00,
6.618051, 0.000000e+00,
6.621524, 0.000000e+00,
6.624996, 0.000000e+00,
6.628468, 0.000000e+00,
6.631940, 0.000000e+00,
6.635412, 0.000000e+00,
6.638885, 0.000000e+00,
6.642357, 0.000000e+00,
6.645829, 0.000000e+00,
6.649301, 0.000000e+00,
6.652774, 0.000000e+00,
6.659718, 0.000000e+00,
6.663190, 0.000000e+00,
6.666662, 0.000000e+00,
6.670135, 0.000000e+00,
6.673607, 0.000000e+00,
6.677079, 0.000000e+00,
6.680551, 0.000000e+00,
6.684023, 0.000000e+00,
6.687496, 0.000000e+00,
6.690968, 0.000000e+00,
6.694440, 0.000000e+00,
6.697912, 0.000000e+00,
6.701385, 0.000000e+00,
6.704857, 0.000000e+00,
6.708329, 0.000000e+00,
6.711801, 0.000000e+00,
6.715273, 0.000000e+00,
6.718746, 0.000000e+00,
6.722218, 0.000000e+00,
6.725690, 0.000000e+00,
6.732635, 0.000000e+00,
6.736107, 0.000000e+00,
6.739579, 0.000000e+00,
6.743051, 0.000000e+00,
6.746523, 0.000000e+00,
6.749996, 0.000000e+00,
6.753468, 0.000000e+00,
6.756940, 0.000000e+00,
6.760412, 0.000000e+00,
6.763885, 0.000000e+00,
6.767357, 0.000000e+00,
6.770829, 0.000000e+00,
6.774301, 0.000000e+00,
6.777773, 0.000000e+00,
6.781246, 0.000000e+00,
6.784718, 0.000000e+00,
6.788190, 0.000000e+00,
6.791662, 0.000000e+00,
6.795135, 0.000000e+00,
6.798607, 0.000000e+00,
6.805551, 0.000000e+00,
6.809023, 0.000000e+00,
6.812496, 0.000000e+00,
6.815968, 0.000000e+00,
6.819440, 0.000000e+00,
6.822912, 0.000000e+00,
6.826385, 0.000000e+00,
6.829857, 0.000000e+00,
6.833329, 0.000000e+00,
6.836801, 0.000000e+00,
6.840273, 0.000000e+00,
6.843746, 0.000000e+00,
6.847218, 0.000000e+00,
6.850690, 0.000000e+00,
6.854162, 0.000000e+00,
6.857634, 0.000000e+00,
6.861107, 0.000000e+00,
6.864579, 0.000000e+00,
6.868051, 0.000000e+00,
6.871523, 0.000000e+00,
6.878468, 0.000000e+00,
6.881940, 0.000000e+00,
6.885412, 0.000000e+00,
6.888884, 0.000000e+00,
6.892357, 0.000000e+00,
6.895829, 0.000000e+00,
6.899301, 0.000000e+00,
6.902773, 0.000000e+00,
6.906246, 0.000000e+00,
6.913190, 0.000000e+00,
6.916662, 0.000000e+00,
6.920134, 1.061096e+00,
6.923607, 0.000000e+00,
6.927079, 0.000000e+00,
6.930551, 0.000000e+00,
6.934023, 2.057399e+00,
6.937496, 0.000000e+00,
6.940968, 0.000000e+00,
6.944440, 0.000000e+00,
6.947912, 0.000000e+00,
6.951384, 0.000000e+00,
6.954857, 0.000000e+00,
6.958329, 0.000000e+00,
6.961801, 0.000000e+00,
6.965273, 0.000000e+00,
6.968746, 0.000000e+00,
6.972218, 0.000000e+00,
6.975690, 0.000000e+00,
6.979162, 0.000000e+00,
6.986107, 0.000000e+00,
6.989579, 0.000000e+00,
6.993051, 0.000000e+00,
6.996523, 0.000000e+00,
6.999996, 0.000000e+00,
7.003468, 0.000000e+00,
7.006940, 0.000000e+00,
7.010412, 0.000000e+00,
7.013884, 0.000000e+00,
7.017357, 0.000000e+00,
7.020829, 0.000000e+00,
7.024301, 0.000000e+00,
7.027773, 0.000000e+00,
7.031245, 0.000000e+00,
7.034718, 0.000000e+00,
7.038190, 0.000000e+00,
7.041662, 0.000000e+00,
7.045134, 0.000000e+00,
7.048607, 0.000000e+00,
7.052079, 0.000000e+00,
7.059023, 0.000000e+00,
7.062495, 0.000000e+00,
7.065968, 0.000000e+00,
7.069440, 0.000000e+00,
7.072912, 0.000000e+00,
7.076384, 0.000000e+00,
7.079857, 0.000000e+00,
7.083329, 0.000000e+00,
7.086801, 0.000000e+00,
7.090273, 0.000000e+00,
7.093745, 0.000000e+00,
7.097218, 0.000000e+00,
7.100690, 0.000000e+00,
7.104162, 0.000000e+00,
7.107634, 0.000000e+00,
7.111107, 0.000000e+00,
7.114579, 0.000000e+00,
7.118051, 0.000000e+00,
7.121523, 0.000000e+00,
7.124995, 0.000000e+00,
7.128468, 0.000000e+00,
7.131940, 0.000000e+00,
7.135412, 0.000000e+00,
7.138884, 0.000000e+00,
7.142357, 0.000000e+00,
7.145829, 0.000000e+00,
7.149301, 0.000000e+00,
7.152773, 0.000000e+00,
7.156245, 0.000000e+00,
7.159718, 0.000000e+00,
7.163190, 0.000000e+00,
7.166662, 0.000000e+00,
7.170134, 0.000000e+00,
7.173607, 0.000000e+00,
7.177079, 0.000000e+00,
7.180551, 0.000000e+00,
7.184023, 0.000000e+00,
7.187495, 0.000000e+00,
7.190968, 0.000000e+00,
7.194440, 0.000000e+00,
7.197912, 0.000000e+00,
7.201384, 0.000000e+00,
7.204856, 0.000000e+00,
7.208329, 0.000000e+00,
7.211801, 0.000000e+00,
7.215273, 0.000000e+00,
7.218745, 0.000000e+00,
7.222218, 0.000000e+00,
7.225690, 0.000000e+00,
7.229162, 0.000000e+00,
7.232634, 0.000000e+00,
7.236106, 0.000000e+00,
7.239579, 0.000000e+00,
7.243051, 0.000000e+00,
7.246523, 0.000000e+00,
7.249995, 0.000000e+00,
7.253468, 0.000000e+00,
7.256940, 0.000000e+00,
7.260412, 0.000000e+00,
7.263884, 0.000000e+00,
7.267356, 0.000000e+00,
7.270829, 0.000000e+00,
7.274301, 0.000000e+00,
7.277773, 0.000000e+00,
7.281245, 0.000000e+00,
7.284718, 0.000000e+00,
7.288190, 0.000000e+00,
7.291662, 0.000000e+00,
7.295134, 0.000000e+00,
7.298606, 0.000000e+00,
7.302079, 0.000000e+00,
7.305551, 0.000000e+00,
7.309023, 0.000000e+00,
7.312495, 0.000000e+00,
7.315968, 0.000000e+00,
7.319440, 0.000000e+00,
7.322912, 0.000000e+00,
7.326384, 0.000000e+00,
7.329856, 2.078043e+00,
7.333329, 0.000000e+00,
7.336801, 0.000000e+00,
7.340273, 0.000000e+00,
7.343745, 0.000000e+00,
7.347218, 0.000000e+00,
7.350690, 0.000000e+00,
7.354162, 0.000000e+00,
7.357634, 0.000000e+00,
7.361106, 0.000000e+00,
7.364579, 0.000000e+00,
7.368051, 0.000000e+00,
7.371523, 0.000000e+00,
7.374995, 0.000000e+00,
7.378467, 0.000000e+00,
7.381940, 0.000000e+00,
7.385412, 0.000000e+00,
7.388884, 0.000000e+00,
7.392356, 0.000000e+00,
7.395829, 0.000000e+00,
7.399301, 0.000000e+00,
7.402773, 0.000000e+00,
7.406245, 0.000000e+00,
7.409717, 0.000000e+00,
7.413190, 0.000000e+00,
7.416662, 0.000000e+00,
7.420134, 0.000000e+00,
7.423606, 0.000000e+00,
7.427079, 0.000000e+00,
7.430551, 0.000000e+00,
7.434023, 0.000000e+00,
7.437495, 0.000000e+00,
7.440967, 0.000000e+00,
7.444440, 0.000000e+00,
7.447912, 0.000000e+00,
7.451384, 0.000000e+00,
7.454856, 0.000000e+00,
7.458329, 0.000000e+00,
7.461801, 0.000000e+00,
7.465273, 0.000000e+00,
7.468745, 0.000000e+00,
7.472217, 0.000000e+00,
7.475690, 0.000000e+00,
7.479162, 0.000000e+00,
7.482634, 0.000000e+00,
7.486106, 0.000000e+00,
7.489579, 0.000000e+00,
7.493051, 0.000000e+00,
7.496523, 0.000000e+00,
7.499995, 0.000000e+00,
7.503467, 0.000000e+00,
7.506940, 0.000000e+00,
7.510412, 0.000000e+00,
7.513884, 0.000000e+00,
7.517356, 0.000000e+00,
7.520829, 0.000000e+00,
7.524301, 0.000000e+00,
7.527773, 0.000000e+00,
7.531245, 0.000000e+00,
7.534717, 0.000000e+00,
7.538190, 0.000000e+00,
7.541662, 0.000000e+00,
7.545134, 0.000000e+00,
7.548606, 0.000000e+00,
7.552078, 0.000000e+00,
7.555551, 0.000000e+00,
7.559023, 0.000000e+00,
7.562495, 0.000000e+00,
7.565967, 1.163790e+00,
7.569440, 0.000000e+00,
7.572912, 0.000000e+00,
7.576384, 0.000000e+00,
7.579856, 0.000000e+00,
7.583328, 0.000000e+00,
7.586801, 0.000000e+00,
7.590273, 0.000000e+00,
7.593745, 0.000000e+00,
7.597217, 0.000000e+00,
7.600690, 0.000000e+00,
7.604162, 0.000000e+00,
7.607634, 0.000000e+00,
7.611106, 0.000000e+00,
7.614578, 0.000000e+00,
7.618051, 0.000000e+00,
7.621523, 0.000000e+00,
7.624995, 0.000000e+00,
7.628467, 0.000000e+00,
7.631940, 0.000000e+00,
7.635412, 0.000000e+00,
7.638884, 0.000000e+00,
7.642356, 0.000000e+00,
7.645828, 0.000000e+00,
7.649301, 0.000000e+00,
7.652773, 0.000000e+00,
7.656245, 0.000000e+00,
7.659717, 0.000000e+00,
7.663190, 0.000000e+00,
7.666662, 0.000000e+00,
7.670134, 0.000000e+00,
7.673606, 0.000000e+00,
7.677078, 0.000000e+00,
7.680551, 0.000000e+00,
7.684023, 0.000000e+00,
7.687495, 0.000000e+00,
7.690967, 0.000000e+00,
7.694440, 0.000000e+00,
7.697912, 0.000000e+00,
7.701384, 0.000000e+00,
7.704856, 0.000000e+00,
7.708328, 0.000000e+00,
7.711801, 0.000000e+00,
7.715273, 0.000000e+00,
7.718745, 0.000000e+00,
7.722217, 0.000000e+00,
7.725689, 0.000000e+00,
7.729162, 0.000000e+00,
7.732634, 0.000000e+00,
7.736106, 0.000000e+00,
7.739578, 0.000000e+00,
7.743051, 0.000000e+00,
7.746523, 0.000000e+00,
7.749995, 0.000000e+00,
7.753467, 0.000000e+00,
7.756939, 0.000000e+00,
7.760412, 0.000000e+00,
7.763884, 0.000000e+00,
7.767356, 0.000000e+00,
7.770828, 0.000000e+00,
7.774301, 0.000000e+00,
7.777773, 0.000000e+00,
7.781245, 0.000000e+00,
7.784717, 0.000000e+00,
7.788189, 0.000000e+00,
7.791662, 0.000000e+00,
7.795134, 0.000000e+00,
7.798606, 0.000000e+00,
7.802078, 0.000000e+00,
7.805551, 0.000000e+00,
7.809023, 0.000000e+00,
7.812495, 0.000000e+00,
7.815967, 0.000000e+00,
7.819439, 0.000000e+00,
7.822912, 0.000000e+00,
7.826384, 0.000000e+00,
7.829856, 0.000000e+00,
7.833328, 0.000000e+00,
7.836801, 0.000000e+00,
7.840273, 0.000000e+00,
7.843745, 0.000000e+00,
7.847217, 0.000000e+00,
7.850689, 1.511672e+00,
7.854162, 0.000000e+00,
7.857634, 0.000000e+00,
7.861106, 0.000000e+00,
7.864578, 0.000000e+00,
7.868051, 0.000000e+00,
7.871523, 0.000000e+00,
7.874995, 0.000000e+00,
7.878467, 0.000000e+00,
7.881939, 0.000000e+00,
7.885412, 0.000000e+00,
7.888884, 0.000000e+00,
7.892356, 0.000000e+00,
7.895828, 0.000000e+00,
7.899300, 0.000000e+00,
7.902773, 0.000000e+00,
7.906245, 0.000000e+00,
7.909717, 0.000000e+00,
7.913189, 0.000000e+00,
7.916662, 0.000000e+00,
7.920134, 0.000000e+00,
7.923606, 0.000000e+00,
7.927078, 0.000000e+00,
7.930550, 0.000000e+00,
7.934023, 0.000000e+00,
7.937495, 0.000000e+00,
7.940967, 0.000000e+00,
7.944439, 0.000000e+00,
7.947912, 0.000000e+00,
7.951384, 0.000000e+00,
7.954856, 0.000000e+00,
7.958328, 0.000000e+00,
7.961800, 0.000000e+00,
7.965273, 0.000000e+00,
7.968745, 0.000000e+00,
7.972217, 0.000000e+00,
7.975689, 0.000000e+00,
7.979162, 0.000000e+00,
7.982634, 0.000000e+00,
7.986106, 0.000000e+00,
7.989578, 0.000000e+00,
7.993050, 0.000000e+00,
7.996523, 0.000000e+00,
7.999995, 0.000000e+00,
8.003467, 0.000000e+00,
8.006939, 0.000000e+00,
8.010412, 0.000000e+00,
8.013884, 0.000000e+00,
8.017356, 0.000000e+00,
8.020828, 0.000000e+00,
8.024300, 0.000000e+00,
8.027773, 0.000000e+00,
8.031245, 0.000000e+00,
8.034717, 0.000000e+00,
8.038189, 0.000000e+00,
8.041662, 0.000000e+00,
8.045134, 0.000000e+00,
8.048606, 0.000000e+00,
8.052078, 0.000000e+00,
8.055550, 0.000000e+00,
8.059023, 0.000000e+00,
8.062495, 0.000000e+00,
8.065967, 0.000000e+00,
8.069439, 0.000000e+00,
8.072912, 0.000000e+00,
8.076384, 0.000000e+00,
8.079856, 0.000000e+00,
8.083328, 0.000000e+00,
8.086800, 0.000000e+00,
8.090273, 0.000000e+00,
8.093745, 0.000000e+00,
8.097217, 0.000000e+00,
8.100689, 0.000000e+00,
8.104161, 0.000000e+00,
8.107634, 0.000000e+00,
8.111106, 0.000000e+00,
8.114578, 0.000000e+00,
8.118050, 0.000000e+00,
8.121523, 0.000000e+00,
8.124995, 0.000000e+00,
8.128467, 0.000000e+00,
8.131939, 0.000000e+00,
8.135411, 0.000000e+00,
8.138884, 0.000000e+00,
8.142356, 0.000000e+00,
8.145828, 0.000000e+00,
8.149300, 0.000000e+00,
8.152773, 0.000000e+00,
8.156245, 0.000000e+00,
8.159717, 0.000000e+00,
8.163189, 0.000000e+00,
8.166661, 0.000000e+00,
8.170134, 0.000000e+00,
8.173606, 0.000000e+00,
8.177078, 0.000000e+00,
8.180550, 0.000000e+00,
8.184023, 0.000000e+00,
8.187495, 0.000000e+00,
8.190967, 0.000000e+00,
8.194439, 0.000000e+00,
8.197911, 0.000000e+00,
8.201384, 0.000000e+00,
8.204856, 0.000000e+00,
8.208328, 0.000000e+00,
8.211800, 0.000000e+00,
8.215273, 0.000000e+00,
8.218745, 0.000000e+00,
8.222217, 0.000000e+00,
8.225689, 0.000000e+00,
8.229161, 0.000000e+00,
8.232634, 0.000000e+00,
8.236106, 0.000000e+00,
8.239578, 0.000000e+00,
8.243050, 0.000000e+00,
8.246522, 0.000000e+00,
8.249995, 0.000000e+00,
8.253467, 0.000000e+00,
8.256939, 0.000000e+00,
8.260411, 0.000000e+00,
8.263884, 0.000000e+00,
8.267356, 0.000000e+00,
8.270828, 0.000000e+00,
8.274300, 0.000000e+00,
8.277772, 0.000000e+00,
8.281245, 0.000000e+00,
8.284717, 0.000000e+00,
8.288189, 0.000000e+00,
8.291661, 0.000000e+00,
8.295134, 0.000000e+00,
8.298606, 0.000000e+00,
8.302078, 0.000000e+00,
8.305550, 0.000000e+00,
8.309022, 0.000000e+00,
8.312495, 0.000000e+00,
8.315967, 0.000000e+00,
8.319439, 0.000000e+00,
8.322911, 0.000000e+00,
8.326384, 0.000000e+00,
8.329856, 0.000000e+00,
8.333328, 0.000000e+00,
8.336800, 0.000000e+00,
8.340272, 0.000000e+00,
8.343745, 0.000000e+00,
8.347217, 0.000000e+00,
8.350689, 0.000000e+00,
8.354161, 0.000000e+00,
8.357634, 0.000000e+00,
8.361106, 0.000000e+00,
8.364578, 0.000000e+00,
8.368050, 0.000000e+00,
8.371522, 0.000000e+00,
8.374995, 0.000000e+00,
8.378467, 0.000000e+00,
8.381939, 0.000000e+00,
8.385411, 0.000000e+00,
8.388884, 0.000000e+00,
8.392356, 0.000000e+00,
8.395828, 0.000000e+00,
8.399300, 0.000000e+00,
8.402772, 0.000000e+00,
8.406245, 0.000000e+00,
8.409717, 0.000000e+00,
8.413189, 0.000000e+00,
8.416661, 0.000000e+00,
8.420134, 0.000000e+00,
8.423606, 0.000000e+00,
8.427078, 0.000000e+00,
8.430550, 0.000000e+00,
8.434022, 0.000000e+00,
8.437495, 0.000000e+00,
8.440967, 0.000000e+00,
8.444439, 0.000000e+00,
8.447911, 0.000000e+00,
8.451383, 0.000000e+00,
8.454856, 0.000000e+00,
8.458328, 0.000000e+00,
8.461800, 0.000000e+00,
8.465272, 0.000000e+00,
8.468745, 0.000000e+00,
8.472217, 0.000000e+00,
8.475689, 0.000000e+00,
8.479161, 0.000000e+00,
8.482633, 0.000000e+00,
8.486106, 0.000000e+00,
8.489578, 0.000000e+00,
8.493050, 0.000000e+00,
8.496522, 0.000000e+00,
8.499995, 0.000000e+00,
8.503467, 0.000000e+00,
8.506939, 0.000000e+00,
8.510411, 0.000000e+00,
8.513883, 0.000000e+00,
8.517356, 0.000000e+00,
8.520828, 0.000000e+00,
8.524300, 0.000000e+00,
8.527772, 0.000000e+00,
8.531245, 0.000000e+00,
8.534717, 0.000000e+00,
8.538189, 0.000000e+00,
8.541661, 0.000000e+00,
8.545133, 0.000000e+00,
8.548606, 0.000000e+00,
8.552078, 0.000000e+00,
8.555550, 0.000000e+00,
8.559022, 0.000000e+00,
8.562495, 0.000000e+00,
8.565967, 0.000000e+00,
8.569439, 0.000000e+00,
8.572911, 0.000000e+00,
8.576383, 0.000000e+00,
8.579856, 0.000000e+00,
8.583328, 0.000000e+00,
8.586800, 0.000000e+00,
8.590272, 0.000000e+00,
8.593744, 0.000000e+00,
8.597217, 0.000000e+00,
8.600689, 0.000000e+00,
8.604161, 0.000000e+00,
8.607633, 0.000000e+00,
8.611106, 0.000000e+00,
8.614578, 0.000000e+00,
8.618050, 0.000000e+00,
8.621522, 0.000000e+00,
8.624994, 0.000000e+00,
8.628467, 0.000000e+00,
8.631939, 0.000000e+00,
8.635411, 0.000000e+00,
8.638883, 0.000000e+00,
8.642356, 0.000000e+00,
8.645828, 0.000000e+00,
8.649300, 0.000000e+00,
8.652772, 0.000000e+00,
8.656244, 0.000000e+00,
8.659717, 0.000000e+00,
8.663189, 5.082240e-01,
8.666661, 0.000000e+00,
8.670133, 0.000000e+00,
8.673606, 0.000000e+00,
8.677078, 0.000000e+00,
8.680550, 0.000000e+00,
8.684022, 0.000000e+00,
8.687494, 0.000000e+00,
8.690967, 0.000000e+00,
8.694439, 0.000000e+00,
8.697911, 0.000000e+00,
8.701383, 0.000000e+00,
8.704856, 0.000000e+00,
8.708328, 0.000000e+00,
8.711800, 0.000000e+00,
8.715272, 0.000000e+00,
8.718744, 0.000000e+00,
8.722217, 0.000000e+00,
8.725689, 0.000000e+00,
8.729161, 0.000000e+00,
8.732633, 0.000000e+00,
8.736106, 0.000000e+00,
8.739578, 0.000000e+00,
8.743050, 0.000000e+00,
8.746522, 0.000000e+00,
8.749994, 0.000000e+00,
8.753467, 0.000000e+00,
8.756939, 0.000000e+00,
8.760411, 0.000000e+00,
8.763883, 0.000000e+00,
8.767355, 0.000000e+00,
8.770828, 0.000000e+00,
8.774300, 0.000000e+00,
8.777772, 0.000000e+00,
8.781244, 0.000000e+00,
8.784717, 0.000000e+00,
8.788189, 0.000000e+00,
8.791661, 0.000000e+00,
8.795133, 0.000000e+00,
8.798605, 0.000000e+00,
8.802078, 0.000000e+00,
8.805550, 0.000000e+00,
8.809022, 0.000000e+00,
8.812494, 0.000000e+00,
8.815967, 0.000000e+00,
8.819439, 0.000000e+00,
8.822911, 0.000000e+00,
8.826383, 0.000000e+00,
8.829855, 0.000000e+00,
8.833328, 0.000000e+00,
8.836800, 0.000000e+00,
8.840272, 0.000000e+00,
8.843744, 0.000000e+00,
8.847217, 0.000000e+00,
8.850689, 0.000000e+00,
8.854161, 0.000000e+00,
8.857633, 0.000000e+00,
8.861105, 3.029894e-01,
8.864578, 0.000000e+00,
8.868050, 0.000000e+00,
8.871522, 0.000000e+00,
8.874994, 0.000000e+00,
8.878467, 0.000000e+00,
8.881939, 0.000000e+00,
8.885411, 0.000000e+00,
8.888883, 0.000000e+00,
8.892355, 0.000000e+00,
8.895828, 0.000000e+00,
8.899300, 0.000000e+00,
8.902772, 0.000000e+00,
8.906244, 0.000000e+00,
8.909717, 0.000000e+00,
8.913189, 0.000000e+00,
8.916661, 0.000000e+00,
8.920133, 0.000000e+00,
8.923605, 0.000000e+00,
8.927078, 0.000000e+00,
8.930550, 0.000000e+00,
8.934022, 0.000000e+00,
8.937494, 0.000000e+00,
8.940967, 0.000000e+00,
8.944439, 0.000000e+00,
8.947911, 0.000000e+00,
8.951383, 0.000000e+00,
8.954855, 0.000000e+00,
8.958328, 0.000000e+00,
8.961800, 0.000000e+00,
8.965272, 0.000000e+00,
8.968744, 0.000000e+00,
8.972216, 0.000000e+00,
8.975689, 0.000000e+00,
8.979161, 0.000000e+00,
8.982633, 0.000000e+00,
8.986105, 0.000000e+00,
8.989578, 0.000000e+00,
8.993050, 0.000000e+00,
8.996522, 0.000000e+00,
8.999994, 0.000000e+00,
9.003466, 0.000000e+00,
9.006939, 0.000000e+00,
9.010411, 0.000000e+00,
9.013883, 0.000000e+00,
9.017355, 0.000000e+00,
9.020828, 0.000000e+00,
9.024300, 0.000000e+00,
9.027772, 0.000000e+00,
9.031244, 0.000000e+00,
9.034716, 0.000000e+00,
9.038189, 0.000000e+00,
9.041661, 0.000000e+00,
9.045133, 0.000000e+00,
9.048605, 0.000000e+00,
9.052078, 0.000000e+00,
9.055550, 0.000000e+00,
9.059022, 0.000000e+00,
9.062494, 0.000000e+00,
9.065966, 0.000000e+00,
9.069439, 0.000000e+00,
9.072911, 0.000000e+00,
9.076383, 0.000000e+00,
9.079855, 0.000000e+00,
9.083328, 0.000000e+00,
9.086800, 0.000000e+00,
9.090272, 0.000000e+00,
9.093744, 0.000000e+00,
9.097216, 0.000000e+00,
9.100689, 0.000000e+00,
9.104161, 0.000000e+00,
9.107633, 0.000000e+00,
9.111105, 0.000000e+00,
9.114577, 0.000000e+00,
9.118050, 0.000000e+00,
9.121522, 0.000000e+00,
9.124994, 0.000000e+00,
9.128466, 0.000000e+00,
9.131939, 0.000000e+00,
9.135411, 0.000000e+00,
9.138883, 0.000000e+00,
9.142355, 0.000000e+00,
9.145827, 0.000000e+00,
9.149300, 0.000000e+00,
9.152772, 0.000000e+00,
9.156244, 0.000000e+00,
9.159716, 0.000000e+00,
9.163189, 0.000000e+00,
9.166661, 0.000000e+00,
9.170133, 0.000000e+00,
9.173605, 0.000000e+00,
9.177077, 0.000000e+00,
9.180550, 0.000000e+00,
9.184022, 0.000000e+00,
9.187494, 0.000000e+00,
9.190966, 0.000000e+00,
9.194439, 0.000000e+00,
9.197911, 0.000000e+00,
9.201383, 0.000000e+00,
9.204855, 0.000000e+00,
9.208327, 0.000000e+00,
9.211800, 0.000000e+00,
9.215272, 0.000000e+00,
9.218744, 0.000000e+00,
9.222216, 0.000000e+00,
9.225689, 0.000000e+00,
9.229161, 0.000000e+00,
9.232633, 0.000000e+00,
9.236105, 0.000000e+00,
9.239577, 0.000000e+00,
9.243050, 0.000000e+00,
9.246522, 0.000000e+00,
9.249994, 0.000000e+00,
9.253466, 0.000000e+00,
9.256939, 0.000000e+00,
9.260411, 0.000000e+00,
9.263883, 0.000000e+00,
9.267355, 0.000000e+00,
9.270827, 0.000000e+00,
9.274300, 0.000000e+00,
9.277772, 0.000000e+00,
9.281244, 0.000000e+00,
9.284716, 0.000000e+00,
9.288189, 0.000000e+00,
9.291661, 0.000000e+00,
9.295133, 0.000000e+00,
9.298605, 0.000000e+00,
9.302077, 0.000000e+00,
9.305550, 0.000000e+00,
9.309022, 0.000000e+00,
9.312494, 0.000000e+00,
9.315966, 0.000000e+00,
9.319438, 0.000000e+00,
9.322911, 0.000000e+00,
9.326383, 0.000000e+00,
9.329855, 0.000000e+00,
9.333327, 0.000000e+00,
9.336800, 0.000000e+00,
9.340272, 0.000000e+00,
9.343744, 0.000000e+00,
9.347216, 0.000000e+00,
9.350688, 0.000000e+00,
9.354161, 0.000000e+00,
9.357633, 0.000000e+00,
9.361105, 0.000000e+00,
9.364577, 0.000000e+00,
9.368050, 0.000000e+00,
9.371522, 0.000000e+00,
9.374994, 0.000000e+00,
9.378466, 0.000000e+00,
9.381938, 0.000000e+00,
9.385411, 0.000000e+00,
9.388883, 0.000000e+00,
9.392355, 0.000000e+00,
9.395827, 0.000000e+00,
9.399300, 0.000000e+00,
9.402772, 0.000000e+00,
9.406244, 0.000000e+00,
9.409716, 0.000000e+00,
9.413188, 0.000000e+00,
9.416661, 0.000000e+00,
9.420133, 0.000000e+00,
9.423605, 0.000000e+00,
9.427077, 0.000000e+00,
9.430550, 0.000000e+00,
9.434022, 0.000000e+00,
9.437494, 0.000000e+00,
9.440966, 0.000000e+00,
9.444438, 0.000000e+00,
9.447911, 0.000000e+00,
9.451383, 0.000000e+00,
9.454855, 0.000000e+00,
9.458327, 0.000000e+00,
9.461799, 0.000000e+00,
9.465272, 0.000000e+00,
9.468744, 0.000000e+00,
9.472216, 0.000000e+00,
9.475688, 0.000000e+00,
9.479161, 0.000000e+00,
9.482633, 0.000000e+00,
9.486105, 0.000000e+00,
9.489577, 0.000000e+00,
9.493049, 0.000000e+00,
9.496522, 0.000000e+00,
9.499994, 0.000000e+00,
9.503466, 0.000000e+00,
9.506938, 7.118901e-01,
9.510411, 0.000000e+00,
9.513883, 0.000000e+00,
9.517355, 0.000000e+00,
9.520827, 0.000000e+00,
9.524299, 0.000000e+00,
9.527772, 0.000000e+00,
9.531244, 0.000000e+00,
9.534716, 0.000000e+00,
9.538188, 0.000000e+00,
9.541661, 0.000000e+00,
9.545133, 0.000000e+00,
9.548605, 0.000000e+00,
9.552077, 0.000000e+00,
9.555549, 0.000000e+00,
9.559022, 0.000000e+00,
9.562494, 0.000000e+00,
9.565966, 0.000000e+00,
9.569438, 0.000000e+00,
9.572911, 0.000000e+00,
9.576383, 0.000000e+00,
9.579855, 0.000000e+00,
9.583327, 0.000000e+00,
9.586799, 0.000000e+00,
9.590272, 0.000000e+00,
9.593744, 0.000000e+00,
9.597216, 0.000000e+00,
9.600688, 0.000000e+00,
9.604161, 0.000000e+00,
9.607633, 0.000000e+00,
9.611105, 0.000000e+00,
9.614577, 0.000000e+00,
9.618049, 0.000000e+00,
9.621522, 0.000000e+00,
9.624994, 0.000000e+00,
9.628466, 0.000000e+00,
9.631938, 0.000000e+00,
9.635410, 0.000000e+00,
9.638883, 0.000000e+00,
9.642355, 0.000000e+00,
9.645827, 0.000000e+00,
9.649299, 0.000000e+00,
9.652772, 5.115090e-01,
9.656244, 0.000000e+00,
9.659716, 0.000000e+00,
9.663188, 0.000000e+00,
9.666660, 0.000000e+00,
9.670133, 0.000000e+00,
9.673605, 0.000000e+00,
9.677077, 0.000000e+00,
9.680549, 0.000000e+00,
9.684022, 0.000000e+00,
9.687494, 0.000000e+00,
9.690966, 0.000000e+00,
9.694438, 0.000000e+00,
9.697910, 0.000000e+00,
9.701383, 0.000000e+00,
9.704855, 0.000000e+00,
9.708327, 0.000000e+00,
9.711799, 0.000000e+00,
9.715272, 0.000000e+00,
9.718744, 0.000000e+00,
9.722216, 0.000000e+00,
9.725688, 0.000000e+00,
9.729160, 0.000000e+00,
9.732633, 0.000000e+00,
9.736105, 0.000000e+00,
9.739577, 0.000000e+00,
9.743049, 0.000000e+00,
9.746522, 0.000000e+00,
9.749994, 0.000000e+00,
9.753466, 0.000000e+00,
9.756938, 0.000000e+00,
9.760410, 0.000000e+00,
9.763883, 0.000000e+00,
9.767355, 0.000000e+00,
9.770827, 0.000000e+00,
9.774299, 0.000000e+00,
9.777772, 0.000000e+00,
9.781244, 0.000000e+00,
9.784716, 0.000000e+00,
9.788188, 0.000000e+00,
9.791660, 0.000000e+00,
9.795133, 0.000000e+00,
9.798605, 0.000000e+00,
9.802077, 0.000000e+00,
9.805549, 0.000000e+00,
9.809022, 0.000000e+00,
9.812494, 0.000000e+00,
9.815966, 0.000000e+00,
9.819438, 0.000000e+00,
9.822910, 0.000000e+00,
9.826383, 0.000000e+00,
9.829855, 0.000000e+00,
9.833327, 0.000000e+00,
9.836799, 0.000000e+00,
9.840271, 0.000000e+00,
9.843744, 0.000000e+00,
9.847216, 0.000000e+00,
9.850688, 0.000000e+00,
9.854160, 0.000000e+00,
9.857633, 0.000000e+00,
9.861105, 0.000000e+00,
9.864577, 0.000000e+00,
9.868049, 0.000000e+00,
9.871521, 0.000000e+00,
9.874994, 0.000000e+00,
9.878466, 0.000000e+00,
9.881938, 0.000000e+00,
9.885410, 0.000000e+00,
9.888883, 0.000000e+00,
9.892355, 0.000000e+00,
9.895827, 0.000000e+00,
9.899299, 0.000000e+00,
9.902771, 0.000000e+00,
9.906244, 0.000000e+00,
9.909716, 0.000000e+00,
9.913188, 0.000000e+00,
9.916660, 0.000000e+00,
9.920133, 0.000000e+00,
9.923605, 0.000000e+00,
9.927077, 0.000000e+00,
9.930549, 0.000000e+00,
9.934021, 0.000000e+00,
9.937494, 0.000000e+00,
9.940966, 0.000000e+00,
9.944438, 0.000000e+00,
9.947910, 0.000000e+00,
9.951383, 0.000000e+00,
9.954855, 0.000000e+00,
9.958327, 0.000000e+00,
9.961799, 0.000000e+00,
9.965271, 0.000000e+00,
9.968744, 0.000000e+00,
9.972216, 0.000000e+00,
9.975688, 0.000000e+00,
9.979160, 0.000000e+00,
9.982632, 0.000000e+00,
9.986105, 0.000000e+00,
9.989577, 0.000000e+00,
9.993049, 0.000000e+00,
9.996521, 0.000000e+00,
9.999994, 0.000000e+00,
10.003466, 0.000000e+00,
