names, S_Pond (1), H_Pond (1), E_Pond (1), 
//t, S_Pond (1), t, H_Pond (1), t, E_Pond (1), 
0.000000, 1.000000e+00,0.000000, 1.000000e+00,0.000000, 0.000000e+00,
0.010000, 1.000017e+00,0.010000, 1.000013e+00,0.010000, 0.000000e+00,
0.020000, 1.000027e+00,0.020000, 1.000023e+00,0.020000, 0.000000e+00,
0.030000, 1.000037e+00,0.030000, 1.000033e+00,0.030000, 0.000000e+00,
0.040000, 1.000048e+00,0.040000, 1.000047e+00,0.040000, 0.000000e+00,
0.050000, 1.000057e+00,0.050000, 1.000053e+00,0.050000, 0.000000e+00,
0.060000, 1.000067e+00,0.060000, 1.000063e+00,0.060000, 0.000000e+00,
0.070000, 1.000077e+00,0.070000, 1.000073e+00,0.070000, 0.000000e+00,
0.080000, 1.000087e+00,0.080000, 1.000083e+00,0.080000, 0.000000e+00,
0.090000, 1.000097e+00,0.090000, 1.000093e+00,0.090000, 0.000000e+00,
0.100000, 1.000107e+00,0.100000, 1.000103e+00,0.100000, 0.000000e+00,
0.110000, 1.000117e+00,0.110000, 1.000113e+00,0.110000, 0.000000e+00,
0.120000, 1.000127e+00,0.120000, 1.000123e+00,0.120000, 0.000000e+00,
0.130000, 1.000137e+00,0.130000, 1.000133e+00,0.130000, 0.000000e+00,
0.140000, 1.000147e+00,0.140000, 1.000143e+00,0.140000, 0.000000e+00,
0.150000, 1.000157e+00,0.150000, 1.000153e+00,0.150000, 0.000000e+00,
0.160000, 1.000167e+00,0.160000, 1.000163e+00,0.160000, 0.000000e+00,
0.170000, 1.000177e+00,0.170000, 1.000173e+00,0.170000, 0.000000e+00,
0.180000, 1.000187e+00,0.180000, 1.000183e+00,0.180000, 0.000000e+00,
0.190000, 1.000197e+00,0.190000, 1.000193e+00,0.190000, 0.000000e+00,
0.200000, 1.000207e+00,0.200000, 1.000203e+00,0.200000, 0.000000e+00,
0.210000, 1.000217e+00,0.210000, 1.000213e+00,0.210000, 0.000000e+00,
0.220000, 1.000227e+00,0.220000, 1.000223e+00,0.220000, 0.000000e+00,
0.230000, 1.000237e+00,0.230000, 1.000233e+00,0.230000, 0.000000e+00,
0.240000, 1.000247e+00,0.240000, 1.000243e+00,0.240000, 0.000000e+00,
0.250000, 1.000257e+00,0.250000, 1.000253e+00,0.250000, 0.000000e+00,
0.260000, 1.000267e+00,0.260000, 1.000263e+00,0.260000, 0.000000e+00,
0.270000, 1.000277e+00,0.270000, 1.000273e+00,0.270000, 0.000000e+00,
0.280000, 1.000287e+00,0.280000, 1.000283e+00,0.280000, 0.000000e+00,
0.290000, 1.000297e+00,0.290000, 1.000293e+00,0.290000, 0.000000e+00,
0.300000, 1.000307e+00,0.300000, 1.000303e+00,0.300000, 0.000000e+00,
0.310000, 1.000317e+00,0.310000, 1.000313e+00,0.310000, 0.000000e+00,
0.320000, 1.000327e+00,0.320000, 1.000323e+00,0.320000, 0.000000e+00,
0.330000, 1.000337e+00,0.330000, 1.000333e+00,0.330000, 0.000000e+00,
0.340000, 1.000347e+00,0.340000, 1.000343e+00,0.340000, 0.000000e+00,
0.350000, 1.000357e+00,0.350000, 1.000353e+00,0.350000, 0.000000e+00,
0.360000, 1.000367e+00,0.360000, 1.000363e+00,0.360000, 0.000000e+00,
0.370000, 1.000377e+00,0.370000, 1.000373e+00,0.370000, 0.000000e+00,
0.380000, 1.000387e+00,0.380000, 1.000383e+00,0.380000, 0.000000e+00,
0.390000, 1.000397e+00,0.390000, 1.000393e+00,0.390000, 0.000000e+00,
0.400000, 1.000407e+00,0.400000, 1.000403e+00,0.400000, 0.000000e+00,
0.410000, 1.000417e+00,0.410000, 1.000413e+00,0.410000, 0.000000e+00,
0.420000, 1.000427e+00,0.420000, 1.000423e+00,0.420000, 0.000000e+00,
0.430000, 1.000437e+00,0.430000, 1.000433e+00,0.430000, 0.000000e+00,
0.440000, 1.000447e+00,0.440000, 1.000443e+00,0.440000, 0.000000e+00,
0.450000, 1.000457e+00,0.450000, 1.000453e+00,0.450000, 0.000000e+00,
0.460000, 1.000467e+00,0.460000, 1.000463e+00,0.460000, 0.000000e+00,
0.470000, 1.000477e+00,0.470000, 1.000473e+00,0.470000, 0.000000e+00,
0.480000, 1.000487e+00,0.480000, 1.000483e+00,0.480000, 0.000000e+00,
0.490000, 1.000497e+00,0.490000, 1.000493e+00,0.490000, 0.000000e+00,
0.500000, 1.000507e+00,0.500000, 1.000503e+00,0.500000, 0.000000e+00,
0.510000, 1.000517e+00,0.510000, 1.000513e+00,0.510000, 0.000000e+00,
0.520000, 1.000527e+00,0.520000, 1.000523e+00,0.520000, 0.000000e+00,
0.530000, 1.000537e+00,0.530000, 1.000533e+00,0.530000, 0.000000e+00,
0.540000, 1.000547e+00,0.540000, 1.000543e+00,0.540000, 0.000000e+00,
0.550000, 1.000557e+00,0.550000, 1.000553e+00,0.550000, 0.000000e+00,
0.560000, 1.000567e+00,0.560000, 1.000563e+00,0.560000, 0.000000e+00,
0.570000, 1.000577e+00,0.570000, 1.000573e+00,0.570000, 0.000000e+00,
0.580000, 1.000587e+00,0.580000, 1.000583e+00,0.580000, 0.000000e+00,
0.590000, 1.000597e+00,0.590000, 1.000593e+00,0.590000, 0.000000e+00,
0.600000, 1.000607e+00,0.600000, 1.000603e+00,0.600000, 0.000000e+00,
0.610000, 1.000617e+00,0.610000, 1.000613e+00,0.610000, 0.000000e+00,
0.620000, 1.000627e+00,0.620000, 1.000623e+00,0.620000, 0.000000e+00,
0.630000, 1.000637e+00,0.630000, 1.000633e+00,0.630000, 0.000000e+00,
0.640000, 1.000647e+00,0.640000, 1.000643e+00,0.640000, 0.000000e+00,
0.650000, 1.000657e+00,0.650000, 1.000653e+00,0.650000, 0.000000e+00,
0.660000, 1.000667e+00,0.660000, 1.000663e+00,0.660000, 0.000000e+00,
0.670000, 1.000677e+00,0.670000, 1.000673e+00,0.670000, 0.000000e+00,
0.680000, 1.000687e+00,0.680000, 1.000683e+00,0.680000, 0.000000e+00,
0.690000, 1.000697e+00,0.690000, 1.000693e+00,0.690000, 0.000000e+00,
0.700000, 1.000707e+00,0.700000, 1.000703e+00,0.700000, 0.000000e+00,
0.710000, 1.000717e+00,0.710000, 1.000713e+00,0.710000, 0.000000e+00,
0.720000, 1.000727e+00,0.720000, 1.000723e+00,0.720000, 0.000000e+00,
0.730000, 1.000737e+00,0.730000, 1.000733e+00,0.730000, 0.000000e+00,
0.740000, 1.000747e+00,0.740000, 1.000743e+00,0.740000, 0.000000e+00,
0.750000, 1.000757e+00,0.750000, 1.000753e+00,0.750000, 0.000000e+00,
0.760000, 1.000767e+00,0.760000, 1.000763e+00,0.760000, 0.000000e+00,
0.770000, 1.000777e+00,0.770000, 1.000773e+00,0.770000, 0.000000e+00,
0.780000, 1.000787e+00,0.780000, 1.000783e+00,0.780000, 0.000000e+00,
0.790000, 1.000797e+00,0.790000, 1.000793e+00,0.790000, 0.000000e+00,
0.800000, 1.000807e+00,0.800000, 1.000803e+00,0.800000, 0.000000e+00,
0.810000, 1.000817e+00,0.810000, 1.000813e+00,0.810000, 0.000000e+00,
0.820000, 1.000827e+00,0.820000, 1.000823e+00,0.820000, 0.000000e+00,
0.830000, 1.000837e+00,0.830000, 1.000833e+00,0.830000, 0.000000e+00,
0.840000, 1.000847e+00,0.840000, 1.000843e+00,0.840000, 0.000000e+00,
0.850000, 1.000857e+00,0.850000, 1.000853e+00,0.850000, 0.000000e+00,
0.860000, 1.000867e+00,0.860000, 1.000863e+00,0.860000, 0.000000e+00,
0.870000, 1.000877e+00,0.870000, 1.000873e+00,0.870000, 0.000000e+00,
0.880000, 1.000887e+00,0.880000, 1.000883e+00,0.880000, 0.000000e+00,
0.890000, 1.000897e+00,0.890000, 1.000893e+00,0.890000, 0.000000e+00,
0.900000, 1.000907e+00,0.900000, 1.000903e+00,0.900000, 0.000000e+00,
0.910000, 1.000917e+00,0.910000, 1.000913e+00,0.910000, 0.000000e+00,
0.920000, 1.000927e+00,0.920000, 1.000923e+00,0.920000, 0.000000e+00,
0.930000, 1.000937e+00,0.930000, 1.000933e+00,0.930000, 0.000000e+00,
0.940000, 1.000947e+00,0.940000, 1.000943e+00,0.940000, 0.000000e+00,
0.950000, 1.000957e+00,0.950000, 1.000953e+00,0.950000, 0.000000e+00,
0.960000, 1.000967e+00,0.960000, 1.000963e+00,0.960000, 0.000000e+00,
0.970000, 1.000977e+00,0.970000, 1.000973e+00,0.970000, 0.000000e+00,
0.980000, 1.000987e+00,0.980000, 1.000983e+00,0.980000, 0.000000e+00,
0.990000, 1.000997e+00,0.990000, 1.000993e+00,0.990000, 0.000000e+00,
1.000000, 1.001007e+00,1.000000, 1.001003e+00,1.000000, 0.000000e+00,
1.010000, 1.001017e+00,1.010000, 1.001013e+00,1.010000, 0.000000e+00,
1.020000, 1.001027e+00,1.020000, 1.001023e+00,1.020000, 0.000000e+00,
1.030000, 1.001037e+00,1.030000, 1.001033e+00,1.030000, 0.000000e+00,
1.040000, 1.001047e+00,1.040000, 1.001043e+00,1.040000, 0.000000e+00,
1.050000, 1.001057e+00,1.050000, 1.001053e+00,1.050000, 0.000000e+00,
1.060000, 1.001067e+00,1.060000, 1.001063e+00,1.060000, 0.000000e+00,
1.070000, 1.001077e+00,1.070000, 1.001073e+00,1.070000, 0.000000e+00,
1.080000, 1.001087e+00,1.080000, 1.001083e+00,1.080000, 0.000000e+00,
1.090000, 1.001097e+00,1.090000, 1.001093e+00,1.090000, 0.000000e+00,
1.100000, 1.001107e+00,1.100000, 1.001103e+00,1.100000, 0.000000e+00,
1.110000, 1.001117e+00,1.110000, 1.001113e+00,1.110000, 0.000000e+00,
1.120000, 1.001127e+00,1.120000, 1.001125e+00,1.120000, 0.000000e+00,
1.130000, 1.001137e+00,1.130000, 1.001133e+00,1.130000, 0.000000e+00,
1.140000, 1.001147e+00,1.140000, 1.001143e+00,1.140000, 0.000000e+00,
1.150000, 1.001157e+00,1.150000, 1.001153e+00,1.150000, 0.000000e+00,
1.160000, 1.001170e+00,1.160000, 1.001167e+00,1.160000, 0.000000e+00,
1.170000, 1.001177e+00,1.170000, 1.001173e+00,1.170000, 0.000000e+00,
1.180000, 1.001187e+00,1.180000, 1.001183e+00,1.180000, 0.000000e+00,
1.190000, 1.001197e+00,1.190000, 1.001193e+00,1.190000, 0.000000e+00,
1.200000, 1.001207e+00,1.200000, 1.001203e+00,1.200000, 0.000000e+00,
1.210000, 1.001217e+00,1.210000, 1.001215e+00,1.210000, 0.000000e+00,
1.220000, 1.001227e+00,1.220000, 1.001223e+00,1.220000, 0.000000e+00,
1.230000, 1.001237e+00,1.230000, 1.001233e+00,1.230000, 0.000000e+00,
1.240000, 1.001247e+00,1.240000, 1.001243e+00,1.240000, 0.000000e+00,
1.250000, 1.001257e+00,1.250000, 1.001253e+00,1.250000, 0.000000e+00,
1.260000, 1.001267e+00,1.260000, 1.001263e+00,1.260000, 0.000000e+00,
1.270000, 1.001277e+00,1.270000, 1.001273e+00,1.270000, 0.000000e+00,
1.280000, 1.001288e+00,1.280000, 1.001287e+00,1.280000, 0.000000e+00,
1.290000, 1.001297e+00,1.290000, 1.001293e+00,1.290000, 0.000000e+00,
1.300000, 1.001307e+00,1.300000, 1.001303e+00,1.300000, 0.000000e+00,
1.310000, 1.001317e+00,1.310000, 1.001313e+00,1.310000, 0.000000e+00,
1.320000, 1.001327e+00,1.320000, 1.001323e+00,1.320000, 0.000000e+00,
1.330000, 1.001337e+00,1.330000, 1.001333e+00,1.330000, 0.000000e+00,
1.340000, 1.001347e+00,1.340000, 1.001343e+00,1.340000, 0.000000e+00,
1.350000, 1.001357e+00,1.350000, 1.001353e+00,1.350000, 0.000000e+00,
1.360000, 1.001367e+00,1.360000, 1.001363e+00,1.360000, 0.000000e+00,
1.370000, 1.001378e+00,1.370000, 1.001377e+00,1.370000, 0.000000e+00,
1.380000, 1.001387e+00,1.380000, 1.001383e+00,1.380000, 0.000000e+00,
1.390000, 1.001397e+00,1.390000, 1.001393e+00,1.390000, 0.000000e+00,
1.400000, 1.001407e+00,1.400000, 1.001403e+00,1.400000, 0.000000e+00,
1.410000, 1.001417e+00,1.410000, 1.001413e+00,1.410000, 0.000000e+00,
1.420000, 1.001427e+00,1.420000, 1.001423e+00,1.420000, 0.000000e+00,
1.430000, 1.001437e+00,1.430000, 1.001433e+00,1.430000, 0.000000e+00,
1.440000, 1.001447e+00,1.440000, 1.001443e+00,1.440000, 0.000000e+00,
1.450000, 1.001457e+00,1.450000, 1.001453e+00,1.450000, 0.000000e+00,
1.460000, 1.001467e+00,1.460000, 1.001463e+00,1.460000, 0.000000e+00,
1.470000, 1.001477e+00,1.470000, 1.001473e+00,1.470000, 0.000000e+00,
1.480000, 1.001487e+00,1.480000, 1.001483e+00,1.480000, 0.000000e+00,
1.490000, 1.001497e+00,1.490000, 1.001496e+00,1.490000, 0.000000e+00,
1.500000, 1.001507e+00,1.500000, 1.001503e+00,1.500000, 0.000000e+00,
1.510000, 1.001517e+00,1.510000, 1.001513e+00,1.510000, 0.000000e+00,
1.520000, 1.001527e+00,1.520000, 1.001523e+00,1.520000, 0.000000e+00,
1.530000, 1.001537e+00,1.530000, 1.001533e+00,1.530000, 0.000000e+00,
1.540000, 1.001547e+00,1.540000, 1.001543e+00,1.540000, 0.000000e+00,
1.550000, 1.001557e+00,1.550000, 1.001553e+00,1.550000, 0.000000e+00,
1.560000, 1.001567e+00,1.560000, 1.001563e+00,1.560000, 0.000000e+00,
1.570000, 1.001577e+00,1.570000, 1.001573e+00,1.570000, 0.000000e+00,
1.580000, 1.001587e+00,1.580000, 1.001583e+00,1.580000, 0.000000e+00,
1.590000, 1.001597e+00,1.590000, 1.001593e+00,1.590000, 0.000000e+00,
1.600000, 1.001607e+00,1.600000, 1.001603e+00,1.600000, 0.000000e+00,
1.610000, 1.001617e+00,1.610000, 1.001614e+00,1.610000, 0.000000e+00,
1.620000, 1.001627e+00,1.620000, 1.001623e+00,1.620000, 0.000000e+00,
1.630000, 1.001637e+00,1.630000, 1.001633e+00,1.630000, 0.000000e+00,
1.640000, 1.001647e+00,1.640000, 1.001643e+00,1.640000, 0.000000e+00,
1.650000, 1.001659e+00,1.650000, 1.001657e+00,1.650000, 0.000000e+00,
1.660000, 1.001667e+00,1.660000, 1.001663e+00,1.660000, 0.000000e+00,
1.670000, 1.001677e+00,1.670000, 1.001673e+00,1.670000, 0.000000e+00,
1.680000, 1.001687e+00,1.680000, 1.001683e+00,1.680000, 0.000000e+00,
1.690000, 1.001697e+00,1.690000, 1.001693e+00,1.690000, 0.000000e+00,
1.700000, 1.001707e+00,1.700000, 1.001703e+00,1.700000, 0.000000e+00,
1.710000, 1.001717e+00,1.710000, 1.001713e+00,1.710000, 0.000000e+00,
1.720000, 1.001727e+00,1.720000, 1.001723e+00,1.720000, 0.000000e+00,
1.730000, 1.001737e+00,1.730000, 1.001733e+00,1.730000, 0.000000e+00,
1.740000, 1.001747e+00,1.740000, 1.001743e+00,1.740000, 0.000000e+00,
1.750000, 1.001757e+00,1.750000, 1.001753e+00,1.750000, 0.000000e+00,
1.760000, 1.001767e+00,1.760000, 1.001763e+00,1.760000, 0.000000e+00,
1.770000, 1.001777e+00,1.770000, 1.001777e+00,1.770000, 0.000000e+00,
1.780000, 1.001787e+00,1.780000, 1.001783e+00,1.780000, 0.000000e+00,
1.790000, 1.001797e+00,1.790000, 1.001793e+00,1.790000, 0.000000e+00,
1.800000, 1.001807e+00,1.800000, 1.001803e+00,1.800000, 0.000000e+00,
1.810000, 1.001817e+00,1.810000, 1.001813e+00,1.810000, 0.000000e+00,
1.820000, 1.001827e+00,1.820000, 1.001823e+00,1.820000, 0.000000e+00,
1.830000, 1.001837e+00,1.830000, 1.001833e+00,1.830000, 0.000000e+00,
1.840000, 1.001847e+00,1.840000, 1.001843e+00,1.840000, 0.000000e+00,
1.850000, 1.001857e+00,1.850000, 1.001853e+00,1.850000, 0.000000e+00,
1.860000, 1.001867e+00,1.860000, 1.001863e+00,1.860000, 0.000000e+00,
1.870000, 1.001877e+00,1.870000, 1.001873e+00,1.870000, 0.000000e+00,
1.880000, 1.001887e+00,1.880000, 1.001883e+00,1.880000, 0.000000e+00,
1.890000, 1.001897e+00,1.890000, 1.001893e+00,1.890000, 0.000000e+00,
1.900000, 1.001907e+00,1.900000, 1.001903e+00,1.900000, 0.000000e+00,
1.910000, 1.001917e+00,1.910000, 1.001913e+00,1.910000, 0.000000e+00,
1.920000, 1.001927e+00,1.920000, 1.001923e+00,1.920000, 0.000000e+00,
1.930000, 1.001937e+00,1.930000, 1.001933e+00,1.930000, 0.000000e+00,
1.940000, 1.001947e+00,1.940000, 1.001943e+00,1.940000, 0.000000e+00,
1.950000, 1.001957e+00,1.950000, 1.001953e+00,1.950000, 0.000000e+00,
1.960000, 1.001967e+00,1.960000, 1.001963e+00,1.960000, 0.000000e+00,
1.970000, 1.001977e+00,1.970000, 1.001973e+00,1.970000, 0.000000e+00,
1.980000, 1.001987e+00,1.980000, 1.001983e+00,1.980000, 0.000000e+00,
1.990000, 1.001997e+00,1.990000, 1.001993e+00,1.990000, 0.000000e+00,
2.000000, 1.002007e+00,2.000000, 1.002003e+00,2.000000, 0.000000e+00,
2.010000, 1.002017e+00,2.010000, 1.002013e+00,2.010000, 0.000000e+00,
2.020000, 1.002027e+00,2.020000, 1.002023e+00,2.020000, 0.000000e+00,
2.030000, 1.002037e+00,2.030000, 1.002033e+00,2.030000, 0.000000e+00,
2.040000, 1.002047e+00,2.040000, 1.002043e+00,2.040000, 0.000000e+00,
2.050000, 1.002057e+00,2.050000, 1.002053e+00,2.050000, 0.000000e+00,
2.060000, 1.002067e+00,2.060000, 1.002063e+00,2.060000, 0.000000e+00,
2.070000, 1.002077e+00,2.070000, 1.002073e+00,2.070000, 0.000000e+00,
2.080000, 1.002090e+00,2.080000, 1.002087e+00,2.080000, 0.000000e+00,
2.090000, 1.002097e+00,2.090000, 1.002093e+00,2.090000, 0.000000e+00,
2.100000, 1.002107e+00,2.100000, 1.002103e+00,2.100000, 0.000000e+00,
2.110000, 1.002117e+00,2.110000, 1.002113e+00,2.110000, 0.000000e+00,
2.120000, 1.002127e+00,2.120000, 1.002123e+00,2.120000, 0.000000e+00,
2.130000, 1.002137e+00,2.130000, 1.002133e+00,2.130000, 0.000000e+00,
2.140000, 1.002147e+00,2.140000, 1.002143e+00,2.140000, 0.000000e+00,
2.150000, 1.002157e+00,2.150000, 1.002153e+00,2.150000, 0.000000e+00,
2.160000, 1.002167e+00,2.160000, 1.002163e+00,2.160000, 0.000000e+00,
2.170000, 1.002177e+00,2.170000, 1.002173e+00,2.170000, 0.000000e+00,
2.180000, 1.002187e+00,2.180000, 1.002183e+00,2.180000, 0.000000e+00,
2.190000, 1.002197e+00,2.190000, 1.002193e+00,2.190000, 0.000000e+00,
2.200000, 1.002207e+00,2.200000, 1.002203e+00,2.200000, 0.000000e+00,
2.210000, 1.002217e+00,2.210000, 1.002213e+00,2.210000, 0.000000e+00,
2.220000, 1.002227e+00,2.220000, 1.002223e+00,2.220000, 0.000000e+00,
2.230000, 1.002237e+00,2.230000, 1.002236e+00,2.230000, 0.000000e+00,
2.240000, 1.002247e+00,2.240000, 1.002243e+00,2.240000, 0.000000e+00,
2.250000, 1.002257e+00,2.250000, 1.002253e+00,2.250000, 0.000000e+00,
2.260000, 1.002267e+00,2.260000, 1.002263e+00,2.260000, 0.000000e+00,
2.270000, 1.002277e+00,2.270000, 1.002273e+00,2.270000, 0.000000e+00,
2.280000, 1.002287e+00,2.280000, 1.002283e+00,2.280000, 0.000000e+00,
2.290000, 1.002297e+00,2.290000, 1.002293e+00,2.290000, 0.000000e+00,
2.300000, 1.002307e+00,2.300000, 1.002303e+00,2.300000, 0.000000e+00,
2.310000, 1.002317e+00,2.310000, 1.002313e+00,2.310000, 0.000000e+00,
2.320000, 1.002327e+00,2.320000, 1.002326e+00,2.320000, 0.000000e+00,
2.330000, 1.002337e+00,2.330000, 1.002333e+00,2.330000, 0.000000e+00,
2.340000, 1.002347e+00,2.340000, 1.002343e+00,2.340000, 0.000000e+00,
2.350000, 1.002357e+00,2.350000, 1.002353e+00,2.350000, 0.000000e+00,
2.360000, 1.002367e+00,2.360000, 1.002363e+00,2.360000, 0.000000e+00,
2.370000, 1.002377e+00,2.370000, 1.002373e+00,2.370000, 0.000000e+00,
2.380000, 1.002387e+00,2.380000, 1.002383e+00,2.380000, 0.000000e+00,
2.390000, 1.002399e+00,2.390000, 1.002397e+00,2.390000, 0.000000e+00,
2.400000, 1.002407e+00,2.400000, 1.002403e+00,2.400000, 0.000000e+00,
2.410000, 1.002417e+00,2.410000, 1.002416e+00,2.410000, 0.000000e+00,
2.420000, 1.002427e+00,2.420000, 1.002423e+00,2.420000, 0.000000e+00,
2.430000, 1.002437e+00,2.430000, 1.002433e+00,2.430000, 0.000000e+00,
2.440000, 1.002447e+00,2.440000, 1.002443e+00,2.440000, 0.000000e+00,
2.450000, 1.002457e+00,2.450000, 1.002453e+00,2.450000, 0.000000e+00,
2.460000, 1.002467e+00,2.460000, 1.002463e+00,2.460000, 0.000000e+00,
2.470000, 1.002477e+00,2.470000, 1.002473e+00,2.470000, 0.000000e+00,
2.480000, 1.002489e+00,2.480000, 1.002487e+00,2.480000, 0.000000e+00,
2.490000, 1.002497e+00,2.490000, 1.002493e+00,2.490000, 0.000000e+00,
2.500000, 1.002507e+00,2.500000, 1.002503e+00,2.500000, 0.000000e+00,
2.510000, 1.002517e+00,2.510000, 1.002513e+00,2.510000, 0.000000e+00,
2.520000, 1.002527e+00,2.520000, 1.002523e+00,2.520000, 0.000000e+00,
2.530000, 1.002537e+00,2.530000, 1.002533e+00,2.530000, 0.000000e+00,
2.540000, 1.002547e+00,2.540000, 1.002543e+00,2.540000, 0.000000e+00,
2.550000, 1.002557e+00,2.550000, 1.002553e+00,2.550000, 0.000000e+00,
2.560000, 1.002567e+00,2.560000, 1.002563e+00,2.560000, 0.000000e+00,
2.570000, 1.002579e+00,2.570000, 1.002577e+00,2.570000, 0.000000e+00,
2.580000, 1.002587e+00,2.580000, 1.002583e+00,2.580000, 0.000000e+00,
2.590000, 1.002597e+00,2.590000, 1.002593e+00,2.590000, 0.000000e+00,
2.600000, 1.002607e+00,2.600000, 1.002603e+00,2.600000, 0.000000e+00,
2.610000, 1.002617e+00,2.610000, 1.002613e+00,2.610000, 0.000000e+00,
2.620000, 1.002627e+00,2.620000, 1.002623e+00,2.620000, 0.000000e+00,
2.630000, 1.002637e+00,2.630000, 1.002633e+00,2.630000, 0.000000e+00,
2.640000, 1.002647e+00,2.640000, 1.002643e+00,2.640000, 0.000000e+00,
2.650000, 1.002657e+00,2.650000, 1.002653e+00,2.650000, 0.000000e+00,
2.660000, 1.002667e+00,2.660000, 1.002663e+00,2.660000, 0.000000e+00,
2.670000, 1.002677e+00,2.670000, 1.002673e+00,2.670000, 0.000000e+00,
2.680000, 1.002687e+00,2.680000, 1.002683e+00,2.680000, 0.000000e+00,
2.690000, 1.002697e+00,2.690000, 1.002693e+00,2.690000, 0.000000e+00,
2.700000, 1.002707e+00,2.700000, 1.002703e+00,2.700000, 0.000000e+00,
2.710000, 1.002717e+00,2.710000, 1.002713e+00,2.710000, 0.000000e+00,
2.720000, 1.002727e+00,2.720000, 1.002725e+00,2.720000, 0.000000e+00,
2.730000, 1.002737e+00,2.730000, 1.002733e+00,2.730000, 0.000000e+00,
2.740000, 1.002747e+00,2.740000, 1.002743e+00,2.740000, 0.000000e+00,
2.750000, 1.002757e+00,2.750000, 1.002753e+00,2.750000, 0.000000e+00,
2.760000, 1.002767e+00,2.760000, 1.002763e+00,2.760000, 0.000000e+00,
2.770000, 1.002777e+00,2.770000, 1.002773e+00,2.770000, 0.000000e+00,
2.780000, 1.002787e+00,2.780000, 1.002783e+00,2.780000, 0.000000e+00,
2.790000, 1.002797e+00,2.790000, 1.002793e+00,2.790000, 0.000000e+00,
2.800000, 1.002807e+00,2.800000, 1.002803e+00,2.800000, 0.000000e+00,
2.810000, 1.002817e+00,2.810000, 1.002816e+00,2.810000, 0.000000e+00,
2.820000, 1.002827e+00,2.820000, 1.002823e+00,2.820000, 0.000000e+00,
2.830000, 1.002837e+00,2.830000, 1.002833e+00,2.830000, 0.000000e+00,
2.840000, 1.002847e+00,2.840000, 1.002843e+00,2.840000, 0.000000e+00,
2.850000, 1.002857e+00,2.850000, 1.002853e+00,2.850000, 0.000000e+00,
2.860000, 1.002867e+00,2.860000, 1.002863e+00,2.860000, 0.000000e+00,
2.870000, 1.002877e+00,2.870000, 1.002873e+00,2.870000, 0.000000e+00,
2.880000, 1.002888e+00,2.880000, 1.002887e+00,2.880000, 0.000000e+00,
2.890000, 1.002897e+00,2.890000, 1.002893e+00,2.890000, 0.000000e+00,
2.900000, 1.002907e+00,2.900000, 1.002903e+00,2.900000, 0.000000e+00,
2.910000, 1.002917e+00,2.910000, 1.002913e+00,2.910000, 0.000000e+00,
2.920000, 1.002927e+00,2.920000, 1.002923e+00,2.920000, 0.000000e+00,
2.930000, 1.002937e+00,2.930000, 1.002933e+00,2.930000, 0.000000e+00,
2.940000, 1.002947e+00,2.940000, 1.002943e+00,2.940000, 0.000000e+00,
2.950000, 1.002957e+00,2.950000, 1.002953e+00,2.950000, 0.000000e+00,
2.960000, 1.002967e+00,2.960000, 1.002963e+00,2.960000, 0.000000e+00,
2.970000, 1.002979e+00,2.970000, 1.002977e+00,2.970000, 0.000000e+00,
2.980000, 1.002987e+00,2.980000, 1.002983e+00,2.980000, 0.000000e+00,
2.990000, 1.002997e+00,2.990000, 1.002993e+00,2.990000, 0.000000e+00,
3.000000, 1.003007e+00,3.000000, 1.003003e+00,3.000000, 0.000000e+00,
3.010000, 1.003017e+00,3.010000, 1.003013e+00,3.010000, 0.000000e+00,
3.020000, 1.003027e+00,3.020000, 1.003023e+00,3.020000, 0.000000e+00,
3.030000, 1.003037e+00,3.030000, 1.003033e+00,3.030000, 0.000000e+00,
3.040000, 1.003047e+00,3.040000, 1.003043e+00,3.040000, 0.000000e+00,
3.050000, 1.003057e+00,3.050000, 1.003053e+00,3.050000, 0.000000e+00,
3.060000, 1.003067e+00,3.060000, 1.003063e+00,3.060000, 0.000000e+00,
3.070000, 1.003077e+00,3.070000, 1.003073e+00,3.070000, 0.000000e+00,
3.080000, 1.003087e+00,3.080000, 1.003083e+00,3.080000, 0.000000e+00,
3.090000, 1.003097e+00,3.090000, 1.003093e+00,3.090000, 0.000000e+00,
3.100000, 1.003107e+00,3.100000, 1.003103e+00,3.100000, 0.000000e+00,
3.110000, 1.003117e+00,3.110000, 1.003113e+00,3.110000, 0.000000e+00,
3.120000, 1.003127e+00,3.120000, 1.003123e+00,3.120000, 0.000000e+00,
3.130000, 1.003137e+00,3.130000, 1.003133e+00,3.130000, 0.000000e+00,
3.140000, 1.003147e+00,3.140000, 1.003143e+00,3.140000, 0.000000e+00,
3.150000, 1.003157e+00,3.150000, 1.003153e+00,3.150000, 0.000000e+00,
3.160000, 1.003167e+00,3.160000, 1.003163e+00,3.160000, 0.000000e+00,
3.170000, 1.003177e+00,3.170000, 1.003173e+00,3.170000, 0.000000e+00,
3.180000, 1.003187e+00,3.180000, 1.003183e+00,3.180000, 0.000000e+00,
3.190000, 1.003197e+00,3.190000, 1.003193e+00,3.190000, 0.000000e+00,
3.200000, 1.003207e+00,3.200000, 1.003203e+00,3.200000, 0.000000e+00,
3.210000, 1.003217e+00,3.210000, 1.003215e+00,3.210000, 0.000000e+00,
3.220000, 1.003227e+00,3.220000, 1.003223e+00,3.220000, 0.000000e+00,
3.230000, 1.003237e+00,3.230000, 1.003233e+00,3.230000, 0.000000e+00,
3.240000, 1.003247e+00,3.240000, 1.003243e+00,3.240000, 0.000000e+00,
3.250000, 1.003257e+00,3.250000, 1.003253e+00,3.250000, 0.000000e+00,
3.260000, 1.003267e+00,3.260000, 1.003263e+00,3.260000, 0.000000e+00,
3.270000, 1.003277e+00,3.270000, 1.003273e+00,3.270000, 0.000000e+00,
3.280000, 1.003288e+00,3.280000, 1.003287e+00,3.280000, 0.000000e+00,
3.290000, 1.003297e+00,3.290000, 1.003293e+00,3.290000, 0.000000e+00,
3.300000, 1.003307e+00,3.300000, 1.003305e+00,3.300000, 0.000000e+00,
3.310000, 1.003317e+00,3.310000, 1.003313e+00,3.310000, 0.000000e+00,
3.320000, 1.003327e+00,3.320000, 1.003323e+00,3.320000, 0.000000e+00,
3.330000, 1.003337e+00,3.330000, 1.003333e+00,3.330000, 0.000000e+00,
3.340000, 1.003347e+00,3.340000, 1.003343e+00,3.340000, 0.000000e+00,
3.350000, 1.003357e+00,3.350000, 1.003353e+00,3.350000, 0.000000e+00,
3.360000, 1.003367e+00,3.360000, 1.003363e+00,3.360000, 0.000000e+00,
3.370000, 1.003378e+00,3.370000, 1.003377e+00,3.370000, 0.000000e+00,
3.380000, 1.003387e+00,3.380000, 1.003383e+00,3.380000, 0.000000e+00,
3.390000, 1.003397e+00,3.390000, 1.003393e+00,3.390000, 0.000000e+00,
3.400000, 1.003407e+00,3.400000, 1.003403e+00,3.400000, 0.000000e+00,
3.410000, 1.003417e+00,3.410000, 1.003413e+00,3.410000, 0.000000e+00,
3.420000, 1.003427e+00,3.420000, 1.003423e+00,3.420000, 0.000000e+00,
3.430000, 1.003437e+00,3.430000, 1.003433e+00,3.430000, 0.000000e+00,
3.440000, 1.003447e+00,3.440000, 1.003443e+00,3.440000, 0.000000e+00,
3.450000, 1.003457e+00,3.450000, 1.003453e+00,3.450000, 0.000000e+00,
3.460000, 1.003468e+00,3.460000, 1.003467e+00,3.460000, 0.000000e+00,
3.470000, 1.003477e+00,3.470000, 1.003473e+00,3.470000, 0.000000e+00,
3.480000, 1.003487e+00,3.480000, 1.003483e+00,3.480000, 0.000000e+00,
3.490000, 1.003497e+00,3.490000, 1.003493e+00,3.490000, 0.000000e+00,
3.500000, 1.003507e+00,3.500000, 1.003503e+00,3.500000, 0.000000e+00,
3.510000, 1.003517e+00,3.510000, 1.003513e+00,3.510000, 0.000000e+00,
3.520000, 1.003527e+00,3.520000, 1.003523e+00,3.520000, 0.000000e+00,
3.530000, 1.003537e+00,3.530000, 1.003533e+00,3.530000, 0.000000e+00,
3.540000, 1.003547e+00,3.540000, 1.003543e+00,3.540000, 0.000000e+00,
3.550000, 1.003557e+00,3.550000, 1.003553e+00,3.550000, 0.000000e+00,
3.560000, 1.003567e+00,3.560000, 1.003563e+00,3.560000, 0.000000e+00,
3.570000, 1.003577e+00,3.570000, 1.003573e+00,3.570000, 0.000000e+00,
3.580000, 1.003587e+00,3.580000, 1.003583e+00,3.580000, 0.000000e+00,
3.590000, 1.003597e+00,3.590000, 1.003593e+00,3.590000, 0.000000e+00,
3.600000, 1.003607e+00,3.600000, 1.003603e+00,3.600000, 0.000000e+00,
3.610000, 1.003617e+00,3.610000, 1.003613e+00,3.610000, 0.000000e+00,
3.620000, 1.003627e+00,3.620000, 1.003623e+00,3.620000, 0.000000e+00,
3.630000, 1.003637e+00,3.630000, 1.003633e+00,3.630000, 0.000000e+00,
3.640000, 1.003647e+00,3.640000, 1.003643e+00,3.640000, 0.000000e+00,
3.650000, 1.003657e+00,3.650000, 1.003653e+00,3.650000, 0.000000e+00,
3.660000, 1.003667e+00,3.660000, 1.003663e+00,3.660000, 0.000000e+00,
3.670000, 1.003677e+00,3.670000, 1.003673e+00,3.670000, 0.000000e+00,
3.680000, 1.003687e+00,3.680000, 1.003683e+00,3.680000, 0.000000e+00,
3.690000, 1.003697e+00,3.690000, 1.003693e+00,3.690000, 0.000000e+00,
3.700000, 1.003707e+00,3.700000, 1.003703e+00,3.700000, 0.000000e+00,
3.710000, 1.003717e+00,3.710000, 1.003713e+00,3.710000, 0.000000e+00,
3.720000, 1.003727e+00,3.720000, 1.003723e+00,3.720000, 0.000000e+00,
3.730000, 1.003737e+00,3.730000, 1.003733e+00,3.730000, 0.000000e+00,
3.740000, 1.003747e+00,3.740000, 1.003743e+00,3.740000, 0.000000e+00,
3.750000, 1.003757e+00,3.750000, 1.003753e+00,3.750000, 0.000000e+00,
3.760000, 1.003767e+00,3.760000, 1.003763e+00,3.760000, 0.000000e+00,
3.770000, 1.003777e+00,3.770000, 1.003773e+00,3.770000, 0.000000e+00,
3.780000, 1.003787e+00,3.780000, 1.003783e+00,3.780000, 0.000000e+00,
3.790000, 1.003797e+00,3.790000, 1.003793e+00,3.790000, 0.000000e+00,
3.800000, 1.003807e+00,3.800000, 1.003803e+00,3.800000, 0.000000e+00,
3.810000, 1.003817e+00,3.810000, 1.003813e+00,3.810000, 0.000000e+00,
3.820000, 1.003827e+00,3.820000, 1.003823e+00,3.820000, 0.000000e+00,
3.830000, 1.003837e+00,3.830000, 1.003833e+00,3.830000, 0.000000e+00,
3.840000, 1.003847e+00,3.840000, 1.003843e+00,3.840000, 0.000000e+00,
3.850000, 1.003857e+00,3.850000, 1.003853e+00,3.850000, 0.000000e+00,
3.860000, 1.003867e+00,3.860000, 1.003863e+00,3.860000, 0.000000e+00,
3.870000, 1.003877e+00,3.870000, 1.003873e+00,3.870000, 0.000000e+00,
3.880000, 1.003887e+00,3.880000, 1.003883e+00,3.880000, 0.000000e+00,
3.890000, 1.003897e+00,3.890000, 1.003893e+00,3.890000, 0.000000e+00,
3.900000, 1.003907e+00,3.900000, 1.003903e+00,3.900000, 0.000000e+00,
3.910000, 1.003917e+00,3.910000, 1.003913e+00,3.910000, 0.000000e+00,
3.920000, 1.003927e+00,3.920000, 1.003923e+00,3.920000, 0.000000e+00,
3.930000, 1.003937e+00,3.930000, 1.003933e+00,3.930000, 0.000000e+00,
3.940000, 1.003947e+00,3.940000, 1.003943e+00,3.940000, 0.000000e+00,
3.950000, 1.003957e+00,3.950000, 1.003953e+00,3.950000, 0.000000e+00,
3.960000, 1.003967e+00,3.960000, 1.003963e+00,3.960000, 0.000000e+00,
3.970000, 1.003977e+00,3.970000, 1.003973e+00,3.970000, 0.000000e+00,
3.980000, 1.003987e+00,3.980000, 1.003983e+00,3.980000, 0.000000e+00,
3.990000, 1.003997e+00,3.990000, 1.003993e+00,3.990000, 0.000000e+00,
4.000000, 1.004007e+00,4.000000, 1.004003e+00,4.000000, 0.000000e+00,
4.010000, 1.004017e+00,4.010000, 1.004013e+00,4.010000, 0.000000e+00,
4.020000, 1.004027e+00,4.020000, 1.004023e+00,4.020000, 0.000000e+00,
4.030000, 1.004037e+00,4.030000, 1.004033e+00,4.030000, 0.000000e+00,
4.040000, 1.004047e+00,4.040000, 1.004043e+00,4.040000, 0.000000e+00,
4.050000, 1.004059e+00,4.050000, 1.004057e+00,4.050000, 0.000000e+00,
4.060000, 1.004067e+00,4.060000, 1.004063e+00,4.060000, 0.000000e+00,
4.070000, 1.004077e+00,4.070000, 1.004073e+00,4.070000, 0.000000e+00,
4.080000, 1.004087e+00,4.080000, 1.004083e+00,4.080000, 0.000000e+00,
4.090000, 1.004097e+00,4.090000, 1.004093e+00,4.090000, 0.000000e+00,
4.100000, 1.004107e+00,4.100000, 1.004103e+00,4.100000, 0.000000e+00,
4.110000, 1.004117e+00,4.110000, 1.004113e+00,4.110000, 0.000000e+00,
4.120000, 1.004127e+00,4.120000, 1.004123e+00,4.120000, 0.000000e+00,
4.130000, 1.004137e+00,4.130000, 1.004133e+00,4.130000, 0.000000e+00,
4.140000, 1.004147e+00,4.140000, 1.004143e+00,4.140000, 0.000000e+00,
4.150000, 1.004157e+00,4.150000, 1.004153e+00,4.150000, 0.000000e+00,
4.160000, 1.004167e+00,4.160000, 1.004166e+00,4.160000, 0.000000e+00,
4.170000, 1.004177e+00,4.170000, 1.004173e+00,4.170000, 0.000000e+00,
4.180000, 1.004187e+00,4.180000, 1.004183e+00,4.180000, 0.000000e+00,
4.190000, 1.004197e+00,4.190000, 1.004193e+00,4.190000, 0.000000e+00,
4.200000, 1.004207e+00,4.200000, 1.004203e+00,4.200000, 0.000000e+00,
4.210000, 1.004217e+00,4.210000, 1.004213e+00,4.210000, 0.000000e+00,
4.220000, 1.004227e+00,4.220000, 1.004223e+00,4.220000, 0.000000e+00,
4.230000, 1.004239e+00,4.230000, 1.004237e+00,4.230000, 0.000000e+00,
4.240000, 1.004247e+00,4.240000, 1.004243e+00,4.240000, 0.000000e+00,
4.250000, 1.004257e+00,4.250000, 1.004253e+00,4.250000, 0.000000e+00,
4.260000, 1.004267e+00,4.260000, 1.004263e+00,4.260000, 0.000000e+00,
4.270000, 1.004277e+00,4.270000, 1.004273e+00,4.270000, 0.000000e+00,
4.280000, 1.004287e+00,4.280000, 1.004283e+00,4.280000, 0.000000e+00,
4.290000, 1.004297e+00,4.290000, 1.004293e+00,4.290000, 0.000000e+00,
4.300000, 1.004307e+00,4.300000, 1.004303e+00,4.300000, 0.000000e+00,
4.310000, 1.004317e+00,4.310000, 1.004313e+00,4.310000, 0.000000e+00,
4.320000, 1.004327e+00,4.320000, 1.004323e+00,4.320000, 0.000000e+00,
4.330000, 1.004337e+00,4.330000, 1.004333e+00,4.330000, 0.000000e+00,
4.340000, 1.004347e+00,4.340000, 1.004343e+00,4.340000, 0.000000e+00,
4.350000, 1.004357e+00,4.350000, 1.004353e+00,4.350000, 0.000000e+00,
4.360000, 1.004367e+00,4.360000, 1.004363e+00,4.360000, 0.000000e+00,
4.370000, 1.004377e+00,4.370000, 1.004373e+00,4.370000, 0.000000e+00,
4.380000, 1.004387e+00,4.380000, 1.004385e+00,4.380000, 0.000000e+00,
4.390000, 1.004397e+00,4.390000, 1.004393e+00,4.390000, 0.000000e+00,
4.400000, 1.004407e+00,4.400000, 1.004403e+00,4.400000, 0.000000e+00,
4.410000, 1.004420e+00,4.410000, 1.004417e+00,4.410000, 0.000000e+00,
4.420000, 1.004427e+00,4.420000, 1.004423e+00,4.420000, 0.000000e+00,
4.430000, 1.004437e+00,4.430000, 1.004433e+00,4.430000, 0.000000e+00,
4.440000, 1.004447e+00,4.440000, 1.004443e+00,4.440000, 0.000000e+00,
4.450000, 1.004458e+00,4.450000, 1.004457e+00,4.450000, 0.000000e+00,
4.460000, 1.004467e+00,4.460000, 1.004463e+00,4.460000, 0.000000e+00,
4.470000, 1.004477e+00,4.470000, 1.004473e+00,4.470000, 0.000000e+00,
4.480000, 1.004487e+00,4.480000, 1.004483e+00,4.480000, 0.000000e+00,
4.490000, 1.004497e+00,4.490000, 1.004493e+00,4.490000, 0.000000e+00,
4.500000, 1.004507e+00,4.500000, 1.004503e+00,4.500000, 0.000000e+00,
4.510000, 1.004517e+00,4.510000, 1.004513e+00,4.510000, 0.000000e+00,
4.520000, 1.004527e+00,4.520000, 1.004523e+00,4.520000, 0.000000e+00,
4.530000, 1.004537e+00,4.530000, 1.004533e+00,4.530000, 0.000000e+00,
4.540000, 1.004547e+00,4.540000, 1.004543e+00,4.540000, 0.000000e+00,
4.550000, 1.004557e+00,4.550000, 1.004553e+00,4.550000, 0.000000e+00,
4.560000, 1.004567e+00,4.560000, 1.004566e+00,4.560000, 0.000000e+00,
4.570000, 1.004577e+00,4.570000, 1.004573e+00,4.570000, 0.000000e+00,
4.580000, 1.004587e+00,4.580000, 1.004583e+00,4.580000, 0.000000e+00,
4.590000, 1.004597e+00,4.590000, 1.004593e+00,4.590000, 0.000000e+00,
4.600000, 1.004607e+00,4.600000, 1.004603e+00,4.600000, 0.000000e+00,
4.610000, 1.004617e+00,4.610000, 1.004613e+00,4.610000, 0.000000e+00,
4.620000, 1.004627e+00,4.620000, 1.004623e+00,4.620000, 0.000000e+00,
4.630000, 1.004638e+00,4.630000, 1.004637e+00,4.630000, 0.000000e+00,
4.640000, 1.004647e+00,4.640000, 1.004643e+00,4.640000, 0.000000e+00,
4.650000, 1.004657e+00,4.650000, 1.004653e+00,4.650000, 0.000000e+00,
4.660000, 1.004667e+00,4.660000, 1.004663e+00,4.660000, 0.000000e+00,
4.670000, 1.004677e+00,4.670000, 1.004673e+00,4.670000, 0.000000e+00,
4.680000, 1.004687e+00,4.680000, 1.004683e+00,4.680000, 0.000000e+00,
4.690000, 1.004697e+00,4.690000, 1.004693e+00,4.690000, 0.000000e+00,
4.700000, 1.004707e+00,4.700000, 1.004703e+00,4.700000, 0.000000e+00,
4.710000, 1.004717e+00,4.710000, 1.004713e+00,4.710000, 0.000000e+00,
4.720000, 1.004727e+00,4.720000, 1.004723e+00,4.720000, 0.000000e+00,
4.730000, 1.004737e+00,4.730000, 1.004733e+00,4.730000, 0.000000e+00,
4.740000, 1.004747e+00,4.740000, 1.004743e+00,4.740000, 0.000000e+00,
4.750000, 1.004757e+00,4.750000, 1.004753e+00,4.750000, 0.000000e+00,
4.760000, 1.004767e+00,4.760000, 1.004763e+00,4.760000, 0.000000e+00,
4.770000, 1.004777e+00,4.770000, 1.004773e+00,4.770000, 0.000000e+00,
4.780000, 1.004787e+00,4.780000, 1.004784e+00,4.780000, 0.000000e+00,
4.790000, 1.004797e+00,4.790000, 1.004793e+00,4.790000, 0.000000e+00,
4.800000, 1.004807e+00,4.800000, 1.004803e+00,4.800000, 0.000000e+00,
4.810000, 1.004819e+00,4.810000, 1.004817e+00,4.810000, 0.000000e+00,
4.820000, 1.004827e+00,4.820000, 1.004823e+00,4.820000, 0.000000e+00,
4.830000, 1.004837e+00,4.830000, 1.004833e+00,4.830000, 0.000000e+00,
4.840000, 1.004847e+00,4.840000, 1.004843e+00,4.840000, 0.000000e+00,
4.850000, 1.004857e+00,4.850000, 1.004853e+00,4.850000, 0.000000e+00,
4.860000, 1.004867e+00,4.860000, 1.004863e+00,4.860000, 0.000000e+00,
4.870000, 1.004877e+00,4.870000, 1.004873e+00,4.870000, 0.000000e+00,
4.880000, 1.004887e+00,4.880000, 1.004883e+00,4.880000, 0.000000e+00,
4.890000, 1.004897e+00,4.890000, 1.004893e+00,4.890000, 0.000000e+00,
4.900000, 1.004907e+00,4.900000, 1.004903e+00,4.900000, 0.000000e+00,
4.910000, 1.004917e+00,4.910000, 1.004913e+00,4.910000, 0.000000e+00,
4.920000, 1.004927e+00,4.920000, 1.004923e+00,4.920000, 0.000000e+00,
4.930000, 1.004937e+00,4.930000, 1.004933e+00,4.930000, 0.000000e+00,
4.940000, 1.004947e+00,4.940000, 1.004943e+00,4.940000, 0.000000e+00,
4.950000, 1.004957e+00,4.950000, 1.004953e+00,4.950000, 0.000000e+00,
4.960000, 1.004967e+00,4.960000, 1.004965e+00,4.960000, 0.000000e+00,
4.970000, 1.004977e+00,4.970000, 1.004973e+00,4.970000, 0.000000e+00,
4.980000, 1.004987e+00,4.980000, 1.004983e+00,4.980000, 0.000000e+00,
4.990000, 1.004997e+00,4.990000, 1.004993e+00,4.990000, 0.000000e+00,
5.000000, 1.005007e+00,5.000000, 1.005003e+00,5.000000, 0.000000e+00,
5.010000, 1.005017e+00,5.010000, 1.005013e+00,5.010000, 0.000000e+00,
5.020000, 1.005027e+00,5.020000, 1.005023e+00,5.020000, 0.000000e+00,
5.030000, 1.005038e+00,5.030000, 1.005037e+00,5.030000, 0.000000e+00,
5.040000, 1.005047e+00,5.040000, 1.005043e+00,5.040000, 0.000000e+00,
5.050000, 1.005057e+00,5.050000, 1.005053e+00,5.050000, 0.000000e+00,
5.060000, 1.005067e+00,5.060000, 1.005063e+00,5.060000, 0.000000e+00,
5.070000, 1.005077e+00,5.070000, 1.005073e+00,5.070000, 0.000000e+00,
5.080000, 1.005087e+00,5.080000, 1.005083e+00,5.080000, 0.000000e+00,
5.090000, 1.005097e+00,5.090000, 1.005093e+00,5.090000, 0.000000e+00,
5.100000, 1.005107e+00,5.100000, 1.005103e+00,5.100000, 0.000000e+00,
5.110000, 1.005117e+00,5.110000, 1.005113e+00,5.110000, 0.000000e+00,
5.120000, 1.005127e+00,5.120000, 1.005123e+00,5.120000, 0.000000e+00,
5.130000, 1.005137e+00,5.130000, 1.005133e+00,5.130000, 0.000000e+00,
5.140000, 1.005147e+00,5.140000, 1.005145e+00,5.140000, 0.000000e+00,
5.150000, 1.005157e+00,5.150000, 1.005153e+00,5.150000, 0.000000e+00,
5.160000, 1.005167e+00,5.160000, 1.005163e+00,5.160000, 0.000000e+00,
5.170000, 1.005177e+00,5.170000, 1.005173e+00,5.170000, 0.000000e+00,
5.180000, 1.005187e+00,5.180000, 1.005183e+00,5.180000, 0.000000e+00,
5.190000, 1.005197e+00,5.190000, 1.005193e+00,5.190000, 0.000000e+00,
5.200000, 1.005207e+00,5.200000, 1.005203e+00,5.200000, 0.000000e+00,
5.210000, 1.005218e+00,5.210000, 1.005217e+00,5.210000, 0.000000e+00,
5.220000, 1.005227e+00,5.220000, 1.005223e+00,5.220000, 0.000000e+00,
5.230000, 1.005237e+00,5.230000, 1.005233e+00,5.230000, 0.000000e+00,
5.240000, 1.005247e+00,5.240000, 1.005243e+00,5.240000, 0.000000e+00,
5.250000, 1.005257e+00,5.250000, 1.005253e+00,5.250000, 0.000000e+00,
5.260000, 1.005267e+00,5.260000, 1.005263e+00,5.260000, 0.000000e+00,
5.270000, 1.005277e+00,5.270000, 1.005273e+00,5.270000, 0.000000e+00,
5.280000, 1.005287e+00,5.280000, 1.005283e+00,5.280000, 0.000000e+00,
5.290000, 1.005297e+00,5.290000, 1.005293e+00,5.290000, 0.000000e+00,
5.300000, 1.005307e+00,5.300000, 1.005303e+00,5.300000, 0.000000e+00,
5.310000, 1.005317e+00,5.310000, 1.005313e+00,5.310000, 0.000000e+00,
5.320000, 1.005327e+00,5.320000, 1.005323e+00,5.320000, 0.000000e+00,
5.330000, 1.005337e+00,5.330000, 1.005333e+00,5.330000, 0.000000e+00,
5.340000, 1.005347e+00,5.340000, 1.005343e+00,5.340000, 0.000000e+00,
5.350000, 1.005357e+00,5.350000, 1.005353e+00,5.350000, 0.000000e+00,
5.360000, 1.005367e+00,5.360000, 1.005364e+00,5.360000, 0.000000e+00,
5.370000, 1.005377e+00,5.370000, 1.005373e+00,5.370000, 0.000000e+00,
5.380000, 1.005387e+00,5.380000, 1.005383e+00,5.380000, 0.000000e+00,
5.390000, 1.005397e+00,5.390000, 1.005393e+00,5.390000, 0.000000e+00,
5.400000, 1.005407e+00,5.400000, 1.005403e+00,5.400000, 0.000000e+00,
5.410000, 1.005417e+00,5.410000, 1.005413e+00,5.410000, 0.000000e+00,
5.420000, 1.005427e+00,5.420000, 1.005423e+00,5.420000, 0.000000e+00,
5.430000, 1.005437e+00,5.430000, 1.005437e+00,5.430000, 0.000000e+00,
5.440000, 1.005447e+00,5.440000, 1.005443e+00,5.440000, 0.000000e+00,
5.450000, 1.005457e+00,5.450000, 1.005453e+00,5.450000, 0.000000e+00,
5.460000, 1.005467e+00,5.460000, 1.005463e+00,5.460000, 0.000000e+00,
5.470000, 1.005477e+00,5.470000, 1.005473e+00,5.470000, 0.000000e+00,
5.480000, 1.005487e+00,5.480000, 1.005483e+00,5.480000, 0.000000e+00,
5.490000, 1.005497e+00,5.490000, 1.005493e+00,5.490000, 0.000000e+00,
5.500000, 1.005510e+00,5.500000, 1.005507e+00,5.500000, 0.000000e+00,
5.510000, 1.005517e+00,5.510000, 1.005513e+00,5.510000, 0.000000e+00,
5.520000, 1.005527e+00,5.520000, 1.005523e+00,5.520000, 0.000000e+00,
5.530000, 1.005537e+00,5.530000, 1.005533e+00,5.530000, 0.000000e+00,
5.540000, 1.005547e+00,5.540000, 1.005545e+00,5.540000, 0.000000e+00,
5.550000, 1.005557e+00,5.550000, 1.005553e+00,5.550000, 0.000000e+00,
5.560000, 1.005567e+00,5.560000, 1.005563e+00,5.560000, 0.000000e+00,
5.570000, 1.005577e+00,5.570000, 1.005573e+00,5.570000, 0.000000e+00,
5.580000, 1.005587e+00,5.580000, 1.005583e+00,5.580000, 0.000000e+00,
5.590000, 1.005597e+00,5.590000, 1.005593e+00,5.590000, 0.000000e+00,
5.600000, 1.005607e+00,5.600000, 1.005603e+00,5.600000, 0.000000e+00,
5.610000, 1.005618e+00,5.610000, 1.005617e+00,5.610000, 0.000000e+00,
5.620000, 1.005627e+00,5.620000, 1.005623e+00,5.620000, 0.000000e+00,
5.630000, 1.005637e+00,5.630000, 1.005633e+00,5.630000, 0.000000e+00,
5.640000, 1.005647e+00,5.640000, 1.005643e+00,5.640000, 0.000000e+00,
5.650000, 1.005657e+00,5.650000, 1.005653e+00,5.650000, 0.000000e+00,
5.660000, 1.005667e+00,5.660000, 1.005663e+00,5.660000, 0.000000e+00,
5.670000, 1.005677e+00,5.670000, 1.005673e+00,5.670000, 0.000000e+00,
5.680000, 1.005687e+00,5.680000, 1.005683e+00,5.680000, 0.000000e+00,
5.690000, 1.005697e+00,5.690000, 1.005693e+00,5.690000, 0.000000e+00,
5.700000, 1.005707e+00,5.700000, 1.005703e+00,5.700000, 0.000000e+00,
5.710000, 1.005717e+00,5.710000, 1.005713e+00,5.710000, 0.000000e+00,
5.720000, 1.005727e+00,5.720000, 1.005723e+00,5.720000, 0.000000e+00,
5.730000, 1.005737e+00,5.730000, 1.005733e+00,5.730000, 0.000000e+00,
5.740000, 1.005747e+00,5.740000, 1.005743e+00,5.740000, 0.000000e+00,
5.750000, 1.005757e+00,5.750000, 1.005753e+00,5.750000, 0.000000e+00,
5.760000, 1.005767e+00,5.760000, 1.005763e+00,5.760000, 0.000000e+00,
5.770000, 1.005777e+00,5.770000, 1.005773e+00,5.770000, 0.000000e+00,
5.780000, 1.005787e+00,5.780000, 1.005783e+00,5.780000, 0.000000e+00,
5.790000, 1.005797e+00,5.790000, 1.005793e+00,5.790000, 0.000000e+00,
5.800000, 1.005807e+00,5.800000, 1.005803e+00,5.800000, 0.000000e+00,
5.810000, 1.005817e+00,5.810000, 1.005813e+00,5.810000, 0.000000e+00,
5.820000, 1.005827e+00,5.820000, 1.005823e+00,5.820000, 0.000000e+00,
5.830000, 1.005837e+00,5.830000, 1.005836e+00,5.830000, 0.000000e+00,
5.840000, 1.005847e+00,5.840000, 1.005843e+00,5.840000, 0.000000e+00,
5.850000, 1.005857e+00,5.850000, 1.005853e+00,5.850000, 0.000000e+00,
5.860000, 1.005867e+00,5.860000, 1.005863e+00,5.860000, 0.000000e+00,
5.870000, 1.005877e+00,5.870000, 1.005873e+00,5.870000, 0.000000e+00,
5.880000, 1.005887e+00,5.880000, 1.005883e+00,5.880000, 0.000000e+00,
5.890000, 1.005897e+00,5.890000, 1.005893e+00,5.890000, 0.000000e+00,
5.900000, 1.005907e+00,5.900000, 1.005903e+00,5.900000, 0.000000e+00,
5.910000, 1.005917e+00,5.910000, 1.005913e+00,5.910000, 0.000000e+00,
5.920000, 1.005927e+00,5.920000, 1.005923e+00,5.920000, 0.000000e+00,
5.930000, 1.005937e+00,5.930000, 1.005933e+00,5.930000, 0.000000e+00,
5.940000, 1.005947e+00,5.940000, 1.005944e+00,5.940000, 0.000000e+00,
5.950000, 1.005957e+00,5.950000, 1.005953e+00,5.950000, 0.000000e+00,
5.960000, 1.005967e+00,5.960000, 1.005963e+00,5.960000, 0.000000e+00,
5.970000, 1.005977e+00,5.970000, 1.005973e+00,5.970000, 0.000000e+00,
5.980000, 1.005987e+00,5.980000, 1.005983e+00,5.980000, 0.000000e+00,
5.990000, 1.005997e+00,5.990000, 1.005993e+00,5.990000, 0.000000e+00,
6.000000, 1.006007e+00,6.000000, 1.006003e+00,6.000000, 0.000000e+00,
6.010000, 1.006017e+00,6.010000, 1.006017e+00,6.010000, 0.000000e+00,
6.020000, 1.006027e+00,6.020000, 1.006023e+00,6.020000, 0.000000e+00,
6.030000, 1.006037e+00,6.030000, 1.006033e+00,6.030000, 0.000000e+00,
6.040000, 1.006047e+00,6.040000, 1.006043e+00,6.040000, 0.000000e+00,
6.050000, 1.006057e+00,6.050000, 1.006053e+00,6.050000, 0.000000e+00,
6.060000, 1.006067e+00,6.060000, 1.006063e+00,6.060000, 0.000000e+00,
6.070000, 1.006077e+00,6.070000, 1.006073e+00,6.070000, 0.000000e+00,
6.080000, 1.006090e+00,6.080000, 1.006087e+00,6.080000, 0.000000e+00,
6.090000, 1.006097e+00,6.090000, 1.006093e+00,6.090000, 0.000000e+00,
6.100000, 1.006107e+00,6.100000, 1.006103e+00,6.100000, 0.000000e+00,
6.110000, 1.006117e+00,6.110000, 1.006113e+00,6.110000, 0.000000e+00,
6.120000, 1.006127e+00,6.120000, 1.006123e+00,6.120000, 0.000000e+00,
6.130000, 1.006137e+00,6.130000, 1.006133e+00,6.130000, 0.000000e+00,
6.140000, 1.006147e+00,6.140000, 1.006143e+00,6.140000, 0.000000e+00,
6.150000, 1.006157e+00,6.150000, 1.006153e+00,6.150000, 0.000000e+00,
6.160000, 1.006167e+00,6.160000, 1.006163e+00,6.160000, 0.000000e+00,
6.170000, 1.006177e+00,6.170000, 1.006173e+00,6.170000, 0.000000e+00,
6.180000, 1.006187e+00,6.180000, 1.006183e+00,6.180000, 0.000000e+00,
6.190000, 1.006197e+00,6.190000, 1.006197e+00,6.190000, 0.000000e+00,
6.200000, 1.006207e+00,6.200000, 1.006203e+00,6.200000, 0.000000e+00,
6.210000, 1.006217e+00,6.210000, 1.006213e+00,6.210000, 0.000000e+00,
6.220000, 1.006227e+00,6.220000, 1.006223e+00,6.220000, 0.000000e+00,
6.230000, 1.006237e+00,6.230000, 1.006233e+00,6.230000, 0.000000e+00,
6.240000, 1.006247e+00,6.240000, 1.006243e+00,6.240000, 0.000000e+00,
6.250000, 1.006257e+00,6.250000, 1.006253e+00,6.250000, 0.000000e+00,
6.260000, 1.006267e+00,6.260000, 1.006263e+00,6.260000, 0.000000e+00,
6.270000, 1.006277e+00,6.270000, 1.006273e+00,6.270000, 0.000000e+00,
6.280000, 1.006287e+00,6.280000, 1.006283e+00,6.280000, 0.000000e+00,
6.290000, 1.006297e+00,6.290000, 1.006293e+00,6.290000, 0.000000e+00,
6.300000, 1.006307e+00,6.300000, 1.006303e+00,6.300000, 0.000000e+00,
6.310000, 1.006317e+00,6.310000, 1.006313e+00,6.310000, 0.000000e+00,
6.320000, 1.006327e+00,6.320000, 1.006323e+00,6.320000, 0.000000e+00,
6.330000, 1.006337e+00,6.330000, 1.006333e+00,6.330000, 0.000000e+00,
6.340000, 1.006347e+00,6.340000, 1.006343e+00,6.340000, 0.000000e+00,
6.350000, 1.006357e+00,6.350000, 1.006353e+00,6.350000, 0.000000e+00,
6.360000, 1.006367e+00,6.360000, 1.006363e+00,6.360000, 0.000000e+00,
6.370000, 1.006377e+00,6.370000, 1.006373e+00,6.370000, 0.000000e+00,
6.380000, 1.006387e+00,6.380000, 1.006383e+00,6.380000, 0.000000e+00,
6.390000, 1.006397e+00,6.390000, 1.006393e+00,6.390000, 0.000000e+00,
6.400000, 1.006407e+00,6.400000, 1.006403e+00,6.400000, 0.000000e+00,
6.410000, 1.006417e+00,6.410000, 1.006416e+00,6.410000, 0.000000e+00,
6.420000, 1.006427e+00,6.420000, 1.006423e+00,6.420000, 0.000000e+00,
6.430000, 1.006437e+00,6.430000, 1.006433e+00,6.430000, 0.000000e+00,
6.440000, 1.006447e+00,6.440000, 1.006443e+00,6.440000, 0.000000e+00,
6.450000, 1.006457e+00,6.450000, 1.006453e+00,6.450000, 0.000000e+00,
6.460000, 1.006467e+00,6.460000, 1.006463e+00,6.460000, 0.000000e+00,
6.470000, 1.006477e+00,6.470000, 1.006473e+00,6.470000, 0.000000e+00,
6.480000, 1.006489e+00,6.480000, 1.006487e+00,6.480000, 0.000000e+00,
6.490000, 1.006497e+00,6.490000, 1.006493e+00,6.490000, 0.000000e+00,
6.500000, 1.006507e+00,6.500000, 1.006503e+00,6.500000, 0.000000e+00,
6.510000, 1.006517e+00,6.510000, 1.006513e+00,6.510000, 0.000000e+00,
6.520000, 1.006527e+00,6.520000, 1.006523e+00,6.520000, 0.000000e+00,
6.530000, 1.006537e+00,6.530000, 1.006533e+00,6.530000, 0.000000e+00,
6.540000, 1.006547e+00,6.540000, 1.006543e+00,6.540000, 0.000000e+00,
6.550000, 1.006557e+00,6.550000, 1.006553e+00,6.550000, 0.000000e+00,
6.560000, 1.006567e+00,6.560000, 1.006563e+00,6.560000, 0.000000e+00,
6.570000, 1.006577e+00,6.570000, 1.006573e+00,6.570000, 0.000000e+00,
6.580000, 1.006587e+00,6.580000, 1.006583e+00,6.580000, 0.000000e+00,
6.590000, 1.006597e+00,6.590000, 1.006597e+00,6.590000, 0.000000e+00,
6.600000, 1.006607e+00,6.600000, 1.006603e+00,6.600000, 0.000000e+00,
6.610000, 1.006617e+00,6.610000, 1.006613e+00,6.610000, 0.000000e+00,
6.620000, 1.006627e+00,6.620000, 1.006623e+00,6.620000, 0.000000e+00,
6.630000, 1.006637e+00,6.630000, 1.006633e+00,6.630000, 0.000000e+00,
6.640000, 1.006647e+00,6.640000, 1.006643e+00,6.640000, 0.000000e+00,
6.650000, 1.006657e+00,6.650000, 1.006653e+00,6.650000, 0.000000e+00,
6.660000, 1.006670e+00,6.660000, 1.006667e+00,6.660000, 0.000000e+00,
6.670000, 1.006677e+00,6.670000, 1.006673e+00,6.670000, 0.000000e+00,
6.680000, 1.006687e+00,6.680000, 1.006683e+00,6.680000, 0.000000e+00,
6.690000, 1.006697e+00,6.690000, 1.006693e+00,6.690000, 0.000000e+00,
6.700000, 1.006707e+00,6.700000, 1.006703e+00,6.700000, 0.000000e+00,
6.710000, 1.006717e+00,6.710000, 1.006713e+00,6.710000, 0.000000e+00,
6.720000, 1.006727e+00,6.720000, 1.006723e+00,6.720000, 0.000000e+00,
6.730000, 1.006737e+00,6.730000, 1.006733e+00,6.730000, 0.000000e+00,
6.740000, 1.006747e+00,6.740000, 1.006743e+00,6.740000, 0.000000e+00,
6.750000, 1.006757e+00,6.750000, 1.006753e+00,6.750000, 0.000000e+00,
6.760000, 1.006767e+00,6.760000, 1.006763e+00,6.760000, 0.000000e+00,
6.770000, 1.006777e+00,6.770000, 1.006773e+00,6.770000, 0.000000e+00,
6.780000, 1.006787e+00,6.780000, 1.006783e+00,6.780000, 0.000000e+00,
6.790000, 1.006797e+00,6.790000, 1.006793e+00,6.790000, 0.000000e+00,
6.800000, 1.006807e+00,6.800000, 1.006803e+00,6.800000, 0.000000e+00,
6.810000, 1.006817e+00,6.810000, 1.006816e+00,6.810000, 0.000000e+00,
6.820000, 1.006827e+00,6.820000, 1.006823e+00,6.820000, 0.000000e+00,
6.830000, 1.006837e+00,6.830000, 1.006833e+00,6.830000, 0.000000e+00,
6.840000, 1.006847e+00,6.840000, 1.006843e+00,6.840000, 0.000000e+00,
6.850000, 1.006857e+00,6.850000, 1.006853e+00,6.850000, 0.000000e+00,
6.860000, 1.006867e+00,6.860000, 1.006863e+00,6.860000, 0.000000e+00,
6.870000, 1.006877e+00,6.870000, 1.006873e+00,6.870000, 0.000000e+00,
6.880000, 1.006888e+00,6.880000, 1.006887e+00,6.880000, 0.000000e+00,
6.890000, 1.006897e+00,6.890000, 1.006893e+00,6.890000, 0.000000e+00,
6.900000, 1.006907e+00,6.900000, 1.006903e+00,6.900000, 0.000000e+00,
6.910000, 1.006917e+00,6.910000, 1.006913e+00,6.910000, 0.000000e+00,
6.920000, 1.006927e+00,6.920000, 1.006923e+00,6.920000, 0.000000e+00,
6.930000, 1.006937e+00,6.930000, 1.006933e+00,6.930000, 0.000000e+00,
6.940000, 1.006947e+00,6.940000, 1.006943e+00,6.940000, 0.000000e+00,
6.950000, 1.006957e+00,6.950000, 1.006953e+00,6.950000, 0.000000e+00,
6.960000, 1.006967e+00,6.960000, 1.006963e+00,6.960000, 0.000000e+00,
6.970000, 1.006977e+00,6.970000, 1.006973e+00,6.970000, 0.000000e+00,
6.980000, 1.006987e+00,6.980000, 1.006983e+00,6.980000, 0.000000e+00,
6.990000, 1.006997e+00,6.990000, 1.006996e+00,6.990000, 0.000000e+00,
7.000000, 1.007007e+00,7.000000, 1.007003e+00,7.000000, 0.000000e+00,
7.010000, 1.007017e+00,7.010000, 1.007013e+00,7.010000, 0.000000e+00,
7.020000, 1.007027e+00,7.020000, 1.007023e+00,7.020000, 0.000000e+00,
7.030000, 1.007037e+00,7.030000, 1.007033e+00,7.030000, 0.000000e+00,
7.040000, 1.007047e+00,7.040000, 1.007043e+00,7.040000, 0.000000e+00,
7.050000, 1.007057e+00,7.050000, 1.007053e+00,7.050000, 0.000000e+00,
7.060000, 1.007069e+00,7.060000, 1.007067e+00,7.060000, 0.000000e+00,
7.070000, 1.007077e+00,7.070000, 1.007073e+00,7.070000, 0.000000e+00,
7.080000, 1.007087e+00,7.080000, 1.007083e+00,7.080000, 0.000000e+00,
7.090000, 1.007097e+00,7.090000, 1.007093e+00,7.090000, 0.000000e+00,
7.100000, 1.007107e+00,7.100000, 1.007103e+00,7.100000, 0.000000e+00,
7.110000, 1.007117e+00,7.110000, 1.007113e+00,7.110000, 0.000000e+00,
7.120000, 1.007127e+00,7.120000, 1.007123e+00,7.120000, 0.000000e+00,
7.130000, 1.007137e+00,7.130000, 1.007133e+00,7.130000, 0.000000e+00,
7.140000, 1.007147e+00,7.140000, 1.007143e+00,7.140000, 0.000000e+00,
7.150000, 1.007157e+00,7.150000, 1.007153e+00,7.150000, 0.000000e+00,
7.160000, 1.007167e+00,7.160000, 1.007163e+00,7.160000, 0.000000e+00,
7.170000, 1.007177e+00,7.170000, 1.007173e+00,7.170000, 0.000000e+00,
7.180000, 1.007187e+00,7.180000, 1.007183e+00,7.180000, 0.000000e+00,
7.190000, 1.007197e+00,7.190000, 1.007193e+00,7.190000, 0.000000e+00,
7.200000, 1.007207e+00,7.200000, 1.007203e+00,7.200000, 0.000000e+00,
7.210000, 1.007217e+00,7.210000, 1.007213e+00,7.210000, 0.000000e+00,
7.220000, 1.007227e+00,7.220000, 1.007223e+00,7.220000, 0.000000e+00,
7.230000, 1.007237e+00,7.230000, 1.007233e+00,7.230000, 0.000000e+00,
7.240000, 1.007247e+00,7.240000, 1.007243e+00,7.240000, 0.000000e+00,
7.250000, 1.007257e+00,7.250000, 1.007253e+00,7.250000, 0.000000e+00,
7.260000, 1.007267e+00,7.260000, 1.007263e+00,7.260000, 0.000000e+00,
7.270000, 1.007277e+00,7.270000, 1.007273e+00,7.270000, 0.000000e+00,
7.280000, 1.007287e+00,7.280000, 1.007283e+00,7.280000, 0.000000e+00,
7.290000, 1.007297e+00,7.290000, 1.007293e+00,7.290000, 0.000000e+00,
7.300000, 1.007307e+00,7.300000, 1.007303e+00,7.300000, 0.000000e+00,
7.310000, 1.007317e+00,7.310000, 1.007313e+00,7.310000, 0.000000e+00,
7.320000, 1.007327e+00,7.320000, 1.007323e+00,7.320000, 0.000000e+00,
7.330000, 1.007337e+00,7.330000, 1.007333e+00,7.330000, 0.000000e+00,
7.340000, 1.007347e+00,7.340000, 1.007343e+00,7.340000, 0.000000e+00,
7.350000, 1.007357e+00,7.350000, 1.007353e+00,7.350000, 0.000000e+00,
7.360000, 1.007367e+00,7.360000, 1.007363e+00,7.360000, 0.000000e+00,
7.370000, 1.007377e+00,7.370000, 1.007373e+00,7.370000, 0.000000e+00,
7.380000, 1.007387e+00,7.380000, 1.007383e+00,7.380000, 0.000000e+00,
7.390000, 1.007397e+00,7.390000, 1.007393e+00,7.390000, 0.000000e+00,
7.400000, 1.007407e+00,7.400000, 1.007403e+00,7.400000, 0.000000e+00,
7.410000, 1.007417e+00,7.410000, 1.007413e+00,7.410000, 0.000000e+00,
7.420000, 1.007427e+00,7.420000, 1.007423e+00,7.420000, 0.000000e+00,
7.430000, 1.007437e+00,7.430000, 1.007433e+00,7.430000, 0.000000e+00,
7.440000, 1.007447e+00,7.440000, 1.007443e+00,7.440000, 0.000000e+00,
7.450000, 1.007457e+00,7.450000, 1.007453e+00,7.450000, 0.000000e+00,
7.460000, 1.007467e+00,7.460000, 1.007463e+00,7.460000, 0.000000e+00,
7.470000, 1.007477e+00,7.470000, 1.007473e+00,7.470000, 0.000000e+00,
7.480000, 1.007487e+00,7.480000, 1.007483e+00,7.480000, 0.000000e+00,
7.490000, 1.007497e+00,7.490000, 1.007493e+00,7.490000, 0.000000e+00,
7.500000, 1.007507e+00,7.500000, 1.007503e+00,7.500000, 0.000000e+00,
7.510000, 1.007517e+00,7.510000, 1.007513e+00,7.510000, 0.000000e+00,
7.520000, 1.007527e+00,7.520000, 1.007523e+00,7.520000, 0.000000e+00,
7.530000, 1.007537e+00,7.530000, 1.007533e+00,7.530000, 0.000000e+00,
7.540000, 1.007547e+00,7.540000, 1.007543e+00,7.540000, 0.000000e+00,
7.550000, 1.007557e+00,7.550000, 1.007553e+00,7.550000, 0.000000e+00,
7.560000, 1.007567e+00,7.560000, 1.007563e+00,7.560000, 0.000000e+00,
7.570000, 1.007577e+00,7.570000, 1.007573e+00,7.570000, 0.000000e+00,
7.580000, 1.007587e+00,7.580000, 1.007583e+00,7.580000, 0.000000e+00,
7.590000, 1.007597e+00,7.590000, 1.007593e+00,7.590000, 0.000000e+00,
7.600000, 1.007607e+00,7.600000, 1.007603e+00,7.600000, 0.000000e+00,
7.610000, 1.007617e+00,7.610000, 1.007613e+00,7.610000, 0.000000e+00,
7.620000, 1.007627e+00,7.620000, 1.007623e+00,7.620000, 0.000000e+00,
7.630000, 1.007637e+00,7.630000, 1.007633e+00,7.630000, 0.000000e+00,
7.640000, 1.007647e+00,7.640000, 1.007643e+00,7.640000, 0.000000e+00,
7.650000, 1.007657e+00,7.650000, 1.007653e+00,7.650000, 0.000000e+00,
7.660000, 1.007667e+00,7.660000, 1.007663e+00,7.660000, 0.000000e+00,
7.670000, 1.007677e+00,7.670000, 1.007673e+00,7.670000, 0.000000e+00,
7.680000, 1.007687e+00,7.680000, 1.007683e+00,7.680000, 0.000000e+00,
7.690000, 1.007697e+00,7.690000, 1.007693e+00,7.690000, 0.000000e+00,
7.700000, 1.007707e+00,7.700000, 1.007703e+00,7.700000, 0.000000e+00,
7.710000, 1.007717e+00,7.710000, 1.007713e+00,7.710000, 0.000000e+00,
7.720000, 1.007727e+00,7.720000, 1.007723e+00,7.720000, 0.000000e+00,
7.730000, 1.007737e+00,7.730000, 1.007733e+00,7.730000, 0.000000e+00,
7.740000, 1.007747e+00,7.740000, 1.007743e+00,7.740000, 0.000000e+00,
7.750000, 1.007757e+00,7.750000, 1.007753e+00,7.750000, 0.000000e+00,
7.760000, 1.007767e+00,7.760000, 1.007763e+00,7.760000, 0.000000e+00,
7.770000, 1.007777e+00,7.770000, 1.007773e+00,7.770000, 0.000000e+00,
7.780000, 1.007787e+00,7.780000, 1.007783e+00,7.780000, 0.000000e+00,
7.790000, 1.007797e+00,7.790000, 1.007793e+00,7.790000, 0.000000e+00,
7.800000, 1.007807e+00,7.800000, 1.007803e+00,7.800000, 0.000000e+00,
7.810000, 1.007817e+00,7.810000, 1.007813e+00,7.810000, 0.000000e+00,
7.820000, 1.007827e+00,7.820000, 1.007823e+00,7.820000, 0.000000e+00,
7.830000, 1.007837e+00,7.830000, 1.007833e+00,7.830000, 0.000000e+00,
7.840000, 1.007847e+00,7.840000, 1.007843e+00,7.840000, 0.000000e+00,
7.850000, 1.007857e+00,7.850000, 1.007853e+00,7.850000, 0.000000e+00,
7.860000, 1.007867e+00,7.860000, 1.007863e+00,7.860000, 0.000000e+00,
7.870000, 1.007877e+00,7.870000, 1.007873e+00,7.870000, 0.000000e+00,
7.880000, 1.007887e+00,7.880000, 1.007883e+00,7.880000, 0.000000e+00,
7.890000, 1.007897e+00,7.890000, 1.007893e+00,7.890000, 0.000000e+00,
7.900000, 1.007907e+00,7.900000, 1.007903e+00,7.900000, 0.000000e+00,
7.910000, 1.007917e+00,7.910000, 1.007913e+00,7.910000, 0.000000e+00,
7.920000, 1.007927e+00,7.920000, 1.007923e+00,7.920000, 0.000000e+00,
7.930000, 1.007937e+00,7.930000, 1.007933e+00,7.930000, 0.000000e+00,
7.940000, 1.007947e+00,7.940000, 1.007943e+00,7.940000, 0.000000e+00,
7.950000, 1.007957e+00,7.950000, 1.007953e+00,7.950000, 0.000000e+00,
7.960000, 1.007967e+00,7.960000, 1.007963e+00,7.960000, 0.000000e+00,
7.970000, 1.007977e+00,7.970000, 1.007973e+00,7.970000, 0.000000e+00,
7.980000, 1.007987e+00,7.980000, 1.007983e+00,7.980000, 0.000000e+00,
7.990000, 1.007997e+00,7.990000, 1.007993e+00,7.990000, 0.000000e+00,
8.000000, 1.008007e+00,8.000000, 1.008003e+00,8.000000, 0.000000e+00,
8.010000, 1.008017e+00,8.010000, 1.008013e+00,8.010000, 0.000000e+00,
8.020000, 1.008027e+00,8.020000, 1.008023e+00,8.020000, 0.000000e+00,
8.030000, 1.008037e+00,8.030000, 1.008033e+00,8.030000, 0.000000e+00,
8.040000, 1.008047e+00,8.040000, 1.008043e+00,8.040000, 0.000000e+00,
8.050000, 1.008057e+00,8.050000, 1.008053e+00,8.050000, 0.000000e+00,
8.060000, 1.008067e+00,8.060000, 1.008063e+00,8.060000, 0.000000e+00,
8.070000, 1.008077e+00,8.070000, 1.008073e+00,8.070000, 0.000000e+00,
8.080000, 1.008087e+00,8.080000, 1.008083e+00,8.080000, 0.000000e+00,
8.090000, 1.008097e+00,8.090000, 1.008093e+00,8.090000, 0.000000e+00,
8.100000, 1.008107e+00,8.100000, 1.008103e+00,8.100000, 0.000000e+00,
8.110000, 1.008117e+00,8.110000, 1.008113e+00,8.110000, 0.000000e+00,
8.120000, 1.008127e+00,8.120000, 1.008123e+00,8.120000, 0.000000e+00,
8.130000, 1.008137e+00,8.130000, 1.008133e+00,8.130000, 0.000000e+00,
8.140000, 1.008147e+00,8.140000, 1.008143e+00,8.140000, 0.000000e+00,
8.150000, 1.008157e+00,8.150000, 1.008153e+00,8.150000, 0.000000e+00,
8.160000, 1.008167e+00,8.160000, 1.008163e+00,8.160000, 0.000000e+00,
8.170000, 1.008177e+00,8.170000, 1.008173e+00,8.170000, 0.000000e+00,
8.180000, 1.008187e+00,8.180000, 1.008183e+00,8.180000, 0.000000e+00,
8.190000, 1.008197e+00,8.190000, 1.008193e+00,8.190000, 0.000000e+00,
8.200000, 1.008207e+00,8.200000, 1.008203e+00,8.200000, 0.000000e+00,
8.210000, 1.008217e+00,8.210000, 1.008213e+00,8.210000, 0.000000e+00,
8.220000, 1.008227e+00,8.220000, 1.008223e+00,8.220000, 0.000000e+00,
8.230000, 1.008237e+00,8.230000, 1.008233e+00,8.230000, 0.000000e+00,
8.240000, 1.008247e+00,8.240000, 1.008243e+00,8.240000, 0.000000e+00,
8.250000, 1.008257e+00,8.250000, 1.008253e+00,8.250000, 0.000000e+00,
8.260000, 1.008267e+00,8.260000, 1.008263e+00,8.260000, 0.000000e+00,
8.270000, 1.008277e+00,8.270000, 1.008273e+00,8.270000, 0.000000e+00,
8.280000, 1.008287e+00,8.280000, 1.008283e+00,8.280000, 0.000000e+00,
8.290000, 1.008297e+00,8.290000, 1.008293e+00,8.290000, 0.000000e+00,
8.300000, 1.008307e+00,8.300000, 1.008303e+00,8.300000, 0.000000e+00,
8.310000, 1.008317e+00,8.310000, 1.008313e+00,8.310000, 0.000000e+00,
8.320000, 1.008327e+00,8.320000, 1.008323e+00,8.320000, 0.000000e+00,
8.330000, 1.008337e+00,8.330000, 1.008333e+00,8.330000, 0.000000e+00,
8.340000, 1.008347e+00,8.340000, 1.008343e+00,8.340000, 0.000000e+00,
8.350000, 1.008357e+00,8.350000, 1.008353e+00,8.350000, 0.000000e+00,
8.360000, 1.008367e+00,8.360000, 1.008363e+00,8.360000, 0.000000e+00,
8.370000, 1.008377e+00,8.370000, 1.008373e+00,8.370000, 0.000000e+00,
8.380000, 1.008387e+00,8.380000, 1.008383e+00,8.380000, 0.000000e+00,
8.390000, 1.008397e+00,8.390000, 1.008393e+00,8.390000, 0.000000e+00,
8.400000, 1.008407e+00,8.400000, 1.008403e+00,8.400000, 0.000000e+00,
8.410000, 1.008417e+00,8.410000, 1.008413e+00,8.410000, 0.000000e+00,
8.420000, 1.008427e+00,8.420000, 1.008423e+00,8.420000, 0.000000e+00,
8.430000, 1.008437e+00,8.430000, 1.008433e+00,8.430000, 0.000000e+00,
8.440000, 1.008447e+00,8.440000, 1.008443e+00,8.440000, 0.000000e+00,
8.450000, 1.008457e+00,8.450000, 1.008453e+00,8.450000, 0.000000e+00,
8.460000, 1.008467e+00,8.460000, 1.008463e+00,8.460000, 0.000000e+00,
8.470000, 1.008477e+00,8.470000, 1.008473e+00,8.470000, 0.000000e+00,
8.480000, 1.008487e+00,8.480000, 1.008483e+00,8.480000, 0.000000e+00,
8.490000, 1.008497e+00,8.490000, 1.008493e+00,8.490000, 0.000000e+00,
8.500000, 1.008507e+00,8.500000, 1.008503e+00,8.500000, 0.000000e+00,
8.510000, 1.008517e+00,8.510000, 1.008513e+00,8.510000, 0.000000e+00,
8.520000, 1.008527e+00,8.520000, 1.008523e+00,8.520000, 0.000000e+00,
8.530000, 1.008537e+00,8.530000, 1.008533e+00,8.530000, 0.000000e+00,
8.540000, 1.008547e+00,8.540000, 1.008543e+00,8.540000, 0.000000e+00,
8.550000, 1.008557e+00,8.550000, 1.008553e+00,8.550000, 0.000000e+00,
8.560000, 1.008567e+00,8.560000, 1.008563e+00,8.560000, 0.000000e+00,
8.570000, 1.008577e+00,8.570000, 1.008573e+00,8.570000, 0.000000e+00,
8.580000, 1.008587e+00,8.580000, 1.008583e+00,8.580000, 0.000000e+00,
8.590000, 1.008597e+00,8.590000, 1.008593e+00,8.590000, 0.000000e+00,
8.600000, 1.008607e+00,8.600000, 1.008603e+00,8.600000, 0.000000e+00,
8.610000, 1.008617e+00,8.610000, 1.008613e+00,8.610000, 0.000000e+00,
8.620000, 1.008627e+00,8.620000, 1.008623e+00,8.620000, 0.000000e+00,
8.630000, 1.008637e+00,8.630000, 1.008633e+00,8.630000, 0.000000e+00,
8.640000, 1.008647e+00,8.640000, 1.008643e+00,8.640000, 0.000000e+00,
8.650000, 1.008657e+00,8.650000, 1.008653e+00,8.650000, 0.000000e+00,
8.660000, 1.008667e+00,8.660000, 1.008663e+00,8.660000, 0.000000e+00,
8.670000, 1.008677e+00,8.670000, 1.008673e+00,8.670000, 0.000000e+00,
8.680000, 1.008687e+00,8.680000, 1.008683e+00,8.680000, 0.000000e+00,
8.690000, 1.008697e+00,8.690000, 1.008693e+00,8.690000, 0.000000e+00,
8.700000, 1.008707e+00,8.700000, 1.008703e+00,8.700000, 0.000000e+00,
8.710000, 1.008717e+00,8.710000, 1.008713e+00,8.710000, 0.000000e+00,
8.720000, 1.008727e+00,8.720000, 1.008723e+00,8.720000, 0.000000e+00,
8.730000, 1.008737e+00,8.730000, 1.008733e+00,8.730000, 0.000000e+00,
8.740000, 1.008747e+00,8.740000, 1.008743e+00,8.740000, 0.000000e+00,
8.750000, 1.008757e+00,8.750000, 1.008753e+00,8.750000, 0.000000e+00,
8.760000, 1.008767e+00,8.760000, 1.008763e+00,8.760000, 0.000000e+00,
8.770000, 1.008777e+00,8.770000, 1.008773e+00,8.770000, 0.000000e+00,
8.780000, 1.008787e+00,8.780000, 1.008783e+00,8.780000, 0.000000e+00,
8.790000, 1.008797e+00,8.790000, 1.008793e+00,8.790000, 0.000000e+00,
8.800000, 1.008807e+00,8.800000, 1.008803e+00,8.800000, 0.000000e+00,
8.810000, 1.008817e+00,8.810000, 1.008813e+00,8.810000, 0.000000e+00,
8.820000, 1.008827e+00,8.820000, 1.008823e+00,8.820000, 0.000000e+00,
8.830000, 1.008837e+00,8.830000, 1.008833e+00,8.830000, 0.000000e+00,
8.840000, 1.008847e+00,8.840000, 1.008843e+00,8.840000, 0.000000e+00,
8.850000, 1.008857e+00,8.850000, 1.008853e+00,8.850000, 0.000000e+00,
8.860000, 1.008867e+00,8.860000, 1.008863e+00,8.860000, 0.000000e+00,
8.870000, 1.008877e+00,8.870000, 1.008873e+00,8.870000, 0.000000e+00,
8.880000, 1.008887e+00,8.880000, 1.008883e+00,8.880000, 0.000000e+00,
8.890000, 1.008897e+00,8.890000, 1.008893e+00,8.890000, 0.000000e+00,
8.900000, 1.008907e+00,8.900000, 1.008903e+00,8.900000, 0.000000e+00,
8.910000, 1.008917e+00,8.910000, 1.008913e+00,8.910000, 0.000000e+00,
8.920000, 1.008927e+00,8.920000, 1.008923e+00,8.920000, 0.000000e+00,
8.930000, 1.008937e+00,8.930000, 1.008933e+00,8.930000, 0.000000e+00,
8.940000, 1.008947e+00,8.940000, 1.008943e+00,8.940000, 0.000000e+00,
8.950000, 1.008957e+00,8.950000, 1.008953e+00,8.950000, 0.000000e+00,
8.960000, 1.008967e+00,8.960000, 1.008963e+00,8.960000, 0.000000e+00,
8.970000, 1.008977e+00,8.970000, 1.008973e+00,8.970000, 0.000000e+00,
8.980000, 1.008987e+00,8.980000, 1.008983e+00,8.980000, 0.000000e+00,
8.990000, 1.008997e+00,8.990000, 1.008993e+00,8.990000, 0.000000e+00,
9.000000, 1.009007e+00,9.000000, 1.009003e+00,9.000000, 0.000000e+00,
9.010000, 1.009017e+00,9.010000, 1.009013e+00,9.010000, 0.000000e+00,
9.020000, 1.009027e+00,9.020000, 1.009023e+00,9.020000, 0.000000e+00,
9.030000, 1.009037e+00,9.030000, 1.009033e+00,9.030000, 0.000000e+00,
9.040000, 1.009047e+00,9.040000, 1.009043e+00,9.040000, 0.000000e+00,
9.050000, 1.009057e+00,9.050000, 1.009053e+00,9.050000, 0.000000e+00,
9.060000, 1.009067e+00,9.060000, 1.009063e+00,9.060000, 0.000000e+00,
9.070000, 1.009077e+00,9.070000, 1.009073e+00,9.070000, 0.000000e+00,
9.080000, 1.009087e+00,9.080000, 1.009083e+00,9.080000, 0.000000e+00,
9.090000, 1.009097e+00,9.090000, 1.009093e+00,9.090000, 0.000000e+00,
9.100000, 1.009107e+00,9.100000, 1.009103e+00,9.100000, 0.000000e+00,
9.110000, 1.009117e+00,9.110000, 1.009113e+00,9.110000, 0.000000e+00,
9.120000, 1.009127e+00,9.120000, 1.009123e+00,9.120000, 0.000000e+00,
9.130000, 1.009137e+00,9.130000, 1.009133e+00,9.130000, 0.000000e+00,
9.140000, 1.009147e+00,9.140000, 1.009143e+00,9.140000, 0.000000e+00,
9.150000, 1.009157e+00,9.150000, 1.009153e+00,9.150000, 0.000000e+00,
9.160000, 1.009167e+00,9.160000, 1.009163e+00,9.160000, 0.000000e+00,
9.170000, 1.009177e+00,9.170000, 1.009173e+00,9.170000, 0.000000e+00,
9.180000, 1.009187e+00,9.180000, 1.009183e+00,9.180000, 0.000000e+00,
9.190000, 1.009197e+00,9.190000, 1.009193e+00,9.190000, 0.000000e+00,
9.200000, 1.009207e+00,9.200000, 1.009203e+00,9.200000, 0.000000e+00,
9.210000, 1.009217e+00,9.210000, 1.009213e+00,9.210000, 0.000000e+00,
9.220000, 1.009227e+00,9.220000, 1.009223e+00,9.220000, 0.000000e+00,
9.230000, 1.009237e+00,9.230000, 1.009233e+00,9.230000, 0.000000e+00,
9.240000, 1.009247e+00,9.240000, 1.009243e+00,9.240000, 0.000000e+00,
9.250000, 1.009257e+00,9.250000, 1.009253e+00,9.250000, 0.000000e+00,
9.260000, 1.009267e+00,9.260000, 1.009263e+00,9.260000, 0.000000e+00,
9.270000, 1.009277e+00,9.270000, 1.009273e+00,9.270000, 0.000000e+00,
9.280000, 1.009287e+00,9.280000, 1.009283e+00,9.280000, 0.000000e+00,
9.290000, 1.009297e+00,9.290000, 1.009293e+00,9.290000, 0.000000e+00,
9.300000, 1.009307e+00,9.300000, 1.009303e+00,9.300000, 0.000000e+00,
9.310000, 1.009317e+00,9.310000, 1.009313e+00,9.310000, 0.000000e+00,
9.320000, 1.009327e+00,9.320000, 1.009323e+00,9.320000, 0.000000e+00,
9.330000, 1.009337e+00,9.330000, 1.009333e+00,9.330000, 0.000000e+00,
9.340000, 1.009347e+00,9.340000, 1.009343e+00,9.340000, 0.000000e+00,
9.350000, 1.009357e+00,9.350000, 1.009353e+00,9.350000, 0.000000e+00,
9.360000, 1.009367e+00,9.360000, 1.009363e+00,9.360000, 0.000000e+00,
9.370000, 1.009377e+00,9.370000, 1.009373e+00,9.370000, 0.000000e+00,
9.380000, 1.009387e+00,9.380000, 1.009383e+00,9.380000, 0.000000e+00,
9.390000, 1.009397e+00,9.390000, 1.009393e+00,9.390000, 0.000000e+00,
9.400000, 1.009407e+00,9.400000, 1.009403e+00,9.400000, 0.000000e+00,
9.410000, 1.009417e+00,9.410000, 1.009413e+00,9.410000, 0.000000e+00,
9.420000, 1.009427e+00,9.420000, 1.009423e+00,9.420000, 0.000000e+00,
9.430000, 1.009437e+00,9.430000, 1.009433e+00,9.430000, 0.000000e+00,
9.440000, 1.009447e+00,9.440000, 1.009443e+00,9.440000, 0.000000e+00,
9.450000, 1.009457e+00,9.450000, 1.009453e+00,9.450000, 0.000000e+00,
9.460000, 1.009467e+00,9.460000, 1.009463e+00,9.460000, 0.000000e+00,
9.470000, 1.009477e+00,9.470000, 1.009473e+00,9.470000, 0.000000e+00,
9.480000, 1.009487e+00,9.480000, 1.009483e+00,9.480000, 0.000000e+00,
9.490000, 1.009497e+00,9.490000, 1.009493e+00,9.490000, 0.000000e+00,
9.500000, 1.009507e+00,9.500000, 1.009503e+00,9.500000, 0.000000e+00,
9.510000, 1.009517e+00,9.510000, 1.009513e+00,9.510000, 0.000000e+00,
9.520000, 1.009527e+00,9.520000, 1.009523e+00,9.520000, 0.000000e+00,
9.530000, 1.009537e+00,9.530000, 1.009533e+00,9.530000, 0.000000e+00,
9.540000, 1.009547e+00,9.540000, 1.009543e+00,9.540000, 0.000000e+00,
9.550000, 1.009557e+00,9.550000, 1.009553e+00,9.550000, 0.000000e+00,
9.560000, 1.009567e+00,9.560000, 1.009563e+00,9.560000, 0.000000e+00,
9.570000, 1.009577e+00,9.570000, 1.009573e+00,9.570000, 0.000000e+00,
9.580000, 1.009587e+00,9.580000, 1.009583e+00,9.580000, 0.000000e+00,
9.590000, 1.009597e+00,9.590000, 1.009593e+00,9.590000, 0.000000e+00,
9.600000, 1.009607e+00,9.600000, 1.009603e+00,9.600000, 0.000000e+00,
9.610000, 1.009617e+00,9.610000, 1.009613e+00,9.610000, 0.000000e+00,
9.620000, 1.009627e+00,9.620000, 1.009623e+00,9.620000, 0.000000e+00,
9.630000, 1.009637e+00,9.630000, 1.009633e+00,9.630000, 0.000000e+00,
9.640000, 1.009647e+00,9.640000, 1.009643e+00,9.640000, 0.000000e+00,
9.650000, 1.009657e+00,9.650000, 1.009653e+00,9.650000, 0.000000e+00,
9.660000, 1.009667e+00,9.660000, 1.009663e+00,9.660000, 0.000000e+00,
9.670000, 1.009677e+00,9.670000, 1.009673e+00,9.670000, 0.000000e+00,
9.680000, 1.009687e+00,9.680000, 1.009683e+00,9.680000, 0.000000e+00,
9.690000, 1.009697e+00,9.690000, 1.009693e+00,9.690000, 0.000000e+00,
9.700000, 1.009707e+00,9.700000, 1.009703e+00,9.700000, 0.000000e+00,
9.710000, 1.009717e+00,9.710000, 1.009713e+00,9.710000, 0.000000e+00,
9.720000, 1.009727e+00,9.720000, 1.009723e+00,9.720000, 0.000000e+00,
9.730000, 1.009737e+00,9.730000, 1.009733e+00,9.730000, 0.000000e+00,
9.740000, 1.009747e+00,9.740000, 1.009743e+00,9.740000, 0.000000e+00,
9.750000, 1.009757e+00,9.750000, 1.009753e+00,9.750000, 0.000000e+00,
9.760000, 1.009767e+00,9.760000, 1.009763e+00,9.760000, 0.000000e+00,
9.770000, 1.009777e+00,9.770000, 1.009773e+00,9.770000, 0.000000e+00,
9.780000, 1.009787e+00,9.780000, 1.009783e+00,9.780000, 0.000000e+00,
9.790000, 1.009797e+00,9.790000, 1.009793e+00,9.790000, 0.000000e+00,
9.800000, 1.009807e+00,9.800000, 1.009803e+00,9.800000, 0.000000e+00,
9.810000, 1.009817e+00,9.810000, 1.009813e+00,9.810000, 0.000000e+00,
9.820000, 1.009827e+00,9.820000, 1.009823e+00,9.820000, 0.000000e+00,
9.830000, 1.009837e+00,9.830000, 1.009833e+00,9.830000, 0.000000e+00,
9.840000, 1.009847e+00,9.840000, 1.009843e+00,9.840000, 0.000000e+00,
9.850000, 1.009857e+00,9.850000, 1.009853e+00,9.850000, 0.000000e+00,
9.860000, 1.009867e+00,9.860000, 1.009863e+00,9.860000, 0.000000e+00,
9.870000, 1.009877e+00,9.870000, 1.009873e+00,9.870000, 0.000000e+00,
9.880000, 1.009887e+00,9.880000, 1.009883e+00,9.880000, 0.000000e+00,
9.890000, 1.009897e+00,9.890000, 1.009893e+00,9.890000, 0.000000e+00,
9.900000, 1.009907e+00,9.900000, 1.009903e+00,9.900000, 0.000000e+00,
9.910000, 1.009917e+00,9.910000, 1.009913e+00,9.910000, 0.000000e+00,
9.920000, 1.009927e+00,9.920000, 1.009923e+00,9.920000, 0.000000e+00,
9.930000, 1.009937e+00,9.930000, 1.009933e+00,9.930000, 0.000000e+00,
9.940000, 1.009947e+00,9.940000, 1.009943e+00,9.940000, 0.000000e+00,
9.950000, 1.009957e+00,9.950000, 1.009953e+00,9.950000, 0.000000e+00,
9.960000, 1.009967e+00,9.960000, 1.009963e+00,9.960000, 0.000000e+00,
9.970000, 1.009977e+00,9.970000, 1.009973e+00,9.970000, 0.000000e+00,
9.980000, 1.009987e+00,9.980000, 1.009983e+00,9.980000, 0.000000e+00,
9.990000, 1.009997e+00,9.990000, 1.009993e+00,9.990000, 0.000000e+00,
10.000000, 1.010007e+00,10.000000, 1.010003e+00,10.000000, 0.000000e+00,
