names, S_Pond (1), 
//t, S_Pond (1), 
0.000000, 6.527780e-06,
0.003472, -3.294746e-17,
0.006944, -3.294746e-17,
0.010417, -3.294746e-17,
0.013889, -3.294577e-17,
0.017361, -3.294577e-17,
0.020833, 3.472220e-06,
0.020833, -3.472220e-06,
0.024306, -3.294577e-17,
0.027778, -3.294577e-17,
0.031250, -3.294577e-17,
0.034722, -3.294577e-17,
0.038194, 3.472220e-06,
0.038194, -3.472220e-06,
0.041667, -3.294577e-17,
0.045139, -3.295297e-17,
0.048611, -3.294577e-17,
0.052083, -3.294577e-17,
0.055556, -3.294577e-17,
0.059028, -3.294577e-17,
0.062500, -3.294577e-17,
0.065972, -3.294577e-17,
0.069444, -3.294577e-17,
0.072917, 3.472220e-06,
0.072917, -3.472220e-06,
0.076389, -3.294577e-17,
0.079861, -3.294577e-17,
0.083333, -3.294577e-17,
0.086805, -3.294577e-17,
0.090278, -3.294577e-17,
0.093750, -3.295975e-17,
0.097222, -3.294577e-17,
0.100694, -3.294577e-17,
0.104167, -3.294577e-17,
0.107639, -3.294577e-17,
0.111111, -3.294577e-17,
0.114583, -3.294577e-17,
0.118055, -3.294577e-17,
0.121528, -3.294577e-17,
0.125000, -3.294577e-17,
0.128472, -3.294577e-17,
0.131944, -3.294577e-17,
0.135417, -3.294577e-17,
0.138889, -3.294577e-17,
0.142361, 3.472220e-06,
0.142361, -3.472220e-06,
0.145833, -3.294577e-17,
0.149305, -3.294577e-17,
0.152778, -3.294577e-17,
0.156250, -3.294577e-17,
0.159722, -3.294577e-17,
0.163194, -3.294577e-17,
0.166667, -3.294577e-17,
0.170139, -3.294577e-17,
0.173611, -3.294577e-17,
0.177083, -3.294577e-17,
0.180555, -3.294577e-17,
0.184028, -3.294577e-17,
0.187500, -3.294577e-17,
0.190972, -3.297372e-17,
0.194444, -3.294577e-17,
0.197917, -3.294577e-17,
0.201389, -3.294577e-17,
0.204861, -3.294577e-17,
0.208333, -3.294577e-17,
0.211805, -3.294577e-17,
0.215278, -3.294577e-17,
0.218750, -3.294577e-17,
0.222222, -3.294577e-17,
0.225694, -3.294577e-17,
0.229167, -3.294577e-17,
0.232639, -3.294577e-17,
0.236111, -3.294577e-17,
0.239583, -3.294577e-17,
0.243055, -3.294577e-17,
0.246528, -3.294577e-17,
0.250000, -3.297372e-17,
0.253472, -3.291824e-17,
0.256944, -3.297372e-17,
0.260416, -3.291824e-17,
0.263889, -3.297372e-17,
0.267361, -3.291824e-17,
0.270833, -3.297372e-17,
0.274305, -3.291824e-17,
0.277778, -3.297372e-17,
0.281250, -3.297372e-17,
0.284722, -3.291824e-17,
0.288194, -3.297372e-17,
0.291666, -3.291824e-17,
0.295139, -3.297372e-17,
0.298611, -3.291824e-17,
0.302083, -3.297372e-17,
0.305555, -3.291824e-17,
0.309028, -3.297372e-17,
0.312500, -3.291824e-17,
0.315972, -3.297372e-17,
0.319444, -3.291824e-17,
0.322916, -3.297372e-17,
0.326389, -3.291824e-17,
0.329861, -3.297372e-17,
0.333333, -3.297372e-17,
0.336805, -3.291824e-17,
0.340278, -3.297372e-17,
0.343750, -3.291824e-17,
0.347222, -3.297372e-17,
0.350694, -3.291824e-17,
0.354166, -3.297372e-17,
0.357639, -3.291824e-17,
0.361111, -3.297372e-17,
0.364583, -3.291824e-17,
0.368055, -3.297372e-17,
0.371528, -3.291824e-17,
0.375000, -3.297372e-17,
0.378472, -3.291824e-17,
0.381944, -3.297372e-17,
0.385416, -3.297372e-17,
0.388889, -3.291824e-17,
0.392361, -3.297372e-17,
0.395833, -3.291824e-17,
0.399305, -3.297372e-17,
0.402778, -3.291824e-17,
0.406250, -3.297372e-17,
0.409722, -3.291824e-17,
0.413194, -3.297372e-17,
0.416666, -3.291824e-17,
0.420139, -3.297372e-17,
0.423611, -3.291824e-17,
0.427083, -3.297372e-17,
0.430555, -3.291824e-17,
0.434027, -3.297372e-17,
0.437500, -3.291824e-17,
0.440972, -3.297372e-17,
0.444444, -3.297372e-17,
0.447916, -3.291824e-17,
0.451389, -3.297372e-17,
0.454861, -3.291824e-17,
0.458333, -3.297372e-17,
0.461805, -3.291824e-17,
0.465277, -3.297372e-17,
0.468750, -3.291824e-17,
0.472222, -3.297372e-17,
0.475694, -3.291824e-17,
0.479166, -3.297372e-17,
0.482639, -3.291824e-17,
0.486111, -3.297372e-17,
0.489583, -3.291824e-17,
0.493055, -3.297372e-17,
0.496527, -3.291824e-17,
0.500000, -3.297372e-17,
0.503472, -3.297372e-17,
0.506944, -3.297372e-17,
0.510416, -3.286276e-17,
0.513889, -3.297372e-17,
0.517361, -3.297372e-17,
0.520833, -3.297372e-17,
0.524305, -3.286276e-17,
0.527777, -3.297372e-17,
0.531250, -3.297372e-17,
0.534722, -3.297372e-17,
0.538194, -3.286276e-17,
0.541666, -3.297372e-17,
0.545139, -3.297372e-17,
0.548611, -3.297372e-17,
0.552083, -3.286276e-17,
0.555555, -3.297372e-17,
0.559027, -3.297372e-17,
0.562500, -3.297372e-17,
0.565972, -3.297372e-17,
0.569444, -3.286276e-17,
0.572916, -3.297372e-17,
0.576389, -3.297372e-17,
0.579861, -3.297372e-17,
0.583333, -3.286276e-17,
0.586805, -3.297372e-17,
0.590277, -3.297372e-17,
0.593750, -3.297372e-17,
0.597222, -3.286276e-17,
0.600694, -3.297372e-17,
0.604166, -3.297372e-17,
0.607638, -3.297372e-17,
0.611111, -3.297372e-17,
0.614583, -3.286276e-17,
0.618055, -3.297372e-17,
0.621527, -3.297372e-17,
0.625000, -3.297372e-17,
0.628472, -3.286276e-17,
0.631944, -3.297372e-17,
0.635416, -3.297372e-17,
0.638888, -3.297372e-17,
0.642361, -3.286276e-17,
0.645833, -3.297372e-17,
0.649305, -3.297372e-17,
0.652777, -3.297372e-17,
0.656250, -3.286276e-17,
0.659722, -3.297372e-17,
0.663194, -3.297372e-17,
0.666666, -3.297372e-17,
0.670138, -3.297372e-17,
0.673611, -3.286276e-17,
0.677083, -3.297372e-17,
0.680555, -3.297372e-17,
0.684027, -3.297372e-17,
0.687500, -3.286276e-17,
0.690972, -3.297372e-17,
0.694444, -3.297372e-17,
0.697916, -3.297372e-17,
0.701388, -3.286276e-17,
0.704861, -3.297372e-17,
0.708333, -3.297372e-17,
0.711805, -3.297372e-17,
0.715277, -3.286276e-17,
0.718750, -3.297372e-17,
0.722222, -3.297372e-17,
0.725694, -3.297372e-17,
0.729166, -3.297372e-17,
0.732638, -3.286276e-17,
0.736111, -3.297372e-17,
0.739583, -3.297372e-17,
0.743055, -3.297372e-17,
0.746527, -3.286276e-17,
0.750000, -3.297372e-17,
0.753472, -3.297372e-17,
0.756944, -3.297372e-17,
0.760416, -3.286276e-17,
0.763888, -3.297372e-17,
0.767361, -3.297372e-17,
0.770833, -3.297372e-17,
0.774305, -3.297372e-17,
0.777777, -3.286276e-17,
0.781249, -3.297372e-17,
0.784722, -3.297372e-17,
0.788194, -3.297372e-17,
0.791666, -3.286276e-17,
0.795138, -3.297372e-17,
0.798611, -3.297372e-17,
0.802083, -3.297372e-17,
0.805555, -3.286276e-17,
0.809027, -3.297372e-17,
0.812499, -3.297372e-17,
0.815972, -3.297372e-17,
0.819444, -3.286276e-17,
0.822916, -3.297372e-17,
0.826388, -3.297372e-17,
0.829861, -3.297372e-17,
0.833333, -3.297372e-17,
0.836805, -3.286276e-17,
0.840277, -3.297372e-17,
0.843749, -3.297372e-17,
0.847222, -3.297372e-17,
0.850694, -3.286276e-17,
0.854166, -3.297372e-17,
0.857638, -3.297372e-17,
0.861111, -3.297372e-17,
0.864583, -3.286276e-17,
0.868055, -3.297372e-17,
0.871527, -3.297372e-17,
0.874999, -3.297372e-17,
0.878472, -3.286276e-17,
0.881944, -3.297372e-17,
0.885416, -3.297372e-17,
0.888888, -3.297372e-17,
0.892361, -3.297372e-17,
0.895833, -3.286276e-17,
0.899305, -3.297372e-17,
0.902777, -3.297372e-17,
0.906249, -3.297372e-17,
0.909722, -3.286276e-17,
0.913194, -3.297372e-17,
0.916666, -3.297372e-17,
0.920138, -3.297372e-17,
0.923611, -3.286276e-17,
0.927083, -3.297372e-17,
0.930555, -3.297372e-17,
0.934027, -3.297372e-17,
0.937499, -3.286276e-17,
0.940972, -3.297372e-17,
0.944444, -3.297372e-17,
0.947916, -3.297372e-17,
0.951388, -3.297372e-17,
0.954861, -3.286276e-17,
0.958333, -3.297372e-17,
0.961805, -3.297372e-17,
0.965277, -3.297372e-17,
0.968749, -3.286276e-17,
0.972222, -3.297372e-17,
0.975694, -3.297372e-17,
0.979166, -3.297372e-17,
0.982638, -3.286276e-17,
0.986110, -3.297372e-17,
0.989583, -3.297372e-17,
0.993055, -3.297372e-17,
0.996527, -3.286276e-17,
0.999999, -3.308468e-17,
1.003472, -3.286276e-17,
1.006944, -3.286276e-17,
1.010416, -3.308468e-17,
1.013888, -3.286276e-17,
1.017360, -3.308468e-17,
1.020833, -3.286276e-17,
1.024305, -3.286276e-17,
1.027777, -3.308468e-17,
1.031249, -3.286276e-17,
1.034722, -3.286276e-17,
1.038194, -3.286276e-17,
1.041666, 3.472220e-06,
1.041666, -3.472220e-06,
1.045138, -3.308468e-17,
1.048610, -3.286276e-17,
1.052083, -3.286276e-17,
1.055555, -3.308468e-17,
1.059027, -3.286276e-17,
1.062499, -3.308468e-17,
1.065972, -3.286276e-17,
1.069444, -3.286276e-17,
1.072916, -3.308468e-17,
1.076388, -3.286276e-17,
1.079860, -3.286276e-17,
1.083333, -3.308468e-17,
1.086805, -3.286276e-17,
1.090277, -3.308468e-17,
1.093749, -3.286276e-17,
1.097222, -3.286276e-17,
1.100694, -3.308468e-17,
1.104166, -3.286276e-17,
1.107638, -3.286276e-17,
1.111110, -3.286276e-17,
1.114583, 3.472220e-06,
1.114583, -3.472220e-06,
1.118055, -3.308468e-17,
1.121527, -3.286276e-17,
1.124999, -3.286276e-17,
1.128471, -3.308468e-17,
1.131944, -3.286276e-17,
1.135416, -3.308468e-17,
1.138888, -3.286276e-17,
1.142360, -3.286276e-17,
1.145833, -3.308468e-17,
1.149305, -3.286276e-17,
1.152777, -3.286276e-17,
1.156249, -3.286276e-17,
1.159721, 3.472220e-06,
1.159721, -3.472220e-06,
1.163194, -3.308468e-17,
1.166666, -3.286276e-17,
1.170138, -3.286276e-17,
1.173610, -3.308468e-17,
1.177083, -3.286276e-17,
1.180555, -3.308468e-17,
1.184027, -3.286276e-17,
1.187499, -3.286276e-17,
1.190971, -3.308468e-17,
1.194444, -3.286276e-17,
1.197916, -3.286276e-17,
1.201388, -3.286276e-17,
1.204860, 3.472220e-06,
1.204860, -3.472220e-06,
1.208333, -3.308468e-17,
1.211805, -3.286276e-17,
1.215277, -3.286276e-17,
1.218749, -3.308468e-17,
1.222221, -3.286276e-17,
1.225694, -3.308468e-17,
1.229166, -3.286276e-17,
1.232638, -3.286276e-17,
1.236110, -3.308468e-17,
1.239583, -3.286276e-17,
1.243055, -3.286276e-17,
1.246527, -3.308468e-17,
1.249999, -3.286276e-17,
1.253471, -3.308468e-17,
1.256944, -3.286276e-17,
1.260416, -3.286276e-17,
1.263888, -3.308468e-17,
1.267360, -3.286276e-17,
1.270833, -3.286276e-17,
1.274305, -3.286276e-17,
1.277777, 3.472220e-06,
1.277777, -3.472220e-06,
1.281249, -3.308468e-17,
1.284721, -3.286276e-17,
1.288194, -3.286276e-17,
1.291666, -3.308468e-17,
1.295138, -3.286276e-17,
1.298610, -3.308468e-17,
1.302083, -3.286276e-17,
1.305555, -3.286276e-17,
1.309027, -3.308468e-17,
1.312499, -3.286276e-17,
1.315971, -3.286276e-17,
1.319444, -3.286276e-17,
1.322916, 3.472220e-06,
1.322916, -3.472220e-06,
1.326388, -3.308468e-17,
1.329860, -3.286276e-17,
1.333332, -3.286276e-17,
1.336805, -3.308468e-17,
1.340277, -3.286276e-17,
1.343749, -3.308468e-17,
1.347221, -3.286276e-17,
1.350694, -3.286276e-17,
1.354166, -3.308468e-17,
1.357638, -3.286276e-17,
1.361110, -3.286276e-17,
1.364582, -3.286276e-17,
1.368055, 3.472220e-06,
1.368055, -3.472220e-06,
1.371527, -3.308468e-17,
1.374999, -3.286276e-17,
1.378471, -3.286276e-17,
1.381944, -3.308468e-17,
1.385416, -3.286276e-17,
1.388888, -3.308468e-17,
1.392360, -3.286276e-17,
1.395832, -3.286276e-17,
1.399305, -3.308468e-17,
1.402777, -3.286276e-17,
1.406249, -3.286276e-17,
1.409721, -3.308468e-17,
1.413194, -3.286276e-17,
1.416666, -3.308468e-17,
1.420138, -3.286276e-17,
1.423610, -3.286276e-17,
1.427082, -3.308468e-17,
1.430555, -3.286276e-17,
1.434027, -3.286276e-17,
1.437499, -3.286276e-17,
1.440971, 3.472220e-06,
1.440971, -3.472220e-06,
1.444444, -3.308468e-17,
1.447916, -3.286276e-17,
1.451388, -3.286276e-17,
1.454860, -3.308468e-17,
1.458332, -3.286276e-17,
1.461805, -3.308468e-17,
1.465277, -3.286276e-17,
1.468749, -3.286276e-17,
1.472221, -3.308468e-17,
1.475693, -3.286276e-17,
1.479166, -3.286276e-17,
1.482638, -3.286276e-17,
1.486110, 3.472220e-06,
1.486110, -3.472220e-06,
1.489582, -3.308468e-17,
1.493055, -3.286276e-17,
1.496527, -3.286276e-17,
1.499999, -3.308468e-17,
1.503471, -3.286276e-17,
1.506943, -3.308468e-17,
1.510416, -3.286276e-17,
1.513888, -3.286276e-17,
1.517360, -3.308468e-17,
1.520832, -3.286276e-17,
1.524305, -3.286276e-17,
1.527777, -3.308468e-17,
1.531249, -3.286276e-17,
1.534721, -3.308468e-17,
1.538193, -3.286276e-17,
1.541666, -3.286276e-17,
1.545138, -3.308468e-17,
1.548610, -3.286276e-17,
1.552082, -3.308468e-17,
1.555555, -3.286276e-17,
1.559027, -3.286276e-17,
1.562499, -3.308468e-17,
1.565971, -3.286276e-17,
1.569443, -3.286276e-17,
1.572916, -3.308468e-17,
1.576388, -3.286276e-17,
1.579860, -3.308468e-17,
1.583332, -3.286276e-17,
1.586805, -3.286276e-17,
1.590277, -3.308468e-17,
1.593749, -3.286276e-17,
1.597221, -3.286276e-17,
1.600693, -3.286276e-17,
1.604166, 3.472220e-06,
1.604166, -3.472220e-06,
1.607638, -3.308468e-17,
1.611110, -3.286276e-17,
1.614582, -3.286276e-17,
1.618055, -3.308468e-17,
1.621527, -3.286276e-17,
1.624999, -3.308468e-17,
1.628471, -3.286276e-17,
1.631943, -3.286276e-17,
1.635416, -3.308468e-17,
1.638888, -3.286276e-17,
1.642360, -3.286276e-17,
1.645832, -3.286276e-17,
1.649304, 3.472220e-06,
1.649304, -3.472220e-06,
1.652777, -3.308468e-17,
1.656249, -3.286276e-17,
1.659721, -3.286276e-17,
1.663193, -3.308468e-17,
1.666666, -3.286276e-17,
1.670138, -3.308468e-17,
1.673610, -3.286276e-17,
1.677082, -3.286276e-17,
1.680554, -3.308468e-17,
1.684027, -3.286276e-17,
1.687499, -3.286276e-17,
1.690971, -3.308468e-17,
1.694443, -3.286276e-17,
1.697916, -3.308468e-17,
1.701388, -3.286276e-17,
1.704860, -3.286276e-17,
1.708332, -3.308468e-17,
1.711804, -3.286276e-17,
1.715277, -3.286276e-17,
1.718749, -3.286276e-17,
1.722221, 3.472220e-06,
1.722221, -3.472220e-06,
1.725693, -3.308468e-17,
1.729166, -3.286276e-17,
1.732638, -3.286276e-17,
1.736110, -3.308468e-17,
1.739582, -3.286276e-17,
1.743054, -3.308468e-17,
1.746527, -3.286276e-17,
1.749999, -3.286276e-17,
1.753471, -3.308468e-17,
1.756943, -3.286276e-17,
1.760416, -3.286276e-17,
1.763888, -3.286276e-17,
1.767360, 3.472220e-06,
1.767360, -3.472220e-06,
1.770832, -3.308468e-17,
1.774304, -3.286276e-17,
1.777777, -3.286276e-17,
1.781249, -3.308468e-17,
1.784721, -3.286276e-17,
1.788193, -3.308468e-17,
1.791666, -3.286276e-17,
1.795138, -3.286276e-17,
1.798610, -3.308468e-17,
1.802082, -3.286276e-17,
1.805554, -3.286276e-17,
1.809027, -3.308468e-17,
1.812499, -3.286276e-17,
1.815971, -3.308468e-17,
1.819443, -3.286276e-17,
1.822915, -3.286276e-17,
1.826388, -3.308468e-17,
1.829860, -3.286276e-17,
1.833332, -3.308468e-17,
1.836804, -3.286276e-17,
1.840277, -3.286276e-17,
1.843749, -3.308468e-17,
1.847221, -3.286276e-17,
1.850693, -3.286276e-17,
1.854165, -3.308468e-17,
1.857638, -3.286276e-17,
1.861110, -3.308468e-17,
1.864582, -3.286276e-17,
1.868054, -3.286276e-17,
1.871527, -3.308468e-17,
1.874999, -3.286276e-17,
1.878471, -3.286276e-17,
1.881943, -3.308468e-17,
1.885415, -3.286276e-17,
1.888888, -3.308468e-17,
1.892360, -3.286276e-17,
1.895832, -3.286276e-17,
1.899304, -3.308468e-17,
1.902777, -3.286276e-17,
1.906249, -3.308468e-17,
1.909721, -3.286276e-17,
1.913193, -3.286276e-17,
1.916665, -3.308468e-17,
1.920138, -3.286276e-17,
1.923610, -3.286276e-17,
1.927082, -3.308468e-17,
1.930554, -3.286276e-17,
1.934027, -3.308468e-17,
1.937499, -3.286276e-17,
1.940971, -3.286276e-17,
1.944443, -3.308468e-17,
1.947915, -3.286276e-17,
1.951388, -3.308468e-17,
1.954860, -3.286276e-17,
1.958332, -3.286276e-17,
1.961804, -3.308468e-17,
1.965277, -3.286276e-17,
1.968749, -3.286276e-17,
1.972221, -3.308468e-17,
1.975693, -3.286276e-17,
1.979165, -3.308468e-17,
1.982638, -3.286276e-17,
1.986110, -3.286276e-17,
1.989582, -3.308468e-17,
1.993054, -3.286276e-17,
1.996526, -3.286276e-17,
1.999999, -3.286276e-17,
2.003471, -3.330661e-17,
2.006943, -3.286276e-17,
2.010415, -3.286276e-17,
2.013888, -3.286276e-17,
2.017360, -3.286276e-17,
2.020832, -3.330661e-17,
2.024304, -3.286276e-17,
2.027776, -3.286276e-17,
2.031249, -3.286276e-17,
2.034721, -3.286276e-17,
2.038193, -3.330661e-17,
2.041665, -3.286276e-17,
2.045138, -3.286276e-17,
2.048610, -3.286276e-17,
2.052082, -3.286276e-17,
2.055554, -3.330661e-17,
2.059026, -3.286276e-17,
2.062499, -3.286276e-17,
2.065971, -3.286276e-17,
2.069443, -3.286276e-17,
2.072915, -3.286276e-17,
2.076388, -3.286276e-17,
2.079860, 3.472220e-06,
2.079860, -3.472220e-06,
2.083332, -3.286276e-17,
2.086804, -3.286276e-17,
2.090276, -3.286276e-17,
2.093749, -3.330661e-17,
2.097221, -3.286276e-17,
2.100693, -3.286276e-17,
2.104165, -3.286276e-17,
2.107638, -3.286276e-17,
2.111110, -3.330661e-17,
2.114582, -3.286276e-17,
2.118054, -3.286276e-17,
2.121526, -3.286276e-17,
2.124999, -3.286276e-17,
2.128471, -3.330661e-17,
2.131943, -3.286276e-17,
2.135415, -3.286276e-17,
2.138888, -3.286276e-17,
2.142360, -3.286276e-17,
2.145832, -3.286276e-17,
2.149304, -3.286276e-17,
2.152776, 3.472220e-06,
2.152776, -3.472220e-06,
2.156249, -3.286276e-17,
2.159721, -3.286276e-17,
2.163193, -3.286276e-17,
2.166665, -3.330661e-17,
2.170138, -3.286276e-17,
2.173610, -3.286276e-17,
2.177082, -3.286276e-17,
2.180554, -3.286276e-17,
2.184026, -3.330661e-17,
2.187499, -3.286276e-17,
2.190971, -3.286276e-17,
2.194443, -3.286276e-17,
2.197915, -3.286276e-17,
2.201387, -3.330661e-17,
2.204860, -3.286276e-17,
2.208332, -3.286276e-17,
2.211804, -3.286276e-17,
2.215276, -3.286276e-17,
2.218749, -3.286276e-17,
2.222221, -3.286276e-17,
2.225693, 3.472220e-06,
2.225693, -3.472220e-06,
2.229165, -3.286276e-17,
2.232637, -3.286276e-17,
2.236110, -3.286276e-17,
2.239582, -3.286276e-17,
2.243054, 3.472220e-06,
2.243054, -3.472220e-06,
2.246526, -3.286276e-17,
2.249999, -3.286276e-17,
2.253471, -3.286276e-17,
2.256943, -3.330661e-17,
2.260415, -3.286276e-17,
2.263887, -3.286276e-17,
2.267360, -3.286276e-17,
2.270832, -3.286276e-17,
2.274304, -3.330661e-17,
2.277776, -3.286276e-17,
2.281249, -3.286276e-17,
2.284721, -3.286276e-17,
2.288193, -3.286276e-17,
2.291665, -3.330661e-17,
2.295137, -3.286276e-17,
2.298610, -3.286276e-17,
2.302082, -3.286276e-17,
2.305554, -3.286276e-17,
2.309026, -3.286276e-17,
2.312499, -3.286276e-17,
2.315971, 3.472220e-06,
2.315971, -3.472220e-06,
2.319443, -3.286276e-17,
2.322915, -3.286276e-17,
2.326387, -3.286276e-17,
2.329860, -3.330661e-17,
2.333332, -3.286276e-17,
2.336804, -3.286276e-17,
2.340276, -3.286276e-17,
2.343748, -3.286276e-17,
2.347221, -3.330661e-17,
2.350693, -3.286276e-17,
2.354165, -3.286276e-17,
2.357637, -3.286276e-17,
2.361110, -3.286276e-17,
2.364582, -3.330661e-17,
2.368054, -3.286276e-17,
2.371526, -3.286276e-17,
2.374998, -3.286276e-17,
2.378471, -3.286276e-17,
2.381943, -3.286276e-17,
2.385415, -3.286276e-17,
2.388887, 3.472220e-06,
2.388887, -3.472220e-06,
2.392360, -3.286276e-17,
2.395832, -3.286276e-17,
2.399304, -3.286276e-17,
2.402776, -3.286276e-17,
2.406248, 3.472220e-06,
2.406248, -3.472220e-06,
2.409721, -3.286276e-17,
2.413193, -3.286276e-17,
2.416665, -3.286276e-17,
2.420137, -3.330661e-17,
2.423610, -3.286276e-17,
2.427082, -3.286276e-17,
2.430554, -3.286276e-17,
2.434026, -3.286276e-17,
2.437498, -3.330661e-17,
2.440971, -3.286276e-17,
2.444443, -3.286276e-17,
2.447915, -3.286276e-17,
2.451387, -3.286276e-17,
2.454860, -3.330661e-17,
2.458332, -3.286276e-17,
2.461804, -3.286276e-17,
2.465276, -3.286276e-17,
2.468748, -3.286276e-17,
2.472221, -3.286276e-17,
2.475693, -3.286276e-17,
2.479165, 3.472220e-06,
2.479165, -3.472220e-06,
2.482637, -3.286276e-17,
2.486110, -3.286276e-17,
2.489582, -3.286276e-17,
2.493054, -3.330661e-17,
2.496526, -3.286276e-17,
2.499998, -3.286276e-17,
2.503471, -3.286276e-17,
2.506943, -3.286276e-17,
2.510415, -3.330661e-17,
2.513887, -3.286276e-17,
2.517359, -3.286276e-17,
2.520832, -3.286276e-17,
2.524304, -3.286276e-17,
2.527776, -3.330661e-17,
2.531248, -3.286276e-17,
2.534721, -3.286276e-17,
2.538193, -3.286276e-17,
2.541665, -3.286276e-17,
2.545137, -3.286276e-17,
2.548609, -3.286276e-17,
2.552082, 3.472220e-06,
2.552082, -3.472220e-06,
2.555554, -3.286276e-17,
2.559026, -3.286276e-17,
2.562498, -3.286276e-17,
2.565971, -3.286276e-17,
2.569443, 3.472220e-06,
2.569443, -3.472220e-06,
2.572915, -3.286276e-17,
2.576387, -3.286276e-17,
2.579859, -3.286276e-17,
2.583332, -3.330661e-17,
2.586804, -3.286276e-17,
2.590276, -3.286276e-17,
2.593748, -3.286276e-17,
2.597221, -3.286276e-17,
2.600693, -3.330661e-17,
2.604165, -3.286276e-17,
2.607637, -3.286276e-17,
2.611109, -3.286276e-17,
2.614582, -3.286276e-17,
2.618054, -3.330661e-17,
2.621526, -3.286276e-17,
2.624998, -3.286276e-17,
2.628471, -3.286276e-17,
2.631943, -3.286276e-17,
2.635415, -3.286276e-17,
2.638887, -3.286276e-17,
2.642359, 3.472220e-06,
2.642359, -3.472220e-06,
2.645832, -3.286276e-17,
2.649304, -3.286276e-17,
2.652776, -3.286276e-17,
2.656248, -3.330661e-17,
2.659721, -3.286276e-17,
2.663193, -3.286276e-17,
2.666665, -3.286276e-17,
2.670137, -3.286276e-17,
2.673609, -3.330661e-17,
2.677082, -3.286276e-17,
2.680554, -3.286276e-17,
2.684026, -3.286276e-17,
2.687498, -3.286276e-17,
2.690970, -3.330661e-17,
2.694443, -3.286276e-17,
2.697915, -3.286276e-17,
2.701387, -3.286276e-17,
2.704859, -3.286276e-17,
2.708332, -3.286276e-17,
2.711804, -3.286276e-17,
2.715276, 3.472220e-06,
2.715276, -3.472220e-06,
2.718748, -3.286276e-17,
2.722220, -3.286276e-17,
2.725693, -3.286276e-17,
2.729165, -3.286276e-17,
2.732637, 3.472220e-06,
2.732637, -3.472220e-06,
2.736109, -3.286276e-17,
2.739582, -3.286276e-17,
2.743054, -3.286276e-17,
2.746526, -3.330661e-17,
2.749998, -3.286276e-17,
2.753470, -3.286276e-17,
2.756943, -3.286276e-17,
2.760415, -3.286276e-17,
2.763887, -3.330661e-17,
2.767359, -3.286276e-17,
2.770832, -3.286276e-17,
2.774304, -3.286276e-17,
2.777776, -3.286276e-17,
2.781248, -3.330661e-17,
2.784720, -3.286276e-17,
2.788193, -3.286276e-17,
2.791665, -3.286276e-17,
2.795137, -3.286276e-17,
2.798609, -3.286276e-17,
2.802082, -3.286276e-17,
2.805554, 3.472220e-06,
2.805554, -3.472220e-06,
2.809026, -3.286276e-17,
2.812498, -3.286276e-17,
2.815970, -3.286276e-17,
2.819443, -3.330661e-17,
2.822915, -3.286276e-17,
2.826387, -3.286276e-17,
2.829859, -3.286276e-17,
2.833332, -3.286276e-17,
2.836804, -3.330661e-17,
2.840276, -3.286276e-17,
2.843748, -3.286276e-17,
2.847220, -3.286276e-17,
2.850693, -3.286276e-17,
2.854165, -3.330661e-17,
2.857637, -3.286276e-17,
2.861109, -3.286276e-17,
2.864581, -3.286276e-17,
2.868054, -3.286276e-17,
2.871526, -3.286276e-17,
2.874998, -3.286276e-17,
2.878470, 3.472220e-06,
2.878470, -3.472220e-06,
2.881943, -3.286276e-17,
2.885415, -3.286276e-17,
2.888887, -3.286276e-17,
2.892359, -3.330661e-17,
2.895831, -3.286276e-17,
2.899304, -3.286276e-17,
2.902776, -3.286276e-17,
2.906248, -3.286276e-17,
2.909720, -3.330661e-17,
2.913193, -3.286276e-17,
2.916665, -3.286276e-17,
2.920137, -3.286276e-17,
2.923609, -3.286276e-17,
2.927081, -3.330661e-17,
2.930554, -3.286276e-17,
2.934026, -3.286276e-17,
2.937498, -3.286276e-17,
2.940970, -3.286276e-17,
2.944443, -3.330661e-17,
2.947915, -3.286276e-17,
2.951387, -3.286276e-17,
2.954859, -3.286276e-17,
2.958331, -3.286276e-17,
2.961804, -3.286276e-17,
2.965276, -3.286276e-17,
2.968748, 3.472220e-06,
2.968748, -3.472220e-06,
2.972220, -3.286276e-17,
2.975693, -3.286276e-17,
2.979165, -3.286276e-17,
2.982637, -3.330661e-17,
2.986109, -3.286276e-17,
2.989581, -3.286276e-17,
2.993054, -3.286276e-17,
2.996526, -3.286276e-17,
2.999998, -3.330661e-17,
3.003470, -3.286276e-17,
3.006943, -3.286276e-17,
3.010415, -3.286276e-17,
3.013887, -3.286276e-17,
3.017359, -3.330661e-17,
3.020831, -3.286276e-17,
3.024304, -3.286276e-17,
3.027776, -3.286276e-17,
3.031248, -3.286276e-17,
3.034720, -3.286276e-17,
3.038192, -3.286276e-17,
3.041665, 3.472220e-06,
3.041665, -3.472220e-06,
3.045137, -3.286276e-17,
3.048609, -3.286276e-17,
3.052081, -3.286276e-17,
3.055554, -3.330661e-17,
3.059026, -3.286276e-17,
3.062498, -3.286276e-17,
3.065970, -3.286276e-17,
3.069442, -3.286276e-17,
3.072915, -3.330661e-17,
3.076387, -3.286276e-17,
3.079859, -3.286276e-17,
3.083331, -3.286276e-17,
3.086804, -3.286276e-17,
3.090276, -3.330661e-17,
3.093748, -3.286276e-17,
3.097220, -3.286276e-17,
3.100692, -3.286276e-17,
3.104165, -3.286276e-17,
3.107637, -3.330661e-17,
3.111109, -3.286276e-17,
3.114581, -3.286276e-17,
3.118054, -3.286276e-17,
3.121526, -3.286276e-17,
3.124998, -3.286276e-17,
3.128470, -3.286276e-17,
3.131942, 3.472220e-06,
3.131942, -3.472220e-06,
3.135415, -3.286276e-17,
3.138887, -3.286276e-17,
3.142359, -3.286276e-17,
3.145831, -3.330661e-17,
3.149304, -3.286276e-17,
3.152776, -3.286276e-17,
3.156248, -3.286276e-17,
3.159720, -3.286276e-17,
3.163192, -3.330661e-17,
3.166665, -3.286276e-17,
3.170137, -3.286276e-17,
3.173609, -3.286276e-17,
3.177081, -3.286276e-17,
3.180554, -3.330661e-17,
3.184026, -3.286276e-17,
3.187498, -3.286276e-17,
3.190970, -3.286276e-17,
3.194442, -3.286276e-17,
3.197915, -3.286276e-17,
3.201387, -3.286276e-17,
3.204859, 3.472220e-06,
3.204859, -3.472220e-06,
3.208331, -3.286276e-17,
3.211803, -3.286276e-17,
3.215276, -3.286276e-17,
3.218748, -3.330661e-17,
3.222220, -3.286276e-17,
3.225692, -3.286276e-17,
3.229165, -3.286276e-17,
3.232637, -3.286276e-17,
3.236109, -3.330661e-17,
3.239581, -3.286276e-17,
3.243053, -3.286276e-17,
3.246526, -3.286276e-17,
3.249998, -3.286276e-17,
3.253470, -3.330661e-17,
3.256942, -3.286276e-17,
3.260415, -3.286276e-17,
3.263887, -3.286276e-17,
3.267359, -3.286276e-17,
3.270831, -3.286276e-17,
3.274303, -3.286276e-17,
3.277776, 3.472220e-06,
3.277776, -3.472220e-06,
3.281248, -3.286276e-17,
3.284720, -3.286276e-17,
3.288192, -3.286276e-17,
3.291665, -3.286276e-17,
3.295137, 3.472220e-06,
3.295137, -3.472220e-06,
3.298609, -3.286276e-17,
3.302081, -3.286276e-17,
3.305553, -3.286276e-17,
3.309026, -3.330661e-17,
3.312498, -3.286276e-17,
3.315970, -3.286276e-17,
3.319442, -3.286276e-17,
3.322915, -3.286276e-17,
3.326387, -3.330661e-17,
3.329859, -3.286276e-17,
3.333331, -3.286276e-17,
3.336803, -3.286276e-17,
3.340276, -3.286276e-17,
3.343748, -3.330661e-17,
3.347220, -3.286276e-17,
3.350692, -3.286276e-17,
3.354165, -3.286276e-17,
3.357637, -3.286276e-17,
3.361109, -3.286276e-17,
3.364581, -3.286276e-17,
3.368053, 3.472220e-06,
3.368053, -3.472220e-06,
3.371526, -3.286276e-17,
3.374998, -3.286276e-17,
3.378470, -3.286276e-17,
3.381942, -3.330661e-17,
3.385414, -3.286276e-17,
3.388887, -3.286276e-17,
3.392359, -3.286276e-17,
3.395831, -3.286276e-17,
3.399303, -3.330661e-17,
3.402776, -3.286276e-17,
3.406248, -3.286276e-17,
3.409720, -3.286276e-17,
3.413192, -3.286276e-17,
3.416664, -3.330661e-17,
3.420137, -3.286276e-17,
3.423609, -3.286276e-17,
3.427081, -3.286276e-17,
3.430553, -3.286276e-17,
3.434026, -3.286276e-17,
3.437498, -3.286276e-17,
3.440970, 3.472220e-06,
3.440970, -3.472220e-06,
3.444442, -3.286276e-17,
3.447914, -3.286276e-17,
3.451387, -3.286276e-17,
3.454859, -3.286276e-17,
3.458331, 3.472220e-06,
3.458331, -3.472220e-06,
3.461803, -3.286276e-17,
3.465276, -3.286276e-17,
3.468748, -3.286276e-17,
3.472220, -3.330661e-17,
3.475692, -3.286276e-17,
3.479164, -3.286276e-17,
3.482637, -3.286276e-17,
3.486109, -3.286276e-17,
3.489581, -3.330661e-17,
3.493053, -3.286276e-17,
3.496526, -3.286276e-17,
3.499998, -3.286276e-17,
3.503470, -3.286276e-17,
3.506942, -3.330661e-17,
3.510414, -3.286276e-17,
3.513887, -3.286276e-17,
3.517359, -3.286276e-17,
3.520831, -3.286276e-17,
3.524303, -3.286276e-17,
3.527776, -3.286276e-17,
3.531248, 3.472220e-06,
3.531248, -3.472220e-06,
3.534720, -3.286276e-17,
3.538192, -3.286276e-17,
3.541664, -3.286276e-17,
3.545137, -3.330661e-17,
3.548609, -3.286276e-17,
3.552081, -3.286276e-17,
3.555553, -3.286276e-17,
3.559025, -3.286276e-17,
3.562498, -3.330661e-17,
3.565970, -3.286276e-17,
3.569442, -3.286276e-17,
3.572914, -3.286276e-17,
3.576387, -3.286276e-17,
3.579859, -3.330661e-17,
3.583331, -3.286276e-17,
3.586803, -3.286276e-17,
3.590275, -3.286276e-17,
3.593748, -3.286276e-17,
3.597220, -3.286276e-17,
3.600692, -3.330661e-17,
3.604164, -3.286276e-17,
3.607637, -3.286276e-17,
3.611109, -3.286276e-17,
3.614581, -3.286276e-17,
3.618053, -3.330661e-17,
3.621525, -3.286276e-17,
3.624998, -3.286276e-17,
3.628470, -3.286276e-17,
3.631942, -3.286276e-17,
3.635414, -3.330661e-17,
3.638887, -3.286276e-17,
3.642359, -3.286276e-17,
3.645831, -3.286276e-17,
3.649303, -3.286276e-17,
3.652775, -3.330661e-17,
3.656248, -3.286276e-17,
3.659720, -3.286276e-17,
3.663192, -3.286276e-17,
3.666664, -3.286276e-17,
3.670137, -3.330661e-17,
3.673609, -3.286276e-17,
3.677081, -3.286276e-17,
3.680553, -3.286276e-17,
3.684025, -3.286276e-17,
3.687498, -3.286276e-17,
3.690970, -3.330661e-17,
3.694442, -3.286276e-17,
3.697914, -3.286276e-17,
3.701387, -3.286276e-17,
3.704859, -3.286276e-17,
3.708331, -3.330661e-17,
3.711803, -3.286276e-17,
3.715275, -3.286276e-17,
3.718748, -3.286276e-17,
3.722220, -3.286276e-17,
3.725692, -3.330661e-17,
3.729164, -3.286276e-17,
3.732636, -3.286276e-17,
3.736109, -3.286276e-17,
3.739581, -3.286276e-17,
3.743053, -3.330661e-17,
3.746525, -3.286276e-17,
3.749998, -3.286276e-17,
3.753470, -3.286276e-17,
3.756942, -3.286276e-17,
3.760414, -3.286276e-17,
3.763886, -3.330661e-17,
3.767359, -3.286276e-17,
3.770831, -3.286276e-17,
3.774303, -3.286276e-17,
3.777775, -3.286276e-17,
3.781248, -3.330661e-17,
3.784720, -3.286276e-17,
3.788192, -3.286276e-17,
3.791664, -3.286276e-17,
3.795136, -3.286276e-17,
3.798609, -3.330661e-17,
3.802081, -3.286276e-17,
3.805553, -3.286276e-17,
3.809025, -3.286276e-17,
3.812498, -3.286276e-17,
3.815970, -3.330661e-17,
3.819442, -3.286276e-17,
3.822914, -3.286276e-17,
3.826386, -3.286276e-17,
3.829859, -3.286276e-17,
3.833331, -3.330661e-17,
3.836803, -3.286276e-17,
3.840275, -3.286276e-17,
3.843748, -3.286276e-17,
3.847220, -3.286276e-17,
3.850692, -3.286276e-17,
3.854164, -3.330661e-17,
3.857636, -3.286276e-17,
3.861109, -3.286276e-17,
3.864581, -3.286276e-17,
3.868053, -3.286276e-17,
3.871525, -3.330661e-17,
3.874998, -3.286276e-17,
3.878470, -3.286276e-17,
3.881942, -3.286276e-17,
3.885414, -3.286276e-17,
3.888886, -3.330661e-17,
3.892359, -3.286276e-17,
3.895831, -3.286276e-17,
3.899303, -3.286276e-17,
3.902775, -3.286276e-17,
3.906247, -3.330661e-17,
3.909720, -3.286276e-17,
3.913192, -3.286276e-17,
3.916664, -3.286276e-17,
3.920136, -3.286276e-17,
3.923609, -3.286276e-17,
3.927081, -3.330661e-17,
3.930553, -3.286276e-17,
3.934025, -3.286276e-17,
3.937497, -3.286276e-17,
3.940970, -3.286276e-17,
3.944442, -3.330661e-17,
3.947914, -3.286276e-17,
3.951386, -3.286276e-17,
3.954859, -3.286276e-17,
3.958331, -3.286276e-17,
3.961803, -3.330661e-17,
3.965275, -3.286276e-17,
3.968747, -3.286276e-17,
3.972220, -3.286276e-17,
3.975692, -3.286276e-17,
3.979164, -3.330661e-17,
3.982636, -3.286276e-17,
3.986109, -3.286276e-17,
3.989581, -3.286276e-17,
3.993053, -3.286276e-17,
3.996525, -3.286276e-17,
3.999997, -3.286276e-17,
4.003470, -3.286276e-17,
4.006942, -3.375087e-17,
4.010414, -3.286276e-17,
4.013886, -3.286276e-17,
4.017359, -3.286276e-17,
4.020831, -3.286276e-17,
4.024303, -3.286276e-17,
4.027775, -3.286276e-17,
4.031247, -3.286276e-17,
4.034720, -3.286276e-17,
4.038192, -3.286276e-17,
4.041664, -3.286276e-17,
4.045136, -3.286276e-17,
4.048609, 3.472220e-06,
4.048609, -3.472220e-06,
4.052081, -3.286276e-17,
4.055553, -3.286276e-17,
4.059025, -3.286276e-17,
4.062497, -3.286276e-17,
4.065970, -3.286276e-17,
4.069442, -3.286276e-17,
4.072914, -3.286276e-17,
4.076386, -3.286276e-17,
4.079858, -3.286276e-17,
4.083331, 3.472220e-06,
4.083331, -3.472220e-06,
4.086803, -3.286276e-17,
4.090275, -3.286276e-17,
4.093747, -3.286276e-17,
4.097220, -3.286276e-17,
4.100692, -3.286276e-17,
4.104164, -3.286276e-17,
4.107636, -3.286276e-17,
4.111108, -3.286276e-17,
4.114581, -3.375087e-17,
4.118053, -3.286276e-17,
4.121525, -3.286276e-17,
4.124997, -3.286276e-17,
4.128470, -3.286276e-17,
4.131942, -3.286276e-17,
4.135414, -3.286276e-17,
4.138886, -3.286276e-17,
4.142358, -3.286276e-17,
4.145831, -3.286276e-17,
4.149303, -3.286276e-17,
4.152775, -3.286276e-17,
4.156247, 3.472220e-06,
4.156247, -3.472220e-06,
4.159720, -3.286276e-17,
4.163192, -3.286276e-17,
4.166664, -3.286276e-17,
4.170136, -3.286276e-17,
4.173608, -3.286276e-17,
4.177081, -3.286276e-17,
4.180553, -3.286276e-17,
4.184025, -3.286276e-17,
4.187497, -3.375087e-17,
4.190970, -3.286276e-17,
4.194442, -3.286276e-17,
4.197914, -3.286276e-17,
4.201386, -3.286276e-17,
4.204858, -3.286276e-17,
4.208331, -3.286276e-17,
4.211803, -3.286276e-17,
4.215275, -3.286276e-17,
4.218747, -3.286276e-17,
4.222220, -3.286276e-17,
4.225692, -3.286276e-17,
4.229164, 3.472220e-06,
4.229164, -3.472220e-06,
4.232636, -3.286276e-17,
4.236108, -3.286276e-17,
4.239581, -3.286276e-17,
4.243053, -3.286276e-17,
4.246525, -3.286276e-17,
4.249997, -3.286276e-17,
4.253469, -3.286276e-17,
4.256942, -3.286276e-17,
4.260414, -3.375087e-17,
4.263886, -3.286276e-17,
4.267358, -3.286276e-17,
4.270831, -3.286276e-17,
4.274303, -3.286276e-17,
4.277775, -3.286276e-17,
4.281247, -3.286276e-17,
4.284719, -3.286276e-17,
4.288192, -3.286276e-17,
4.291664, -3.286276e-17,
4.295136, -3.286276e-17,
4.298608, -3.286276e-17,
4.302081, 3.472220e-06,
4.302081, -3.472220e-06,
4.305553, -3.286276e-17,
4.309025, -3.286276e-17,
4.312497, -3.286276e-17,
4.315969, -3.286276e-17,
4.319442, -3.286276e-17,
4.322914, -3.286276e-17,
4.326386, -3.286276e-17,
4.329858, -3.286276e-17,
4.333331, -3.375087e-17,
4.336803, -3.286276e-17,
4.340275, -3.286276e-17,
4.343747, -3.286276e-17,
4.347219, -3.286276e-17,
4.350692, -3.286276e-17,
4.354164, -3.286276e-17,
4.357636, -3.286276e-17,
4.361108, -3.286276e-17,
4.364581, -3.286276e-17,
4.368053, -3.286276e-17,
4.371525, -3.286276e-17,
4.374997, 3.472220e-06,
4.374997, -3.472220e-06,
4.378469, -3.286276e-17,
4.381942, -3.286276e-17,
4.385414, -3.286276e-17,
4.388886, -3.286276e-17,
4.392358, -3.286276e-17,
4.395831, -3.286276e-17,
4.399303, -3.286276e-17,
4.402775, -3.286276e-17,
4.406247, -3.286276e-17,
4.409719, 3.472220e-06,
4.409719, -3.472220e-06,
4.413192, -3.286276e-17,
4.416664, -3.286276e-17,
4.420136, -3.286276e-17,
4.423608, -3.286276e-17,
4.427080, -3.286276e-17,
4.430553, -3.286276e-17,
4.434025, -3.286276e-17,
4.437497, -3.286276e-17,
4.440969, -3.286276e-17,
4.444442, -3.286276e-17,
4.447914, 3.472220e-06,
4.447914, -3.472220e-06,
4.451386, -3.286276e-17,
4.454858, -3.286276e-17,
4.458330, -3.286276e-17,
4.461803, -3.286276e-17,
4.465275, -3.286276e-17,
4.468747, -3.286276e-17,
4.472219, -3.286276e-17,
4.475692, -3.286276e-17,
4.479164, -3.286276e-17,
4.482636, 3.472220e-06,
4.482636, -3.472220e-06,
4.486108, -3.286276e-17,
4.489580, -3.286276e-17,
4.493053, -3.286276e-17,
4.496525, -3.286276e-17,
4.499997, -3.286276e-17,
4.503469, -3.286276e-17,
4.506942, -3.286276e-17,
4.510414, -3.286276e-17,
4.513886, -3.375087e-17,
4.517358, -3.286276e-17,
4.520830, -3.286276e-17,
4.524303, -3.286276e-17,
4.527775, -3.286276e-17,
4.531247, -3.286276e-17,
4.534719, -3.286276e-17,
4.538192, -3.286276e-17,
4.541664, -3.286276e-17,
4.545136, -3.286276e-17,
4.548608, -3.286276e-17,
4.552080, -3.286276e-17,
4.555553, 3.472220e-06,
4.555553, -3.472220e-06,
4.559025, -3.286276e-17,
4.562497, -3.286276e-17,
4.565969, -3.286276e-17,
4.569442, -3.286276e-17,
4.572914, -3.286276e-17,
4.576386, -3.286276e-17,
4.579858, -3.286276e-17,
4.583330, -3.286276e-17,
4.586803, -3.375087e-17,
4.590275, -3.286276e-17,
4.593747, -3.286276e-17,
4.597219, -3.286276e-17,
4.600691, -3.286276e-17,
4.604164, -3.286276e-17,
4.607636, -3.286276e-17,
4.611108, -3.286276e-17,
4.614580, -3.286276e-17,
4.618053, -3.286276e-17,
4.621525, -3.286276e-17,
4.624997, -3.286276e-17,
4.628469, 3.472220e-06,
4.628469, -3.472220e-06,
4.631941, -3.286276e-17,
4.635414, -3.286276e-17,
4.638886, -3.286276e-17,
4.642358, -3.286276e-17,
4.645830, -3.286276e-17,
4.649303, -3.286276e-17,
4.652775, -3.286276e-17,
4.656247, -3.286276e-17,
4.659719, -3.375087e-17,
4.663191, -3.286276e-17,
4.666664, -3.286276e-17,
4.670136, -3.286276e-17,
4.673608, -3.286276e-17,
4.677080, -3.286276e-17,
4.680553, -3.286276e-17,
4.684025, -3.286276e-17,
4.687497, -3.286276e-17,
4.690969, -3.286276e-17,
4.694441, -3.286276e-17,
4.697914, -3.286276e-17,
4.701386, 3.472220e-06,
4.701386, -3.472220e-06,
4.704858, -3.286276e-17,
4.708330, -3.286276e-17,
4.711803, -3.286276e-17,
4.715275, -3.286276e-17,
4.718747, -3.286276e-17,
4.722219, -3.286276e-17,
4.725691, -3.286276e-17,
4.729164, -3.286276e-17,
4.732636, -3.375087e-17,
4.736108, -3.286276e-17,
4.739580, -3.286276e-17,
4.743053, -3.286276e-17,
4.746525, -3.286276e-17,
4.749997, -3.286276e-17,
4.753469, -3.286276e-17,
4.756941, -3.286276e-17,
4.760414, -3.286276e-17,
4.763886, -3.286276e-17,
4.767358, -3.286276e-17,
4.770830, -3.286276e-17,
4.774302, 3.472220e-06,
4.774303, -3.472220e-06,
4.777775, -3.286276e-17,
4.781247, -3.286276e-17,
4.784719, -3.286276e-17,
4.788191, -3.286276e-17,
4.791664, -3.286276e-17,
4.795136, -3.286276e-17,
4.798608, -3.286276e-17,
4.802080, -3.286276e-17,
4.805552, -3.286276e-17,
4.809025, 3.472220e-06,
4.809025, -3.472220e-06,
4.812497, -3.286276e-17,
4.815969, -3.286276e-17,
4.819441, -3.286276e-17,
4.822914, -3.286276e-17,
4.826386, -3.286276e-17,
4.829858, -3.286276e-17,
4.833330, -3.286276e-17,
4.836802, -3.286276e-17,
4.840275, -3.375087e-17,
4.843747, -3.286276e-17,
4.847219, -3.286276e-17,
4.850691, -3.286276e-17,
4.854164, -3.286276e-17,
4.857636, -3.286276e-17,
4.861108, -3.286276e-17,
4.864580, -3.286276e-17,
4.868052, -3.286276e-17,
4.871525, -3.286276e-17,
4.874997, -3.286276e-17,
4.878469, -3.286276e-17,
4.881941, 3.472220e-06,
4.881941, -3.472220e-06,
4.885414, -3.286276e-17,
4.888886, -3.286276e-17,
4.892358, -3.286276e-17,
4.895830, -3.286276e-17,
4.899302, -3.286276e-17,
4.902775, -3.286276e-17,
4.906247, -3.286276e-17,
4.909719, -3.286276e-17,
4.913191, -3.375087e-17,
4.916664, -3.286276e-17,
4.920136, -3.286276e-17,
4.923608, -3.286276e-17,
4.927080, -3.286276e-17,
4.930552, -3.286276e-17,
4.934025, -3.286276e-17,
4.937497, -3.286276e-17,
4.940969, -3.286276e-17,
4.944441, -3.286276e-17,
4.947913, -3.286276e-17,
4.951386, -3.286276e-17,
4.954858, 3.472220e-06,
4.954858, -3.472220e-06,
4.958330, -3.286276e-17,
4.961802, -3.286276e-17,
4.965275, -3.286276e-17,
4.968747, -3.286276e-17,
4.972219, -3.286276e-17,
4.975691, -3.286276e-17,
4.979163, -3.286276e-17,
4.982636, -3.286276e-17,
4.986108, -3.375087e-17,
4.989580, -3.286276e-17,
4.993052, -3.286276e-17,
4.996525, -3.286276e-17,
4.999997, -3.286276e-17,
5.003469, -3.286276e-17,
5.006941, -3.286276e-17,
5.010413, -3.286276e-17,
5.013886, -3.286276e-17,
5.017358, -3.286276e-17,
5.020830, -3.286276e-17,
5.024302, -3.286276e-17,
5.027775, 3.472220e-06,
5.027775, -3.472220e-06,
5.031247, -3.286276e-17,
5.034719, -3.286276e-17,
5.038191, -3.286276e-17,
5.041663, -3.286276e-17,
5.045136, -3.286276e-17,
5.048608, -3.286276e-17,
5.052080, -3.286276e-17,
5.055552, -3.286276e-17,
5.059025, -3.375087e-17,
5.062497, -3.286276e-17,
5.065969, -3.286276e-17,
5.069441, -3.286276e-17,
5.072913, -3.286276e-17,
5.076386, -3.286276e-17,
5.079858, -3.286276e-17,
5.083330, -3.286276e-17,
5.086802, -3.286276e-17,
5.090275, -3.286276e-17,
5.093747, -3.286276e-17,
5.097219, -3.286276e-17,
5.100691, 3.472220e-06,
5.100691, -3.472220e-06,
5.104163, -3.286276e-17,
5.107636, -3.286276e-17,
5.111108, -3.286276e-17,
5.114580, -3.286276e-17,
5.118052, -3.286276e-17,
5.121524, -3.286276e-17,
5.124997, -3.286276e-17,
5.128469, -3.286276e-17,
5.131941, -3.286276e-17,
5.135413, 3.472220e-06,
5.135413, -3.472220e-06,
5.138886, -3.286276e-17,
5.142358, -3.286276e-17,
5.145830, -3.286276e-17,
5.149302, -3.286276e-17,
5.152774, -3.286276e-17,
5.156247, -3.286276e-17,
5.159719, -3.286276e-17,
5.163191, -3.286276e-17,
5.166663, -3.375087e-17,
5.170136, -3.286276e-17,
5.173608, -3.286276e-17,
5.177080, -3.286276e-17,
5.180552, -3.286276e-17,
5.184024, -3.286276e-17,
5.187497, -3.286276e-17,
5.190969, -3.286276e-17,
5.194441, -3.286276e-17,
5.197913, -3.286276e-17,
5.201386, -3.286276e-17,
5.204858, -3.286276e-17,
5.208330, 3.472220e-06,
5.208330, -3.472220e-06,
5.211802, -3.286276e-17,
5.215274, -3.286276e-17,
5.218747, -3.286276e-17,
5.222219, -3.286276e-17,
5.225691, -3.286276e-17,
5.229163, -3.286276e-17,
5.232636, -3.286276e-17,
5.236108, -3.286276e-17,
5.239580, -3.375087e-17,
5.243052, -3.286276e-17,
5.246524, -3.286276e-17,
5.249997, -3.286276e-17,
5.253469, -3.286276e-17,
5.256941, -3.286276e-17,
5.260413, -3.286276e-17,
5.263886, -3.286276e-17,
5.267358, -3.286276e-17,
5.270830, -3.286276e-17,
5.274302, -3.286276e-17,
5.277774, -3.286276e-17,
5.281247, 3.472220e-06,
5.281247, -3.472220e-06,
5.284719, -3.286276e-17,
5.288191, -3.286276e-17,
5.291663, -3.286276e-17,
5.295135, -3.286276e-17,
5.298608, -3.286276e-17,
5.302080, -3.286276e-17,
5.305552, -3.286276e-17,
5.309024, -3.286276e-17,
5.312497, -3.375087e-17,
5.315969, -3.286276e-17,
5.319441, -3.286276e-17,
5.322913, -3.286276e-17,
5.326385, -3.286276e-17,
5.329858, -3.286276e-17,
5.333330, -3.286276e-17,
5.336802, -3.286276e-17,
5.340274, -3.286276e-17,
5.343747, -3.286276e-17,
5.347219, -3.286276e-17,
5.350691, -3.286276e-17,
5.354163, 3.472220e-06,
5.354163, -3.472220e-06,
5.357635, -3.286276e-17,
5.361108, -3.286276e-17,
5.364580, -3.286276e-17,
5.368052, -3.286276e-17,
5.371524, -3.286276e-17,
5.374997, -3.286276e-17,
5.378469, -3.286276e-17,
5.381941, -3.286276e-17,
5.385413, -3.375087e-17,
5.388885, -3.286276e-17,
5.392358, -3.286276e-17,
5.395830, -3.286276e-17,
5.399302, -3.286276e-17,
5.402774, -3.286276e-17,
5.406247, -3.286276e-17,
5.409719, -3.286276e-17,
5.413191, -3.286276e-17,
5.416663, -3.286276e-17,
5.420135, -3.286276e-17,
5.423608, -3.286276e-17,
5.427080, 3.472220e-06,
5.427080, -3.472220e-06,
5.430552, -3.286276e-17,
5.434024, -3.286276e-17,
5.437497, -3.286276e-17,
5.440969, -3.286276e-17,
5.444441, -3.286276e-17,
5.447913, -3.286276e-17,
5.451385, -3.286276e-17,
5.454858, -3.286276e-17,
5.458330, -3.286276e-17,
5.461802, 3.472220e-06,
5.461802, -3.472220e-06,
5.465274, -3.286276e-17,
5.468746, -3.286276e-17,
5.472219, -3.286276e-17,
5.475691, -3.286276e-17,
5.479163, -3.286276e-17,
5.482635, -3.286276e-17,
5.486108, -3.286276e-17,
5.489580, -3.286276e-17,
5.493052, -3.286276e-17,
5.496524, -3.286276e-17,
5.499996, 3.472220e-06,
5.499996, -3.472220e-06,
5.503469, -3.286276e-17,
5.506941, -3.286276e-17,
5.510413, -3.286276e-17,
5.513885, -3.286276e-17,
5.517358, -3.286276e-17,
5.520830, -3.286276e-17,
5.524302, -3.286276e-17,
5.527774, -3.286276e-17,
5.531246, -3.286276e-17,
5.534719, 3.472220e-06,
5.534719, -3.472220e-06,
5.538191, -3.286276e-17,
5.541663, -3.286276e-17,
5.545135, -3.286276e-17,
5.548608, -3.286276e-17,
5.552080, -3.286276e-17,
5.555552, -3.286276e-17,
5.559024, -3.286276e-17,
5.562496, -3.286276e-17,
5.565969, -3.375087e-17,
5.569441, -3.286276e-17,
5.572913, -3.286276e-17,
5.576385, -3.286276e-17,
5.579858, -3.286276e-17,
5.583330, -3.286276e-17,
5.586802, -3.286276e-17,
5.590274, -3.286276e-17,
5.593746, -3.286276e-17,
5.597219, -3.286276e-17,
5.600691, -3.286276e-17,
5.604163, -3.286276e-17,
5.607635, 3.472220e-06,
5.607635, -3.472220e-06,
5.611108, -3.286276e-17,
5.614580, -3.286276e-17,
5.618052, -3.286276e-17,
5.621524, -3.286276e-17,
5.624996, -3.286276e-17,
5.628469, -3.286276e-17,
5.631941, -3.286276e-17,
5.635413, -3.286276e-17,
5.638885, -3.375087e-17,
5.642358, -3.286276e-17,
5.645830, -3.286276e-17,
5.649302, -3.286276e-17,
5.652774, -3.286276e-17,
5.656246, -3.286276e-17,
5.659719, -3.286276e-17,
5.663191, -3.286276e-17,
5.666663, -3.286276e-17,
5.670135, -3.286276e-17,
5.673607, -3.286276e-17,
5.677080, -3.286276e-17,
5.680552, 3.472220e-06,
5.680552, -3.472220e-06,
5.684024, -3.286276e-17,
5.687496, -3.286276e-17,
5.690969, -3.286276e-17,
5.694441, -3.286276e-17,
5.697913, -3.286276e-17,
5.701385, -3.286276e-17,
5.704857, -3.286276e-17,
5.708330, -3.286276e-17,
5.711802, -3.375087e-17,
5.715274, -3.286276e-17,
5.718746, -3.286276e-17,
5.722219, -3.286276e-17,
5.725691, -3.286276e-17,
5.729163, -3.286276e-17,
5.732635, -3.286276e-17,
5.736107, -3.286276e-17,
5.739580, -3.286276e-17,
5.743052, -3.286276e-17,
5.746524, -3.286276e-17,
5.749996, -3.286276e-17,
5.753469, 3.472220e-06,
5.753469, -3.472220e-06,
5.756941, -3.286276e-17,
5.760413, -3.286276e-17,
5.763885, -3.286276e-17,
5.767357, -3.286276e-17,
5.770830, -3.286276e-17,
5.774302, -3.286276e-17,
5.777774, -3.286276e-17,
5.781246, -3.286276e-17,
5.784719, -3.375087e-17,
5.788191, -3.286276e-17,
5.791663, -3.286276e-17,
5.795135, -3.286276e-17,
5.798607, -3.286276e-17,
5.802080, -3.286276e-17,
5.805552, -3.286276e-17,
5.809024, -3.286276e-17,
5.812496, -3.286276e-17,
5.815968, -3.286276e-17,
5.819441, -3.286276e-17,
5.822913, -3.286276e-17,
5.826385, 3.472220e-06,
5.826385, -3.472220e-06,
5.829857, -3.286276e-17,
5.833330, -3.286276e-17,
5.836802, -3.286276e-17,
5.840274, -3.286276e-17,
5.843746, -3.286276e-17,
5.847218, -3.286276e-17,
5.850691, -3.286276e-17,
5.854163, -3.286276e-17,
5.857635, -3.286276e-17,
5.861107, 3.472220e-06,
5.861107, -3.472220e-06,
5.864580, -3.286276e-17,
5.868052, -3.286276e-17,
5.871524, -3.286276e-17,
5.874996, -3.286276e-17,
5.878468, -3.286276e-17,
5.881941, -3.286276e-17,
5.885413, -3.286276e-17,
5.888885, -3.286276e-17,
5.892357, -3.375087e-17,
5.895830, -3.286276e-17,
5.899302, -3.286276e-17,
5.902774, -3.286276e-17,
5.906246, -3.286276e-17,
5.909718, -3.286276e-17,
5.913191, -3.286276e-17,
5.916663, -3.286276e-17,
5.920135, -3.286276e-17,
5.923607, -3.286276e-17,
5.927080, -3.286276e-17,
5.930552, -3.286276e-17,
5.934024, 3.472220e-06,
5.934024, -3.472220e-06,
5.937496, -3.286276e-17,
5.940968, -3.286276e-17,
5.944441, -3.286276e-17,
5.947913, -3.286276e-17,
5.951385, -3.286276e-17,
5.954857, -3.286276e-17,
5.958330, -3.286276e-17,
5.961802, -3.286276e-17,
5.965274, -3.375087e-17,
5.968746, -3.286276e-17,
5.972218, -3.286276e-17,
5.975691, -3.286276e-17,
5.979163, -3.286276e-17,
5.982635, -3.286276e-17,
5.986107, -3.286276e-17,
5.989579, -3.286276e-17,
5.993052, -3.286276e-17,
5.996524, -3.286276e-17,
5.999996, -3.286276e-17,
6.003468, -3.286276e-17,
6.006941, 3.472220e-06,
6.006941, -3.472220e-06,
6.010413, -3.286276e-17,
6.013885, -3.286276e-17,
6.017357, -3.286276e-17,
6.020829, -3.286276e-17,
6.024302, -3.286276e-17,
6.027774, -3.286276e-17,
6.031246, -3.286276e-17,
6.034718, -3.286276e-17,
6.038191, -3.375087e-17,
6.041663, -3.286276e-17,
6.045135, -3.286276e-17,
6.048607, -3.286276e-17,
6.052079, -3.286276e-17,
6.055552, -3.286276e-17,
6.059024, -3.286276e-17,
6.062496, -3.286276e-17,
6.065968, -3.286276e-17,
6.069441, -3.286276e-17,
6.072913, -3.286276e-17,
6.076385, -3.286276e-17,
6.079857, 3.472220e-06,
6.079857, -3.472220e-06,
6.083329, -3.286276e-17,
6.086802, -3.286276e-17,
6.090274, -3.286276e-17,
6.093746, -3.286276e-17,
6.097218, -3.286276e-17,
6.100691, -3.286276e-17,
6.104163, -3.286276e-17,
6.107635, -3.286276e-17,
6.111107, -3.375087e-17,
6.114579, -3.286276e-17,
6.118052, -3.286276e-17,
6.121524, -3.286276e-17,
6.124996, -3.286276e-17,
6.128468, -3.286276e-17,
6.131941, -3.286276e-17,
6.135413, -3.286276e-17,
6.138885, -3.286276e-17,
6.142357, -3.286276e-17,
6.145829, -3.286276e-17,
6.149302, -3.286276e-17,
6.152774, 3.472220e-06,
6.152774, -3.472220e-06,
6.156246, -3.286276e-17,
6.159718, -3.286276e-17,
6.163190, -3.286276e-17,
6.166663, -3.286276e-17,
6.170135, -3.286276e-17,
6.173607, -3.286276e-17,
6.177079, -3.286276e-17,
6.180552, -3.286276e-17,
6.184024, -3.286276e-17,
6.187496, 3.472220e-06,
6.187496, -3.472220e-06,
6.190968, -3.286276e-17,
6.194440, -3.286276e-17,
6.197913, -3.286276e-17,
6.201385, -3.286276e-17,
6.204857, -3.286276e-17,
6.208329, -3.286276e-17,
6.211802, -3.286276e-17,
6.215274, -3.286276e-17,
6.218746, -3.375087e-17,
6.222218, -3.286276e-17,
6.225690, -3.286276e-17,
6.229163, -3.286276e-17,
6.232635, -3.286276e-17,
6.236107, -3.286276e-17,
6.239579, -3.286276e-17,
6.243052, -3.286276e-17,
6.246524, -3.286276e-17,
6.249996, -3.286276e-17,
6.253468, -3.286276e-17,
6.256940, -3.286276e-17,
6.260413, 3.472220e-06,
6.260413, -3.472220e-06,
6.263885, -3.286276e-17,
6.267357, -3.286276e-17,
6.270829, -3.286276e-17,
6.274302, -3.286276e-17,
6.277774, -3.286276e-17,
6.281246, -3.286276e-17,
6.284718, -3.286276e-17,
6.288190, -3.286276e-17,
6.291663, -3.375087e-17,
6.295135, -3.286276e-17,
6.298607, -3.286276e-17,
6.302079, -3.286276e-17,
6.305552, -3.286276e-17,
6.309024, -3.286276e-17,
6.312496, -3.286276e-17,
6.315968, -3.286276e-17,
6.319440, -3.286276e-17,
6.322913, -3.286276e-17,
6.326385, -3.286276e-17,
6.329857, -3.286276e-17,
6.333329, 3.472220e-06,
6.333329, -3.472220e-06,
6.336801, -3.286276e-17,
6.340274, -3.286276e-17,
6.343746, -3.286276e-17,
6.347218, -3.286276e-17,
6.350690, -3.286276e-17,
6.354163, -3.286276e-17,
6.357635, -3.286276e-17,
6.361107, -3.286276e-17,
6.364579, -3.375087e-17,
6.368051, -3.286276e-17,
6.371524, -3.286276e-17,
6.374996, -3.286276e-17,
6.378468, -3.286276e-17,
6.381940, -3.286276e-17,
6.385413, -3.286276e-17,
6.388885, -3.286276e-17,
6.392357, -3.286276e-17,
6.395829, -3.286276e-17,
6.399301, -3.286276e-17,
6.402774, -3.286276e-17,
6.406246, 3.472220e-06,
6.406246, -3.472220e-06,
6.409718, -3.286276e-17,
6.413190, -3.286276e-17,
6.416663, -3.286276e-17,
6.420135, -3.286276e-17,
6.423607, -3.286276e-17,
6.427079, -3.286276e-17,
6.430551, -3.286276e-17,
6.434024, -3.286276e-17,
6.437496, -3.375087e-17,
6.440968, -3.286276e-17,
6.444440, -3.286276e-17,
6.447913, -3.286276e-17,
6.451385, -3.286276e-17,
6.454857, -3.286276e-17,
6.458329, -3.286276e-17,
6.461801, -3.286276e-17,
6.465274, -3.286276e-17,
6.468746, -3.286276e-17,
6.472218, -3.286276e-17,
6.475690, -3.286276e-17,
6.479163, 3.472220e-06,
6.479163, -3.472220e-06,
6.482635, -3.286276e-17,
6.486107, -3.286276e-17,
6.489579, -3.286276e-17,
6.493051, -3.286276e-17,
6.496524, -3.286276e-17,
6.499996, -3.286276e-17,
6.503468, -3.286276e-17,
6.506940, -3.286276e-17,
6.510412, -3.375087e-17,
6.513885, -3.286276e-17,
6.517357, -3.286276e-17,
6.520829, -3.286276e-17,
6.524301, -3.286276e-17,
6.527774, -3.286276e-17,
6.531246, -3.286276e-17,
6.534718, -3.286276e-17,
6.538190, -3.286276e-17,
6.541662, -3.286276e-17,
6.545135, -3.286276e-17,
6.548607, -3.286276e-17,
6.552079, 3.472220e-06,
6.552079, -3.472220e-06,
6.555551, -3.286276e-17,
6.559024, -3.286276e-17,
6.562496, -3.286276e-17,
6.565968, -3.286276e-17,
6.569440, -3.286276e-17,
6.572912, -3.286276e-17,
6.576385, -3.286276e-17,
6.579857, -3.286276e-17,
6.583329, -3.286276e-17,
6.586801, 3.472220e-06,
6.586801, -3.472220e-06,
6.590274, -3.286276e-17,
6.593746, -3.286276e-17,
6.597218, -3.286276e-17,
6.600690, -3.286276e-17,
6.604162, -3.286276e-17,
6.607635, -3.286276e-17,
6.611107, -3.286276e-17,
6.614579, -3.286276e-17,
6.618051, -3.375087e-17,
6.621524, -3.286276e-17,
6.624996, -3.286276e-17,
6.628468, -3.286276e-17,
6.631940, -3.286276e-17,
6.635412, -3.286276e-17,
6.638885, -3.286276e-17,
6.642357, -3.286276e-17,
6.645829, -3.286276e-17,
6.649301, -3.286276e-17,
6.652774, -3.286276e-17,
6.656246, -3.286276e-17,
6.659718, 3.472220e-06,
6.659718, -3.472220e-06,
6.663190, -3.286276e-17,
6.666662, -3.286276e-17,
6.670135, -3.286276e-17,
6.673607, -3.286276e-17,
6.677079, -3.286276e-17,
6.680551, -3.286276e-17,
6.684023, -3.286276e-17,
6.687496, -3.286276e-17,
6.690968, -3.375087e-17,
6.694440, -3.286276e-17,
6.697912, -3.286276e-17,
6.701385, -3.286276e-17,
6.704857, -3.286276e-17,
6.708329, -3.286276e-17,
6.711801, -3.286276e-17,
6.715273, -3.286276e-17,
6.718746, -3.286276e-17,
6.722218, -3.286276e-17,
6.725690, -3.286276e-17,
6.729162, -3.286276e-17,
6.732635, 3.472220e-06,
6.732635, -3.472220e-06,
6.736107, -3.286276e-17,
6.739579, -3.286276e-17,
6.743051, -3.286276e-17,
6.746523, -3.286276e-17,
6.749996, -3.286276e-17,
6.753468, -3.286276e-17,
6.756940, -3.286276e-17,
6.760412, -3.286276e-17,
6.763885, -3.375087e-17,
6.767357, -3.286276e-17,
6.770829, -3.286276e-17,
6.774301, -3.286276e-17,
6.777773, -3.286276e-17,
6.781246, -3.286276e-17,
6.784718, -3.286276e-17,
6.788190, -3.286276e-17,
6.791662, -3.286276e-17,
6.795135, -3.286276e-17,
6.798607, -3.286276e-17,
6.802079, -3.286276e-17,
6.805551, 3.472220e-06,
6.805551, -3.472220e-06,
6.809023, -3.286276e-17,
6.812496, -3.286276e-17,
6.815968, -3.286276e-17,
6.819440, -3.286276e-17,
6.822912, -3.286276e-17,
6.826385, -3.286276e-17,
6.829857, -3.286276e-17,
6.833329, -3.286276e-17,
6.836801, -3.375087e-17,
6.840273, -3.286276e-17,
6.843746, -3.286276e-17,
6.847218, -3.286276e-17,
6.850690, -3.286276e-17,
6.854162, -3.286276e-17,
6.857634, -3.286276e-17,
6.861107, -3.286276e-17,
6.864579, -3.286276e-17,
6.868051, -3.286276e-17,
6.871523, -3.286276e-17,
6.874996, -3.286276e-17,
6.878468, 3.472220e-06,
6.878468, -3.472220e-06,
6.881940, -3.286276e-17,
6.885412, -3.286276e-17,
6.888884, -3.286276e-17,
6.892357, -3.286276e-17,
6.895829, -3.286276e-17,
6.899301, -3.286276e-17,
6.902773, -3.286276e-17,
6.906246, -3.286276e-17,
6.909718, -3.286276e-17,
6.913190, 3.472220e-06,
6.913190, -3.472220e-06,
6.916662, -3.286276e-17,
6.920134, -3.286276e-17,
6.923607, -3.286276e-17,
6.927079, -3.286276e-17,
6.930551, -3.286276e-17,
6.934023, -3.286276e-17,
6.937496, -3.286276e-17,
6.940968, -3.286276e-17,
6.944440, -3.375087e-17,
6.947912, -3.286276e-17,
6.951384, -3.286276e-17,
6.954857, -3.286276e-17,
6.958329, -3.286276e-17,
6.961801, -3.286276e-17,
6.965273, -3.286276e-17,
6.968746, -3.286276e-17,
6.972218, -3.286276e-17,
6.975690, -3.286276e-17,
6.979162, -3.286276e-17,
6.982634, -3.286276e-17,
6.986107, 3.472220e-06,
6.986107, -3.472220e-06,
6.989579, -3.286276e-17,
6.993051, -3.286276e-17,
6.996523, -3.286276e-17,
6.999996, -3.286276e-17,
7.003468, -3.286276e-17,
7.006940, -3.286276e-17,
7.010412, -3.286276e-17,
7.013884, -3.286276e-17,
7.017357, -3.375087e-17,
7.020829, -3.286276e-17,
7.024301, -3.286276e-17,
7.027773, -3.286276e-17,
7.031245, -3.286276e-17,
7.034718, -3.286276e-17,
7.038190, -3.286276e-17,
7.041662, -3.286276e-17,
7.045134, -3.286276e-17,
7.048607, -3.286276e-17,
7.052079, -3.286276e-17,
7.055551, -3.286276e-17,
7.059023, 3.472220e-06,
7.059023, -3.472220e-06,
7.062495, -3.286276e-17,
7.065968, -3.286276e-17,
7.069440, -3.286276e-17,
7.072912, -3.286276e-17,
7.076384, -3.286276e-17,
7.079857, -3.286276e-17,
7.083329, -3.286276e-17,
7.086801, -3.286276e-17,
7.090273, -3.375087e-17,
7.093745, -3.286276e-17,
7.097218, -3.286276e-17,
7.100690, -3.286276e-17,
7.104162, -3.286276e-17,
7.107634, -3.286276e-17,
7.111107, -3.286276e-17,
7.114579, -3.286276e-17,
7.118051, -3.286276e-17,
7.121523, -3.286276e-17,
7.124995, -3.286276e-17,
7.128468, -3.375087e-17,
7.131940, -3.286276e-17,
7.135412, -3.286276e-17,
7.138884, -3.286276e-17,
7.142357, -3.286276e-17,
7.145829, -3.286276e-17,
7.149301, -3.286276e-17,
7.152773, -3.286276e-17,
7.156245, -3.286276e-17,
7.159718, -3.286276e-17,
7.163190, -3.375087e-17,
7.166662, -3.286276e-17,
7.170134, -3.286276e-17,
7.173607, -3.286276e-17,
7.177079, -3.286276e-17,
7.180551, -3.286276e-17,
7.184023, -3.286276e-17,
7.187495, -3.286276e-17,
7.190968, -3.286276e-17,
7.194440, -3.286276e-17,
7.197912, -3.286276e-17,
7.201384, -3.375087e-17,
7.204856, -3.286276e-17,
7.208329, -3.286276e-17,
7.211801, -3.286276e-17,
7.215273, -3.286276e-17,
7.218745, -3.286276e-17,
7.222218, -3.286276e-17,
7.225690, -3.286276e-17,
7.229162, -3.286276e-17,
7.232634, -3.286276e-17,
7.236106, -3.375087e-17,
7.239579, -3.286276e-17,
7.243051, -3.286276e-17,
7.246523, -3.286276e-17,
7.249995, -3.286276e-17,
7.253468, -3.286276e-17,
7.256940, -3.286276e-17,
7.260412, -3.286276e-17,
7.263884, -3.286276e-17,
7.267356, -3.286276e-17,
7.270829, -3.286276e-17,
7.274301, -3.375087e-17,
7.277773, -3.286276e-17,
7.281245, -3.286276e-17,
7.284718, -3.286276e-17,
7.288190, -3.286276e-17,
7.291662, -3.286276e-17,
7.295134, -3.286276e-17,
7.298606, -3.286276e-17,
7.302079, -3.286276e-17,
7.305551, -3.286276e-17,
7.309023, -3.375087e-17,
7.312495, -3.286276e-17,
7.315968, -3.286276e-17,
7.319440, -3.286276e-17,
7.322912, -3.286276e-17,
7.326384, -3.286276e-17,
7.329856, -3.286276e-17,
7.333329, -3.286276e-17,
7.336801, -3.286276e-17,
7.340273, -3.286276e-17,
7.343745, -3.375087e-17,
7.347218, -3.286276e-17,
7.350690, -3.286276e-17,
7.354162, -3.286276e-17,
7.357634, -3.286276e-17,
7.361106, -3.286276e-17,
7.364579, -3.286276e-17,
7.368051, -3.286276e-17,
7.371523, -3.286276e-17,
7.374995, -3.286276e-17,
7.378467, -3.286276e-17,
7.381940, -3.375087e-17,
7.385412, -3.286276e-17,
7.388884, -3.286276e-17,
7.392356, -3.286276e-17,
7.395829, -3.286276e-17,
7.399301, -3.286276e-17,
7.402773, -3.286276e-17,
7.406245, -3.286276e-17,
7.409717, -3.286276e-17,
7.413190, -3.286276e-17,
7.416662, -3.375087e-17,
7.420134, -3.286276e-17,
7.423606, -3.286276e-17,
7.427079, -3.286276e-17,
7.430551, -3.286276e-17,
7.434023, -3.286276e-17,
7.437495, -3.286276e-17,
7.440967, -3.286276e-17,
7.444440, -3.286276e-17,
7.447912, -3.286276e-17,
7.451384, -3.286276e-17,
7.454856, -3.375087e-17,
7.458329, -3.286276e-17,
7.461801, -3.286276e-17,
7.465273, -3.286276e-17,
7.468745, -3.286276e-17,
7.472217, -3.286276e-17,
7.475690, -3.286276e-17,
7.479162, -3.286276e-17,
7.482634, -3.286276e-17,
7.486106, -3.286276e-17,
7.489579, -3.375087e-17,
7.493051, -3.286276e-17,
7.496523, -3.286276e-17,
7.499995, -3.286276e-17,
7.503467, -3.286276e-17,
7.506940, -3.286276e-17,
7.510412, -3.286276e-17,
7.513884, -3.286276e-17,
7.517356, -3.286276e-17,
7.520829, -3.286276e-17,
7.524301, -3.286276e-17,
7.527773, -3.375087e-17,
7.531245, -3.286276e-17,
7.534717, -3.286276e-17,
7.538190, -3.286276e-17,
7.541662, -3.286276e-17,
7.545134, -3.286276e-17,
7.548606, -3.286276e-17,
7.552078, -3.286276e-17,
7.555551, -3.286276e-17,
7.559023, -3.286276e-17,
7.562495, -3.375087e-17,
7.565967, -3.286276e-17,
7.569440, -3.286276e-17,
7.572912, -3.286276e-17,
7.576384, -3.286276e-17,
7.579856, -3.286276e-17,
7.583328, -3.286276e-17,
7.586801, -3.286276e-17,
7.590273, -3.286276e-17,
7.593745, -3.286276e-17,
7.597217, -3.286276e-17,
7.600690, -3.375087e-17,
7.604162, -3.286276e-17,
7.607634, -3.286276e-17,
7.611106, -3.286276e-17,
7.614578, -3.286276e-17,
7.618051, -3.286276e-17,
7.621523, -3.286276e-17,
7.624995, -3.286276e-17,
7.628467, -3.286276e-17,
7.631940, -3.286276e-17,
7.635412, -3.375087e-17,
7.638884, -3.286276e-17,
7.642356, -3.286276e-17,
7.645828, -3.286276e-17,
7.649301, -3.286276e-17,
7.652773, -3.286276e-17,
7.656245, -3.286276e-17,
7.659717, -3.286276e-17,
7.663190, -3.286276e-17,
7.666662, -3.286276e-17,
7.670134, -3.375087e-17,
7.673606, -3.286276e-17,
7.677078, -3.286276e-17,
7.680551, -3.286276e-17,
7.684023, -3.286276e-17,
7.687495, -3.286276e-17,
7.690967, -3.286276e-17,
7.694440, -3.286276e-17,
7.697912, -3.286276e-17,
7.701384, -3.286276e-17,
7.704856, -3.286276e-17,
7.708328, -3.375087e-17,
7.711801, -3.286276e-17,
7.715273, -3.286276e-17,
7.718745, -3.286276e-17,
7.722217, -3.286276e-17,
7.725689, -3.286276e-17,
7.729162, -3.286276e-17,
7.732634, -3.286276e-17,
7.736106, -3.286276e-17,
7.739578, -3.286276e-17,
7.743051, -3.375087e-17,
7.746523, -3.286276e-17,
7.749995, -3.286276e-17,
7.753467, -3.286276e-17,
7.756939, -3.286276e-17,
7.760412, -3.286276e-17,
7.763884, -3.286276e-17,
7.767356, -3.286276e-17,
7.770828, -3.286276e-17,
7.774301, -3.286276e-17,
7.777773, -3.286276e-17,
7.781245, -3.375087e-17,
7.784717, -3.286276e-17,
7.788189, -3.286276e-17,
7.791662, -3.286276e-17,
7.795134, -3.286276e-17,
7.798606, -3.286276e-17,
7.802078, -3.286276e-17,
7.805551, -3.286276e-17,
7.809023, -3.286276e-17,
7.812495, -3.286276e-17,
7.815967, -3.375087e-17,
7.819439, -3.286276e-17,
7.822912, -3.286276e-17,
7.826384, -3.286276e-17,
7.829856, -3.286276e-17,
7.833328, -3.286276e-17,
7.836801, -3.286276e-17,
7.840273, -3.286276e-17,
7.843745, -3.286276e-17,
7.847217, -3.286276e-17,
7.850689, -3.286276e-17,
7.854162, -3.375087e-17,
7.857634, -3.286276e-17,
7.861106, -3.286276e-17,
7.864578, -3.286276e-17,
7.868051, -3.286276e-17,
7.871523, -3.286276e-17,
7.874995, -3.286276e-17,
7.878467, -3.286276e-17,
7.881939, -3.286276e-17,
7.885412, -3.286276e-17,
7.888884, -3.375087e-17,
7.892356, -3.286276e-17,
7.895828, -3.286276e-17,
7.899300, -3.286276e-17,
7.902773, -3.286276e-17,
7.906245, -3.286276e-17,
7.909717, -3.286276e-17,
7.913189, -3.286276e-17,
7.916662, -3.286276e-17,
7.920134, -3.286276e-17,
7.923606, -3.286276e-17,
7.927078, -3.375087e-17,
7.930550, -3.286276e-17,
7.934023, -3.286276e-17,
7.937495, -3.286276e-17,
7.940967, -3.286276e-17,
7.944439, -3.286276e-17,
7.947912, -3.286276e-17,
7.951384, -3.286276e-17,
7.954856, -3.286276e-17,
7.958328, -3.286276e-17,
7.961800, -3.375087e-17,
7.965273, -3.286276e-17,
7.968745, -3.286276e-17,
7.972217, -3.286276e-17,
7.975689, -3.286276e-17,
7.979162, -3.286276e-17,
7.982634, -3.286276e-17,
7.986106, -3.286276e-17,
7.989578, -3.286276e-17,
7.993050, -3.286276e-17,
7.996523, -3.286276e-17,
7.999995, -3.375087e-17,
8.003467, -3.197465e-17,
8.006939, -3.375087e-17,
8.010412, -3.197465e-17,
8.013884, -3.375087e-17,
8.017356, -3.375087e-17,
8.020828, -3.197465e-17,
8.024300, -3.375087e-17,
8.027773, -3.197465e-17,
8.031245, -3.375087e-17,
8.034717, -3.197465e-17,
8.038189, -3.375087e-17,
8.041662, -3.197465e-17,
8.045134, -3.375087e-17,
8.048606, -3.197465e-17,
8.052078, -3.375087e-17,
8.055550, -3.375087e-17,
8.059023, -3.197465e-17,
8.062495, -3.375087e-17,
8.065967, -3.197465e-17,
8.069439, -3.375087e-17,
8.072912, -3.197465e-17,
8.076384, -3.375087e-17,
8.079856, -3.197465e-17,
8.083328, -3.375087e-17,
8.086800, -3.197465e-17,
8.090273, -3.375087e-17,
8.093745, -3.375087e-17,
8.097217, -3.197465e-17,
8.100689, -3.375087e-17,
8.104161, -3.197465e-17,
8.107634, -3.375087e-17,
8.111106, -3.197465e-17,
8.114578, -3.375087e-17,
8.118050, -3.197465e-17,
8.121523, -3.375087e-17,
8.124995, -3.375087e-17,
8.128467, -3.197465e-17,
8.131939, -3.375087e-17,
8.135411, -3.197465e-17,
8.138884, -3.375087e-17,
8.142356, -3.197465e-17,
8.145828, -3.375087e-17,
8.149300, -3.197465e-17,
8.152773, -3.375087e-17,
8.156245, -3.197465e-17,
8.159717, -3.375087e-17,
8.163189, -3.375087e-17,
8.166661, -3.197465e-17,
8.170134, -3.375087e-17,
8.173606, -3.197465e-17,
8.177078, -3.375087e-17,
8.180550, -3.197465e-17,
8.184023, -3.375087e-17,
8.187495, -3.197465e-17,
8.190967, -3.375087e-17,
8.194439, -3.197465e-17,
8.197911, -3.375087e-17,
8.201384, -3.375087e-17,
8.204856, -3.197465e-17,
8.208328, -3.375087e-17,
8.211800, -3.197465e-17,
8.215273, -3.375087e-17,
8.218745, -3.197465e-17,
8.222217, -3.375087e-17,
8.225689, -3.197465e-17,
8.229161, -3.375087e-17,
8.232634, -3.375087e-17,
8.236106, -3.197465e-17,
8.239578, -3.375087e-17,
8.243050, -3.197465e-17,
8.246522, -3.375087e-17,
8.249995, -3.197465e-17,
8.253467, -3.375087e-17,
8.256939, -3.197465e-17,
8.260411, -3.375087e-17,
8.263884, -3.197465e-17,
8.267356, -3.375087e-17,
8.270828, -3.375087e-17,
8.274300, -3.197465e-17,
8.277772, -3.375087e-17,
8.281245, -3.197465e-17,
8.284717, -3.375087e-17,
8.288189, -3.197465e-17,
8.291661, -3.375087e-17,
8.295134, -3.197465e-17,
8.298606, -3.375087e-17,
8.302078, -3.197465e-17,
8.305550, -3.375087e-17,
8.309022, -3.375087e-17,
8.312495, -3.197465e-17,
8.315967, -3.375087e-17,
8.319439, -3.197465e-17,
8.322911, -3.375087e-17,
8.326384, -3.197465e-17,
8.329856, -3.375087e-17,
8.333328, -3.197465e-17,
8.336800, -3.375087e-17,
8.340272, -3.197465e-17,
8.343745, -3.375087e-17,
8.347217, -3.375087e-17,
8.350689, -3.197465e-17,
8.354161, -3.375087e-17,
8.357634, -3.197465e-17,
8.361106, -3.375087e-17,
8.364578, -3.197465e-17,
8.368050, -3.375087e-17,
8.371522, -3.197465e-17,
8.374995, -3.375087e-17,
8.378467, -3.375087e-17,
8.381939, -3.197465e-17,
8.385411, -3.375087e-17,
8.388884, -3.197465e-17,
8.392356, -3.375087e-17,
8.395828, -3.197465e-17,
8.399300, -3.375087e-17,
8.402772, -3.197465e-17,
8.406245, -3.375087e-17,
8.409717, -3.197465e-17,
8.413189, -3.375087e-17,
8.416661, -3.375087e-17,
8.420134, -3.197465e-17,
8.423606, -3.375087e-17,
8.427078, -3.197465e-17,
8.430550, -3.375087e-17,
8.434022, -3.197465e-17,
8.437495, -3.375087e-17,
8.440967, -3.197465e-17,
8.444439, -3.375087e-17,
8.447911, -3.197465e-17,
8.451383, -3.375087e-17,
8.454856, -3.375087e-17,
8.458328, -3.197465e-17,
8.461800, -3.375087e-17,
8.465272, -3.197465e-17,
8.468745, -3.375087e-17,
8.472217, -3.197465e-17,
8.475689, -3.375087e-17,
8.479161, -3.197465e-17,
8.482633, -3.375087e-17,
8.486106, -3.197465e-17,
8.489578, -3.375087e-17,
8.493050, -3.375087e-17,
8.496522, -3.197465e-17,
8.499995, -3.375087e-17,
8.503467, -3.197465e-17,
8.506939, -3.375087e-17,
8.510411, -3.197465e-17,
8.513883, -3.375087e-17,
8.517356, -3.197465e-17,
8.520828, -3.375087e-17,
8.524300, -3.375087e-17,
8.527772, -3.197465e-17,
8.531245, -3.375087e-17,
8.534717, -3.197465e-17,
8.538189, -3.375087e-17,
8.541661, -3.197465e-17,
8.545133, -3.375087e-17,
8.548606, -3.197465e-17,
8.552078, -3.375087e-17,
8.555550, -3.197465e-17,
8.559022, -3.375087e-17,
8.562495, -3.375087e-17,
8.565967, -3.197465e-17,
8.569439, -3.375087e-17,
8.572911, -3.197465e-17,
8.576383, -3.375087e-17,
8.579856, -3.197465e-17,
8.583328, -3.375087e-17,
8.586800, -3.197465e-17,
8.590272, -3.375087e-17,
8.593744, -3.197465e-17,
8.597217, -3.375087e-17,
8.600689, -3.375087e-17,
8.604161, -3.197465e-17,
8.607633, -3.375087e-17,
8.611106, -3.197465e-17,
8.614578, -3.375087e-17,
8.618050, -3.197465e-17,
8.621522, -3.375087e-17,
8.624994, -3.197465e-17,
8.628467, -3.375087e-17,
8.631939, -3.375087e-17,
8.635411, -3.197465e-17,
8.638883, -3.375087e-17,
8.642356, -3.197465e-17,
8.645828, -3.375087e-17,
8.649300, -3.197465e-17,
8.652772, -3.375087e-17,
8.656244, -3.197465e-17,
8.659717, -3.375087e-17,
8.663189, -3.197465e-17,
8.666661, -3.375087e-17,
8.670133, -3.375087e-17,
8.673606, -3.197465e-17,
8.677078, -3.375087e-17,
8.680550, -3.197465e-17,
8.684022, -3.375087e-17,
8.687494, -3.197465e-17,
8.690967, -3.375087e-17,
8.694439, -3.197465e-17,
8.697911, -3.375087e-17,
8.701383, -3.197465e-17,
8.704856, -3.375087e-17,
8.708328, -3.375087e-17,
8.711800, -3.197465e-17,
8.715272, -3.375087e-17,
8.718744, -3.197465e-17,
8.722217, -3.375087e-17,
8.725689, -3.197465e-17,
8.729161, -3.375087e-17,
8.732633, -3.197465e-17,
8.736106, -3.375087e-17,
8.739578, -3.197465e-17,
8.743050, -3.375087e-17,
8.746522, -3.375087e-17,
8.749994, -3.197465e-17,
8.753467, -3.375087e-17,
8.756939, -3.197465e-17,
8.760411, -3.375087e-17,
8.763883, -3.197465e-17,
8.767355, -3.375087e-17,
8.770828, -3.197465e-17,
8.774300, -3.375087e-17,
8.777772, -3.375087e-17,
8.781244, -3.197465e-17,
8.784717, -3.375087e-17,
8.788189, -3.197465e-17,
8.791661, -3.375087e-17,
8.795133, -3.197465e-17,
8.798605, -3.375087e-17,
8.802078, -3.197465e-17,
8.805550, -3.375087e-17,
8.809022, -3.197465e-17,
8.812494, -3.375087e-17,
8.815967, -3.375087e-17,
8.819439, -3.197465e-17,
8.822911, -3.375087e-17,
8.826383, -3.197465e-17,
8.829855, -3.375087e-17,
8.833328, -3.197465e-17,
8.836800, -3.375087e-17,
8.840272, -3.197465e-17,
8.843744, -3.375087e-17,
8.847217, -3.197465e-17,
8.850689, -3.375087e-17,
8.854161, -3.375087e-17,
8.857633, -3.197465e-17,
8.861105, -3.375087e-17,
8.864578, -3.197465e-17,
8.868050, -3.375087e-17,
8.871522, -3.197465e-17,
8.874994, -3.375087e-17,
8.878467, -3.197465e-17,
8.881939, -3.375087e-17,
8.885411, -3.197465e-17,
8.888883, -3.375087e-17,
8.892355, -3.375087e-17,
8.895828, -3.197465e-17,
8.899300, -3.375087e-17,
8.902772, -3.197465e-17,
8.906244, -3.375087e-17,
8.909717, -3.197465e-17,
8.913189, -3.375087e-17,
8.916661, -3.197465e-17,
8.920133, -3.375087e-17,
8.923605, -3.375087e-17,
8.927078, -3.197465e-17,
8.930550, -3.375087e-17,
8.934022, -3.197465e-17,
8.937494, -3.375087e-17,
8.940967, -3.197465e-17,
8.944439, -3.375087e-17,
8.947911, -3.197465e-17,
8.951383, -3.375087e-17,
8.954855, -3.197465e-17,
8.958328, -3.375087e-17,
8.961800, -3.375087e-17,
8.965272, -3.197465e-17,
8.968744, -3.375087e-17,
8.972216, -3.197465e-17,
8.975689, -3.375087e-17,
8.979161, -3.197465e-17,
8.982633, -3.375087e-17,
8.986105, -3.197465e-17,
8.989578, -3.375087e-17,
8.993050, -3.197465e-17,
8.996522, -3.375087e-17,
8.999994, -3.375087e-17,
9.003466, -3.197465e-17,
9.006939, -3.375087e-17,
9.010411, -3.197465e-17,
9.013883, -3.375087e-17,
9.017355, -3.197465e-17,
9.020828, -3.375087e-17,
9.024300, -3.197465e-17,
9.027772, -3.375087e-17,
9.031244, -3.375087e-17,
9.034716, -3.197465e-17,
9.038189, -3.375087e-17,
9.041661, -3.197465e-17,
9.045133, -3.375087e-17,
9.048605, -3.197465e-17,
9.052078, -3.375087e-17,
9.055550, -3.197465e-17,
9.059022, -3.375087e-17,
9.062494, -3.197465e-17,
9.065966, -3.375087e-17,
9.069439, -3.375087e-17,
9.072911, -3.197465e-17,
9.076383, -3.375087e-17,
9.079855, -3.197465e-17,
9.083328, -3.375087e-17,
9.086800, -3.197465e-17,
9.090272, -3.375087e-17,
9.093744, -3.197465e-17,
9.097216, -3.375087e-17,
9.100689, -3.197465e-17,
9.104161, -3.375087e-17,
9.107633, -3.375087e-17,
9.111105, -3.197465e-17,
9.114577, -3.375087e-17,
9.118050, -3.197465e-17,
9.121522, -3.375087e-17,
9.124994, -3.197465e-17,
9.128466, -3.375087e-17,
9.131939, -3.197465e-17,
9.135411, -3.375087e-17,
9.138883, -3.197465e-17,
9.142355, -3.375087e-17,
9.145827, -3.375087e-17,
9.149300, -3.197465e-17,
9.152772, -3.375087e-17,
9.156244, -3.197465e-17,
9.159716, -3.375087e-17,
9.163189, -3.197465e-17,
9.166661, -3.375087e-17,
9.170133, -3.197465e-17,
9.173605, -3.375087e-17,
9.177077, -3.375087e-17,
9.180550, -3.197465e-17,
9.184022, -3.375087e-17,
9.187494, -3.197465e-17,
9.190966, -3.375087e-17,
9.194439, -3.197465e-17,
9.197911, -3.375087e-17,
9.201383, -3.197465e-17,
9.204855, -3.375087e-17,
9.208327, -3.197465e-17,
9.211800, -3.375087e-17,
9.215272, -3.375087e-17,
9.218744, -3.197465e-17,
9.222216, -3.375087e-17,
9.225689, -3.197465e-17,
9.229161, -3.375087e-17,
9.232633, -3.197465e-17,
9.236105, -3.375087e-17,
9.239577, -3.197465e-17,
9.243050, -3.375087e-17,
9.246522, -3.197465e-17,
9.249994, -3.375087e-17,
9.253466, -3.375087e-17,
9.256939, -3.197465e-17,
9.260411, -3.375087e-17,
9.263883, -3.197465e-17,
9.267355, -3.375087e-17,
9.270827, -3.197465e-17,
9.274300, -3.375087e-17,
9.277772, -3.197465e-17,
9.281244, -3.375087e-17,
9.284716, -3.375087e-17,
9.288189, -3.197465e-17,
9.291661, -3.375087e-17,
9.295133, -3.197465e-17,
9.298605, -3.375087e-17,
9.302077, -3.197465e-17,
9.305550, -3.375087e-17,
9.309022, -3.197465e-17,
9.312494, -3.375087e-17,
9.315966, -3.197465e-17,
9.319438, -3.375087e-17,
9.322911, -3.375087e-17,
9.326383, -3.197465e-17,
9.329855, -3.375087e-17,
9.333327, -3.197465e-17,
9.336800, -3.375087e-17,
9.340272, -3.197465e-17,
9.343744, -3.375087e-17,
9.347216, -3.197465e-17,
9.350688, -3.375087e-17,
9.354161, -3.197465e-17,
9.357633, -3.375087e-17,
9.361105, -3.375087e-17,
9.364577, -3.197465e-17,
9.368050, -3.375087e-17,
9.371522, -3.197465e-17,
9.374994, -3.375087e-17,
9.378466, -3.197465e-17,
9.381938, -3.375087e-17,
9.385411, -3.197465e-17,
9.388883, -3.375087e-17,
9.392355, -3.197465e-17,
9.395827, -3.375087e-17,
9.399300, -3.375087e-17,
9.402772, -3.197465e-17,
9.406244, -3.375087e-17,
9.409716, -3.197465e-17,
9.413188, -3.375087e-17,
9.416661, -3.197465e-17,
9.420133, -3.375087e-17,
9.423605, -3.197465e-17,
9.427077, -3.375087e-17,
9.430550, -3.375087e-17,
9.434022, -3.197465e-17,
9.437494, -3.375087e-17,
9.440966, -3.197465e-17,
9.444438, -3.375087e-17,
9.447911, -3.197465e-17,
9.451383, -3.375087e-17,
9.454855, -3.197465e-17,
9.458327, -3.375087e-17,
9.461799, -3.197465e-17,
9.465272, -3.375087e-17,
9.468744, -3.375087e-17,
9.472216, -3.197465e-17,
9.475688, -3.375087e-17,
9.479161, -3.197465e-17,
9.482633, -3.375087e-17,
9.486105, -3.197465e-17,
9.489577, -3.375087e-17,
9.493049, -3.197465e-17,
9.496522, -3.375087e-17,
9.499994, -3.197465e-17,
9.503466, -3.375087e-17,
9.506938, -3.375087e-17,
9.510411, -3.197465e-17,
9.513883, -3.375087e-17,
9.517355, -3.197465e-17,
9.520827, -3.375087e-17,
9.524299, -3.197465e-17,
9.527772, -3.375087e-17,
9.531244, -3.197465e-17,
9.534716, -3.375087e-17,
9.538188, -3.197465e-17,
9.541661, -3.375087e-17,
9.545133, -3.375087e-17,
9.548605, -3.197465e-17,
9.552077, -3.375087e-17,
9.555549, -3.197465e-17,
9.559022, -3.375087e-17,
9.562494, -3.197465e-17,
9.565966, -3.375087e-17,
9.569438, -3.197465e-17,
9.572911, -3.375087e-17,
9.576383, -3.375087e-17,
9.579855, -3.197465e-17,
9.583327, -3.375087e-17,
9.586799, -3.197465e-17,
9.590272, -3.375087e-17,
9.593744, -3.197465e-17,
9.597216, -3.375087e-17,
9.600688, -3.197465e-17,
9.604161, -3.375087e-17,
9.607633, -3.197465e-17,
9.611105, -3.375087e-17,
9.614577, -3.375087e-17,
9.618049, -3.197465e-17,
9.621522, -3.375087e-17,
9.624994, -3.197465e-17,
9.628466, -3.375087e-17,
9.631938, -3.197465e-17,
9.635410, -3.375087e-17,
9.638883, -3.197465e-17,
9.642355, -3.375087e-17,
9.645827, -3.197465e-17,
9.649299, -3.375087e-17,
9.652772, -3.375087e-17,
9.656244, -3.197465e-17,
9.659716, -3.375087e-17,
9.663188, -3.197465e-17,
9.666660, -3.375087e-17,
9.670133, -3.197465e-17,
9.673605, -3.375087e-17,
9.677077, -3.197465e-17,
9.680549, -3.375087e-17,
9.684022, -3.375087e-17,
9.687494, -3.197465e-17,
9.690966, -3.375087e-17,
9.694438, -3.197465e-17,
9.697910, -3.375087e-17,
9.701383, -3.197465e-17,
9.704855, -3.375087e-17,
9.708327, -3.197465e-17,
9.711799, -3.375087e-17,
9.715272, -3.197465e-17,
9.718744, -3.375087e-17,
9.722216, -3.375087e-17,
9.725688, -3.197465e-17,
9.729160, -3.375087e-17,
9.732633, -3.197465e-17,
9.736105, -3.375087e-17,
9.739577, -3.197465e-17,
9.743049, -3.375087e-17,
9.746522, -3.197465e-17,
9.749994, -3.375087e-17,
9.753466, -3.197465e-17,
9.756938, -3.375087e-17,
9.760410, -3.375087e-17,
9.763883, -3.197465e-17,
9.767355, -3.375087e-17,
9.770827, -3.197465e-17,
9.774299, -3.375087e-17,
9.777772, -3.197465e-17,
9.781244, -3.375087e-17,
9.784716, -3.197465e-17,
9.788188, -3.375087e-17,
9.791660, -3.197465e-17,
9.795133, -3.375087e-17,
9.798605, -3.375087e-17,
9.802077, -3.197465e-17,
9.805549, -3.375087e-17,
9.809022, -3.197465e-17,
9.812494, -3.375087e-17,
9.815966, -3.197465e-17,
9.819438, -3.375087e-17,
9.822910, -3.197465e-17,
9.826383, -3.375087e-17,
9.829855, -3.375087e-17,
9.833327, -3.197465e-17,
9.836799, -3.375087e-17,
9.840271, -3.197465e-17,
9.843744, -3.375087e-17,
9.847216, -3.197465e-17,
9.850688, -3.375087e-17,
9.854160, -3.197465e-17,
9.857633, -3.375087e-17,
9.861105, -3.197465e-17,
9.864577, -3.375087e-17,
9.868049, -3.375087e-17,
9.871521, -3.197465e-17,
9.874994, -3.375087e-17,
9.878466, -3.197465e-17,
9.881938, -3.375087e-17,
9.885410, -3.197465e-17,
9.888883, -3.375087e-17,
9.892355, -3.197465e-17,
9.895827, -3.375087e-17,
9.899299, -3.197465e-17,
9.902771, -3.375087e-17,
9.906244, -3.375087e-17,
9.909716, -3.197465e-17,
9.913188, -3.375087e-17,
9.916660, -3.197465e-17,
9.920133, -3.375087e-17,
9.923605, -3.197465e-17,
9.927077, -3.375087e-17,
9.930549, -3.197465e-17,
9.934021, -3.375087e-17,
9.937494, -3.197465e-17,
9.940966, -3.375087e-17,
9.944438, -3.375087e-17,
9.947910, -3.197465e-17,
9.951383, -3.375087e-17,
9.954855, -3.197465e-17,
9.958327, -3.375087e-17,
9.961799, -3.197465e-17,
9.965271, -3.375087e-17,
9.968744, -3.197465e-17,
9.972216, -3.375087e-17,
9.975688, -3.375087e-17,
9.979160, -3.197465e-17,
9.982632, -3.375087e-17,
9.986105, -3.197465e-17,
9.989577, -3.375087e-17,
9.993049, -3.197465e-17,
9.996521, -3.375087e-17,
9.999994, -3.197465e-17,
10.003466, -3.375087e-17,
