names, BOD_Pond (1)_aq, DO_Pond (1)_aq, BOD_Pond (1)_sorbed, DO_Pond (1)_sorbed, 
//t, BOD_Pond (1)_aq, t, DO_Pond (1)_aq, t, BOD_Pond (1)_sorbed, t, DO_Pond (1)_sorbed, 
0.000000, 0.000000e+00,0.000000, 0.000000e+00,0.000000, 0.000000e+00,0.000000, 0.000000e+00,
0.010000, 0.000000e+00,0.010000, 2.146813e+00,0.010000, 0.000000e+00,0.010000, 0.000000e+00,
0.020000, 0.000000e+00,0.020000, 4.652211e+00,0.020000, 0.000000e+00,0.020000, 0.000000e+00,
0.030000, 0.000000e+00,0.030000, 5.498700e+00,0.030000, 0.000000e+00,0.030000, 0.000000e+00,
0.040000, 0.000000e+00,0.040000, 5.506142e+00,0.040000, 0.000000e+00,0.040000, 0.000000e+00,
0.050000, 0.000000e+00,0.050000, 5.506101e+00,0.050000, 0.000000e+00,0.050000, 0.000000e+00,
0.060000, 0.000000e+00,0.060000, 5.506053e+00,0.060000, 0.000000e+00,0.060000, 0.000000e+00,
0.070000, 0.000000e+00,0.070000, 5.506005e+00,0.070000, 0.000000e+00,0.070000, 0.000000e+00,
0.080000, 0.000000e+00,0.080000, 5.505956e+00,0.080000, 0.000000e+00,0.080000, 0.000000e+00,
0.090000, 0.000000e+00,0.090000, 5.505908e+00,0.090000, 0.000000e+00,0.090000, 0.000000e+00,
0.100000, 0.000000e+00,0.100000, 5.505860e+00,0.100000, 0.000000e+00,0.100000, 0.000000e+00,
0.110000, 0.000000e+00,0.110000, 5.505811e+00,0.110000, 0.000000e+00,0.110000, 0.000000e+00,
0.120000, 0.000000e+00,0.120000, 5.505763e+00,0.120000, 0.000000e+00,0.120000, 0.000000e+00,
0.130000, 0.000000e+00,0.130000, 5.505713e+00,0.130000, 0.000000e+00,0.130000, 0.000000e+00,
0.140000, 0.000000e+00,0.140000, 5.505658e+00,0.140000, 0.000000e+00,0.140000, 0.000000e+00,
0.150000, 0.000000e+00,0.150000, 5.505603e+00,0.150000, 0.000000e+00,0.150000, 0.000000e+00,
0.160000, 0.000000e+00,0.160000, 5.505548e+00,0.160000, 0.000000e+00,0.160000, 0.000000e+00,
0.170000, 0.000000e+00,0.170000, 5.505493e+00,0.170000, 0.000000e+00,0.170000, 0.000000e+00,
0.180000, 0.000000e+00,0.180000, 5.505438e+00,0.180000, 0.000000e+00,0.180000, 0.000000e+00,
0.190000, 0.000000e+00,0.190000, 5.505383e+00,0.190000, 0.000000e+00,0.190000, 0.000000e+00,
0.200000, 0.000000e+00,0.200000, 5.505328e+00,0.200000, 0.000000e+00,0.200000, 0.000000e+00,
0.210000, 0.000000e+00,0.210000, 5.505273e+00,0.210000, 0.000000e+00,0.210000, 0.000000e+00,
0.220000, 0.000000e+00,0.220000, 5.505218e+00,0.220000, 0.000000e+00,0.220000, 0.000000e+00,
0.230000, 0.000000e+00,0.230000, 5.505163e+00,0.230000, 0.000000e+00,0.230000, 0.000000e+00,
0.240000, 0.000000e+00,0.240000, 5.505108e+00,0.240000, 0.000000e+00,0.240000, 0.000000e+00,
0.250000, 0.000000e+00,0.250000, 5.505053e+00,0.250000, 0.000000e+00,0.250000, 0.000000e+00,
0.260000, 0.000000e+00,0.260000, 5.504998e+00,0.260000, 0.000000e+00,0.260000, 0.000000e+00,
0.270000, 0.000000e+00,0.270000, 5.504943e+00,0.270000, 0.000000e+00,0.270000, 0.000000e+00,
0.280000, 0.000000e+00,0.280000, 5.504888e+00,0.280000, 0.000000e+00,0.280000, 0.000000e+00,
0.290000, 0.000000e+00,0.290000, 5.504833e+00,0.290000, 0.000000e+00,0.290000, 0.000000e+00,
0.300000, 0.000000e+00,0.300000, 5.504778e+00,0.300000, 0.000000e+00,0.300000, 0.000000e+00,
0.310000, 0.000000e+00,0.310000, 5.504723e+00,0.310000, 0.000000e+00,0.310000, 0.000000e+00,
0.320000, 0.000000e+00,0.320000, 5.504668e+00,0.320000, 0.000000e+00,0.320000, 0.000000e+00,
0.330000, 0.000000e+00,0.330000, 5.504613e+00,0.330000, 0.000000e+00,0.330000, 0.000000e+00,
0.340000, 0.000000e+00,0.340000, 5.504558e+00,0.340000, 0.000000e+00,0.340000, 0.000000e+00,
0.350000, 0.000000e+00,0.350000, 5.504503e+00,0.350000, 0.000000e+00,0.350000, 0.000000e+00,
0.360000, 0.000000e+00,0.360000, 5.504448e+00,0.360000, 0.000000e+00,0.360000, 0.000000e+00,
0.370000, 0.000000e+00,0.370000, 5.504393e+00,0.370000, 0.000000e+00,0.370000, 0.000000e+00,
0.380000, 0.000000e+00,0.380000, 5.504338e+00,0.380000, 0.000000e+00,0.380000, 0.000000e+00,
0.390000, 0.000000e+00,0.390000, 5.504282e+00,0.390000, 0.000000e+00,0.390000, 0.000000e+00,
0.400000, 0.000000e+00,0.400000, 5.504227e+00,0.400000, 0.000000e+00,0.400000, 0.000000e+00,
0.410000, 0.000000e+00,0.410000, 5.504172e+00,0.410000, 0.000000e+00,0.410000, 0.000000e+00,
0.420000, 0.000000e+00,0.420000, 5.504117e+00,0.420000, 0.000000e+00,0.420000, 0.000000e+00,
0.430000, 0.000000e+00,0.430000, 5.504062e+00,0.430000, 0.000000e+00,0.430000, 0.000000e+00,
0.440000, 0.000000e+00,0.440000, 5.504007e+00,0.440000, 0.000000e+00,0.440000, 0.000000e+00,
0.450000, 0.000000e+00,0.450000, 5.503952e+00,0.450000, 0.000000e+00,0.450000, 0.000000e+00,
0.460000, 0.000000e+00,0.460000, 5.503897e+00,0.460000, 0.000000e+00,0.460000, 0.000000e+00,
0.470000, 0.000000e+00,0.470000, 5.503842e+00,0.470000, 0.000000e+00,0.470000, 0.000000e+00,
0.480000, 0.000000e+00,0.480000, 5.503787e+00,0.480000, 0.000000e+00,0.480000, 0.000000e+00,
0.490000, 0.000000e+00,0.490000, 5.503732e+00,0.490000, 0.000000e+00,0.490000, 0.000000e+00,
0.500000, 0.000000e+00,0.500000, 5.503677e+00,0.500000, 0.000000e+00,0.500000, 0.000000e+00,
0.510000, 0.000000e+00,0.510000, 5.503622e+00,0.510000, 0.000000e+00,0.510000, 0.000000e+00,
0.520000, 0.000000e+00,0.520000, 5.503567e+00,0.520000, 0.000000e+00,0.520000, 0.000000e+00,
0.530000, 0.000000e+00,0.530000, 5.503512e+00,0.530000, 0.000000e+00,0.530000, 0.000000e+00,
0.540000, 0.000000e+00,0.540000, 5.503457e+00,0.540000, 0.000000e+00,0.540000, 0.000000e+00,
0.550000, 0.000000e+00,0.550000, 5.503402e+00,0.550000, 0.000000e+00,0.550000, 0.000000e+00,
0.560000, 0.000000e+00,0.560000, 5.503347e+00,0.560000, 0.000000e+00,0.560000, 0.000000e+00,
0.570000, 0.000000e+00,0.570000, 5.503292e+00,0.570000, 0.000000e+00,0.570000, 0.000000e+00,
0.580000, 0.000000e+00,0.580000, 5.503237e+00,0.580000, 0.000000e+00,0.580000, 0.000000e+00,
0.590000, 0.000000e+00,0.590000, 5.503182e+00,0.590000, 0.000000e+00,0.590000, 0.000000e+00,
0.600000, 0.000000e+00,0.600000, 5.503127e+00,0.600000, 0.000000e+00,0.600000, 0.000000e+00,
0.610000, 0.000000e+00,0.610000, 5.503072e+00,0.610000, 0.000000e+00,0.610000, 0.000000e+00,
0.620000, 0.000000e+00,0.620000, 5.503017e+00,0.620000, 0.000000e+00,0.620000, 0.000000e+00,
0.630000, 0.000000e+00,0.630000, 5.502962e+00,0.630000, 0.000000e+00,0.630000, 0.000000e+00,
0.640000, 0.000000e+00,0.640000, 5.502907e+00,0.640000, 0.000000e+00,0.640000, 0.000000e+00,
0.650000, 0.000000e+00,0.650000, 5.502852e+00,0.650000, 0.000000e+00,0.650000, 0.000000e+00,
0.660000, 0.000000e+00,0.660000, 5.502797e+00,0.660000, 0.000000e+00,0.660000, 0.000000e+00,
0.670000, 0.000000e+00,0.670000, 5.502742e+00,0.670000, 0.000000e+00,0.670000, 0.000000e+00,
0.680000, 0.000000e+00,0.680000, 5.502687e+00,0.680000, 0.000000e+00,0.680000, 0.000000e+00,
0.690000, 0.000000e+00,0.690000, 5.502632e+00,0.690000, 0.000000e+00,0.690000, 0.000000e+00,
0.700000, 0.000000e+00,0.700000, 5.502577e+00,0.700000, 0.000000e+00,0.700000, 0.000000e+00,
0.710000, 0.000000e+00,0.710000, 5.502522e+00,0.710000, 0.000000e+00,0.710000, 0.000000e+00,
0.720000, 0.000000e+00,0.720000, 5.502467e+00,0.720000, 0.000000e+00,0.720000, 0.000000e+00,
0.730000, 0.000000e+00,0.730000, 5.502412e+00,0.730000, 0.000000e+00,0.730000, 0.000000e+00,
0.740000, 0.000000e+00,0.740000, 5.502357e+00,0.740000, 0.000000e+00,0.740000, 0.000000e+00,
0.750000, 0.000000e+00,0.750000, 5.502302e+00,0.750000, 0.000000e+00,0.750000, 0.000000e+00,
0.760000, 0.000000e+00,0.760000, 5.502247e+00,0.760000, 0.000000e+00,0.760000, 0.000000e+00,
0.770000, 0.000000e+00,0.770000, 5.502192e+00,0.770000, 0.000000e+00,0.770000, 0.000000e+00,
0.780000, 0.000000e+00,0.780000, 5.502137e+00,0.780000, 0.000000e+00,0.780000, 0.000000e+00,
0.790000, 0.000000e+00,0.790000, 5.502082e+00,0.790000, 0.000000e+00,0.790000, 0.000000e+00,
0.800000, 0.000000e+00,0.800000, 5.502027e+00,0.800000, 0.000000e+00,0.800000, 0.000000e+00,
0.810000, 0.000000e+00,0.810000, 5.501972e+00,0.810000, 0.000000e+00,0.810000, 0.000000e+00,
0.820000, 0.000000e+00,0.820000, 5.501917e+00,0.820000, 0.000000e+00,0.820000, 0.000000e+00,
0.830000, 0.000000e+00,0.830000, 5.501862e+00,0.830000, 0.000000e+00,0.830000, 0.000000e+00,
0.840000, 0.000000e+00,0.840000, 5.501807e+00,0.840000, 0.000000e+00,0.840000, 0.000000e+00,
0.850000, 0.000000e+00,0.850000, 5.501753e+00,0.850000, 0.000000e+00,0.850000, 0.000000e+00,
0.860000, 0.000000e+00,0.860000, 5.501698e+00,0.860000, 0.000000e+00,0.860000, 0.000000e+00,
0.870000, 0.000000e+00,0.870000, 5.501643e+00,0.870000, 0.000000e+00,0.870000, 0.000000e+00,
0.880000, 0.000000e+00,0.880000, 5.501588e+00,0.880000, 0.000000e+00,0.880000, 0.000000e+00,
0.890000, 0.000000e+00,0.890000, 5.501533e+00,0.890000, 0.000000e+00,0.890000, 0.000000e+00,
0.900000, 0.000000e+00,0.900000, 5.501478e+00,0.900000, 0.000000e+00,0.900000, 0.000000e+00,
0.910000, 0.000000e+00,0.910000, 5.501423e+00,0.910000, 0.000000e+00,0.910000, 0.000000e+00,
0.920000, 0.000000e+00,0.920000, 5.501368e+00,0.920000, 0.000000e+00,0.920000, 0.000000e+00,
0.930000, 0.000000e+00,0.930000, 5.501313e+00,0.930000, 0.000000e+00,0.930000, 0.000000e+00,
0.940000, 0.000000e+00,0.940000, 5.501258e+00,0.940000, 0.000000e+00,0.940000, 0.000000e+00,
0.950000, 0.000000e+00,0.950000, 5.501203e+00,0.950000, 0.000000e+00,0.950000, 0.000000e+00,
0.960000, 0.000000e+00,0.960000, 5.501148e+00,0.960000, 0.000000e+00,0.960000, 0.000000e+00,
0.970000, 0.000000e+00,0.970000, 5.501093e+00,0.970000, 0.000000e+00,0.970000, 0.000000e+00,
0.980000, 0.000000e+00,0.980000, 5.501038e+00,0.980000, 0.000000e+00,0.980000, 0.000000e+00,
0.990000, 0.000000e+00,0.990000, 5.500983e+00,0.990000, 0.000000e+00,0.990000, 0.000000e+00,
1.000000, 0.000000e+00,1.000000, 5.500928e+00,1.000000, 0.000000e+00,1.000000, 0.000000e+00,
1.010000, 0.000000e+00,1.010000, 5.500873e+00,1.010000, 0.000000e+00,1.010000, 0.000000e+00,
1.020000, 0.000000e+00,1.020000, 5.500818e+00,1.020000, 0.000000e+00,1.020000, 0.000000e+00,
1.030000, 0.000000e+00,1.030000, 5.500763e+00,1.030000, 0.000000e+00,1.030000, 0.000000e+00,
1.040000, 0.000000e+00,1.040000, 5.500708e+00,1.040000, 0.000000e+00,1.040000, 0.000000e+00,
1.050000, 0.000000e+00,1.050000, 5.500653e+00,1.050000, 0.000000e+00,1.050000, 0.000000e+00,
1.060000, 0.000000e+00,1.060000, 5.500598e+00,1.060000, 0.000000e+00,1.060000, 0.000000e+00,
1.070000, 0.000000e+00,1.070000, 5.500543e+00,1.070000, 0.000000e+00,1.070000, 0.000000e+00,
1.080000, 0.000000e+00,1.080000, 5.500488e+00,1.080000, 0.000000e+00,1.080000, 0.000000e+00,
1.090000, 0.000000e+00,1.090000, 5.500433e+00,1.090000, 0.000000e+00,1.090000, 0.000000e+00,
1.100000, 0.000000e+00,1.100000, 5.500379e+00,1.100000, 0.000000e+00,1.100000, 0.000000e+00,
1.110000, 0.000000e+00,1.110000, 5.500324e+00,1.110000, 0.000000e+00,1.110000, 0.000000e+00,
1.120000, 0.000000e+00,1.120000, 5.500269e+00,1.120000, 0.000000e+00,1.120000, 0.000000e+00,
1.130000, 0.000000e+00,1.130000, 5.500214e+00,1.130000, 0.000000e+00,1.130000, 0.000000e+00,
1.140000, 0.000000e+00,1.140000, 5.500159e+00,1.140000, 0.000000e+00,1.140000, 0.000000e+00,
1.150000, 0.000000e+00,1.150000, 5.500104e+00,1.150000, 0.000000e+00,1.150000, 0.000000e+00,
1.160000, 0.000000e+00,1.160000, 5.500031e+00,1.160000, 0.000000e+00,1.160000, 0.000000e+00,
1.170000, 0.000000e+00,1.170000, 5.499994e+00,1.170000, 0.000000e+00,1.170000, 0.000000e+00,
1.180000, 0.000000e+00,1.180000, 5.499939e+00,1.180000, 0.000000e+00,1.180000, 0.000000e+00,
1.190000, 0.000000e+00,1.190000, 5.499884e+00,1.190000, 0.000000e+00,1.190000, 0.000000e+00,
1.200000, 0.000000e+00,1.200000, 5.499829e+00,1.200000, 0.000000e+00,1.200000, 0.000000e+00,
1.210000, 0.000000e+00,1.210000, 5.499774e+00,1.210000, 0.000000e+00,1.210000, 0.000000e+00,
1.220000, 0.000000e+00,1.220000, 5.499719e+00,1.220000, 0.000000e+00,1.220000, 0.000000e+00,
1.230000, 0.000000e+00,1.230000, 5.499664e+00,1.230000, 0.000000e+00,1.230000, 0.000000e+00,
1.240000, 0.000000e+00,1.240000, 5.499609e+00,1.240000, 0.000000e+00,1.240000, 0.000000e+00,
1.250000, 0.000000e+00,1.250000, 5.499554e+00,1.250000, 0.000000e+00,1.250000, 0.000000e+00,
1.260000, 0.000000e+00,1.260000, 5.499500e+00,1.260000, 0.000000e+00,1.260000, 0.000000e+00,
1.270000, 0.000000e+00,1.270000, 5.499445e+00,1.270000, 0.000000e+00,1.270000, 0.000000e+00,
1.280000, 0.000000e+00,1.280000, 5.499383e+00,1.280000, 0.000000e+00,1.280000, 0.000000e+00,
1.290000, 0.000000e+00,1.290000, 5.499335e+00,1.290000, 0.000000e+00,1.290000, 0.000000e+00,
1.300000, 0.000000e+00,1.300000, 5.499280e+00,1.300000, 0.000000e+00,1.300000, 0.000000e+00,
1.310000, 0.000000e+00,1.310000, 5.499225e+00,1.310000, 0.000000e+00,1.310000, 0.000000e+00,
1.320000, 0.000000e+00,1.320000, 5.499170e+00,1.320000, 0.000000e+00,1.320000, 0.000000e+00,
1.330000, 0.000000e+00,1.330000, 5.499115e+00,1.330000, 0.000000e+00,1.330000, 0.000000e+00,
1.340000, 0.000000e+00,1.340000, 5.499060e+00,1.340000, 0.000000e+00,1.340000, 0.000000e+00,
1.350000, 0.000000e+00,1.350000, 5.499005e+00,1.350000, 0.000000e+00,1.350000, 0.000000e+00,
1.360000, 0.000000e+00,1.360000, 5.498950e+00,1.360000, 0.000000e+00,1.360000, 0.000000e+00,
1.370000, 0.000000e+00,1.370000, 5.498887e+00,1.370000, 0.000000e+00,1.370000, 0.000000e+00,
1.380000, 0.000000e+00,1.380000, 5.498840e+00,1.380000, 0.000000e+00,1.380000, 0.000000e+00,
1.390000, 0.000000e+00,1.390000, 5.498786e+00,1.390000, 0.000000e+00,1.390000, 0.000000e+00,
1.400000, 0.000000e+00,1.400000, 5.498731e+00,1.400000, 0.000000e+00,1.400000, 0.000000e+00,
1.410000, 0.000000e+00,1.410000, 5.498676e+00,1.410000, 0.000000e+00,1.410000, 0.000000e+00,
1.420000, 0.000000e+00,1.420000, 5.498621e+00,1.420000, 0.000000e+00,1.420000, 0.000000e+00,
1.430000, 0.000000e+00,1.430000, 5.498566e+00,1.430000, 0.000000e+00,1.430000, 0.000000e+00,
1.440000, 0.000000e+00,1.440000, 5.498511e+00,1.440000, 0.000000e+00,1.440000, 0.000000e+00,
1.450000, 0.000000e+00,1.450000, 5.498456e+00,1.450000, 0.000000e+00,1.450000, 0.000000e+00,
1.460000, 0.000000e+00,1.460000, 5.498401e+00,1.460000, 0.000000e+00,1.460000, 0.000000e+00,
1.470000, 0.000000e+00,1.470000, 5.498346e+00,1.470000, 0.000000e+00,1.470000, 0.000000e+00,
1.480000, 0.000000e+00,1.480000, 5.498291e+00,1.480000, 0.000000e+00,1.480000, 0.000000e+00,
1.490000, 0.000000e+00,1.490000, 5.498236e+00,1.490000, 0.000000e+00,1.490000, 0.000000e+00,
1.500000, 8.170628e-02,1.500000, 5.496817e+00,1.500000, 0.000000e+00,1.500000, 0.000000e+00,
1.510000, 3.225320e-01,1.510000, 5.487975e+00,1.510000, 0.000000e+00,1.510000, 0.000000e+00,
1.520000, 5.553547e-01,1.520000, 5.471128e+00,1.520000, 0.000000e+00,1.520000, 0.000000e+00,
1.530000, 7.807783e-01,1.530000, 5.446886e+00,1.530000, 0.000000e+00,1.530000, 0.000000e+00,
1.540000, 9.993509e-01,1.540000, 5.415798e+00,1.540000, 0.000000e+00,1.540000, 0.000000e+00,
1.550000, 1.211567e+00,1.550000, 5.378358e+00,1.550000, 0.000000e+00,1.550000, 0.000000e+00,
1.560000, 1.417873e+00,1.560000, 5.335013e+00,1.560000, 0.000000e+00,1.560000, 0.000000e+00,
1.570000, 1.618677e+00,1.570000, 5.286172e+00,1.570000, 0.000000e+00,1.570000, 0.000000e+00,
1.580000, 1.814353e+00,1.580000, 5.232207e+00,1.580000, 0.000000e+00,1.580000, 0.000000e+00,
1.590000, 2.005198e+00,1.590000, 5.173417e+00,1.590000, 0.000000e+00,1.590000, 0.000000e+00,
1.600000, 2.191560e+00,1.600000, 5.110148e+00,1.600000, 0.000000e+00,1.600000, 0.000000e+00,
1.610000, 2.373752e+00,1.610000, 5.042715e+00,1.610000, 0.000000e+00,1.610000, 0.000000e+00,
1.620000, 2.552048e+00,1.620000, 4.971390e+00,1.620000, 0.000000e+00,1.620000, 0.000000e+00,
1.630000, 2.726704e+00,1.630000, 4.896430e+00,1.630000, 0.000000e+00,1.630000, 0.000000e+00,
1.640000, 2.897956e+00,1.640000, 4.818071e+00,1.640000, 0.000000e+00,1.640000, 0.000000e+00,
1.650000, 3.112188e+00,1.650000, 4.713390e+00,1.650000, 0.000000e+00,1.650000, 0.000000e+00,
1.660000, 3.231138e+00,1.660000, 4.652046e+00,1.660000, 0.000000e+00,1.660000, 0.000000e+00,
1.670000, 3.393470e+00,1.670000, 4.564783e+00,1.670000, 0.000000e+00,1.670000, 0.000000e+00,
1.680000, 3.553212e+00,1.680000, 4.474934e+00,1.680000, 0.000000e+00,1.680000, 0.000000e+00,
1.690000, 3.710573e+00,1.690000, 4.382710e+00,1.690000, 0.000000e+00,1.690000, 0.000000e+00,
1.700000, 3.865732e+00,1.700000, 4.288288e+00,1.700000, 0.000000e+00,1.700000, 0.000000e+00,
1.710000, 4.018860e+00,1.710000, 4.191840e+00,1.710000, 0.000000e+00,1.710000, 0.000000e+00,
1.720000, 4.170122e+00,1.720000, 4.093531e+00,1.720000, 0.000000e+00,1.720000, 0.000000e+00,
1.730000, 4.319681e+00,1.730000, 3.993524e+00,1.730000, 0.000000e+00,1.730000, 0.000000e+00,
1.740000, 4.467694e+00,1.740000, 3.891977e+00,1.740000, 0.000000e+00,1.740000, 0.000000e+00,
1.750000, 4.614316e+00,1.750000, 3.789043e+00,1.750000, 0.000000e+00,1.750000, 0.000000e+00,
1.760000, 4.759685e+00,1.760000, 3.684860e+00,1.760000, 0.000000e+00,1.760000, 0.000000e+00,
1.770000, 4.915944e+00,1.770000, 3.570806e+00,1.770000, 0.000000e+00,1.770000, 0.000000e+00,
1.780000, 5.047321e+00,1.780000, 3.473410e+00,1.780000, 0.000000e+00,1.780000, 0.000000e+00,
1.790000, 5.189503e+00,1.790000, 3.430551e+00,1.790000, 0.000000e+00,1.790000, 0.000000e+00,
1.800000, 5.330615e+00,1.800000, 3.326568e+00,1.800000, 0.000000e+00,1.800000, 0.000000e+00,
1.810000, 5.471026e+00,1.810000, 3.252346e+00,1.810000, 0.000000e+00,1.810000, 0.000000e+00,
1.820000, 5.610456e+00,1.820000, 3.168506e+00,1.820000, 0.000000e+00,1.820000, 0.000000e+00,
1.830000, 5.748299e+00,1.830000, 3.243297e+00,1.830000, 0.000000e+00,1.830000, 0.000000e+00,
1.840000, 5.882986e+00,1.840000, 3.264986e+00,1.840000, 0.000000e+00,1.840000, 0.000000e+00,
1.850000, 6.017357e+00,1.850000, 3.170696e+00,1.850000, 0.000000e+00,1.850000, 0.000000e+00,
1.860000, 6.151565e+00,1.860000, 3.081349e+00,1.860000, 0.000000e+00,1.860000, 0.000000e+00,
1.870000, 6.285342e+00,1.870000, 2.990618e+00,1.870000, 0.000000e+00,1.870000, 0.000000e+00,
1.880000, 6.418317e+00,1.880000, 3.014424e+00,1.880000, 0.000000e+00,1.880000, 0.000000e+00,
1.890000, 6.546393e+00,1.890000, 3.335995e+00,1.890000, 0.000000e+00,1.890000, 0.000000e+00,
1.900000, 6.669061e+00,1.900000, 3.511186e+00,1.900000, 0.000000e+00,1.900000, 0.000000e+00,
1.910000, 6.791288e+00,1.910000, 3.384189e+00,1.910000, 0.000000e+00,1.910000, 0.000000e+00,
1.920000, 6.913899e+00,1.920000, 3.260312e+00,1.920000, 0.000000e+00,1.920000, 0.000000e+00,
1.930000, 7.036466e+00,1.930000, 3.219860e+00,1.930000, 0.000000e+00,1.930000, 0.000000e+00,
1.940000, 7.158134e+00,1.940000, 3.150417e+00,1.940000, 0.000000e+00,1.940000, 0.000000e+00,
1.950000, 7.279431e+00,1.950000, 3.131380e+00,1.950000, 0.000000e+00,1.950000, 0.000000e+00,
1.960000, 7.399636e+00,1.960000, 3.088770e+00,1.960000, 0.000000e+00,1.960000, 0.000000e+00,
1.970000, 7.520654e+00,1.970000, 2.960328e+00,1.970000, 0.000000e+00,1.970000, 0.000000e+00,
1.980000, 7.641487e+00,1.980000, 2.967002e+00,1.980000, 0.000000e+00,1.980000, 0.000000e+00,
1.990000, 7.759807e+00,1.990000, 3.053729e+00,1.990000, 0.000000e+00,1.990000, 0.000000e+00,
2.000000, 7.827287e+00,2.000000, 2.991279e+00,2.000000, 0.000000e+00,2.000000, 0.000000e+00,
2.010000, 7.796559e+00,2.010000, 2.925060e+00,2.010000, 0.000000e+00,2.010000, 0.000000e+00,
2.020000, 7.765331e+00,2.020000, 3.006597e+00,2.020000, 0.000000e+00,2.020000, 0.000000e+00,
2.030000, 7.734145e+00,2.030000, 3.002023e+00,2.030000, 0.000000e+00,2.030000, 0.000000e+00,
2.040000, 7.702144e+00,2.040000, 3.060745e+00,2.040000, 0.000000e+00,2.040000, 0.000000e+00,
2.050000, 7.671660e+00,2.050000, 2.954452e+00,2.050000, 0.000000e+00,2.050000, 0.000000e+00,
2.060000, 7.643608e+00,2.060000, 2.836248e+00,2.060000, 0.000000e+00,2.060000, 0.000000e+00,
2.070000, 7.614726e+00,2.070000, 3.045664e+00,2.070000, 0.000000e+00,2.070000, 0.000000e+00,
2.080000, 7.569824e+00,2.080000, 3.275075e+00,2.080000, 0.000000e+00,2.080000, 0.000000e+00,
2.090000, 7.546646e+00,2.090000, 3.367303e+00,2.090000, 0.000000e+00,2.090000, 0.000000e+00,
2.100000, 7.512223e+00,2.100000, 3.290235e+00,2.100000, 0.000000e+00,2.100000, 0.000000e+00,
2.110000, 7.480159e+00,2.110000, 3.158426e+00,2.110000, 0.000000e+00,2.110000, 0.000000e+00,
2.120000, 7.450396e+00,2.120000, 3.041081e+00,2.120000, 0.000000e+00,2.120000, 0.000000e+00,
2.130000, 7.422481e+00,2.130000, 2.959430e+00,2.130000, 0.000000e+00,2.130000, 0.000000e+00,
2.140000, 7.395739e+00,2.140000, 2.929222e+00,2.140000, 0.000000e+00,2.140000, 0.000000e+00,
2.150000, 7.370171e+00,2.150000, 2.889351e+00,2.150000, 0.000000e+00,2.150000, 0.000000e+00,
2.160000, 7.343820e+00,2.160000, 2.941067e+00,2.160000, 0.000000e+00,2.160000, 0.000000e+00,
2.170000, 7.318002e+00,2.170000, 2.888013e+00,2.170000, 0.000000e+00,2.170000, 0.000000e+00,
2.180000, 7.292540e+00,2.180000, 2.888352e+00,2.180000, 0.000000e+00,2.180000, 0.000000e+00,
2.190000, 7.266640e+00,2.190000, 3.016631e+00,2.190000, 0.000000e+00,2.190000, 0.000000e+00,
2.200000, 7.239892e+00,2.200000, 3.053699e+00,2.200000, 0.000000e+00,2.200000, 0.000000e+00,
2.210000, 7.212813e+00,2.210000, 3.033456e+00,2.210000, 0.000000e+00,2.210000, 0.000000e+00,
2.220000, 7.187282e+00,2.220000, 2.967274e+00,2.220000, 0.000000e+00,2.220000, 0.000000e+00,
2.230000, 7.162105e+00,2.230000, 2.970363e+00,2.230000, 0.000000e+00,2.230000, 0.000000e+00,
2.240000, 7.136586e+00,2.240000, 3.079342e+00,2.240000, 0.000000e+00,2.240000, 0.000000e+00,
2.250000, 7.107838e+00,2.250000, 3.290603e+00,2.250000, 0.000000e+00,2.250000, 0.000000e+00,
2.260000, 7.079363e+00,2.260000, 3.195180e+00,2.260000, 0.000000e+00,2.260000, 0.000000e+00,
2.270000, 7.052793e+00,2.270000, 3.091581e+00,2.270000, 0.000000e+00,2.270000, 0.000000e+00,
2.280000, 7.028471e+00,2.280000, 2.967532e+00,2.280000, 0.000000e+00,2.280000, 0.000000e+00,
2.290000, 7.005391e+00,2.290000, 2.948342e+00,2.290000, 0.000000e+00,2.290000, 0.000000e+00,
2.300000, 6.983057e+00,2.300000, 2.910152e+00,2.300000, 0.000000e+00,2.300000, 0.000000e+00,
2.310000, 6.959826e+00,2.310000, 3.066467e+00,2.310000, 0.000000e+00,2.310000, 0.000000e+00,
2.320000, 6.932297e+00,2.320000, 3.372566e+00,2.320000, 0.000000e+00,2.320000, 0.000000e+00,
2.330000, 6.903811e+00,2.330000, 3.339239e+00,2.330000, 0.000000e+00,2.330000, 0.000000e+00,
2.340000, 6.876842e+00,2.340000, 3.253272e+00,2.340000, 0.000000e+00,2.340000, 0.000000e+00,
2.350000, 6.851578e+00,2.350000, 3.170698e+00,2.350000, 0.000000e+00,2.350000, 0.000000e+00,
2.360000, 6.827931e+00,2.360000, 3.057155e+00,2.360000, 0.000000e+00,2.360000, 0.000000e+00,
2.370000, 6.806466e+00,2.370000, 2.935969e+00,2.370000, 0.000000e+00,2.370000, 0.000000e+00,
2.380000, 6.786277e+00,2.380000, 2.897673e+00,2.380000, 0.000000e+00,2.380000, 0.000000e+00,
2.390000, 6.760563e+00,2.390000, 3.021423e+00,2.390000, 0.000000e+00,2.390000, 0.000000e+00,
2.400000, 6.743015e+00,2.400000, 3.136714e+00,2.400000, 0.000000e+00,2.400000, 0.000000e+00,
2.410000, 6.720443e+00,2.410000, 3.061765e+00,2.410000, 0.000000e+00,2.410000, 0.000000e+00,
2.420000, 6.699210e+00,2.420000, 3.020111e+00,2.420000, 0.000000e+00,2.420000, 0.000000e+00,
2.430000, 6.679245e+00,2.430000, 2.928454e+00,2.430000, 0.000000e+00,2.430000, 0.000000e+00,
2.440000, 6.659351e+00,2.440000, 3.025144e+00,2.440000, 0.000000e+00,2.440000, 0.000000e+00,
2.450000, 6.637429e+00,2.450000, 3.118369e+00,2.450000, 0.000000e+00,2.450000, 0.000000e+00,
2.460000, 6.616550e+00,2.460000, 3.054658e+00,2.460000, 0.000000e+00,2.460000, 0.000000e+00,
2.470000, 6.596648e+00,2.470000, 2.986896e+00,2.470000, 0.000000e+00,2.470000, 0.000000e+00,
2.480000, 6.573493e+00,2.480000, 2.935607e+00,2.480000, 0.000000e+00,2.480000, 0.000000e+00,
2.490000, 6.559380e+00,2.490000, 3.026462e+00,2.490000, 0.000000e+00,2.490000, 0.000000e+00,
2.500000, 6.540328e+00,2.500000, 2.988576e+00,2.500000, 0.000000e+00,2.500000, 0.000000e+00,
2.510000, 6.522107e+00,2.510000, 2.976925e+00,2.510000, 0.000000e+00,2.510000, 0.000000e+00,
2.520000, 6.505042e+00,2.520000, 2.866593e+00,2.520000, 0.000000e+00,2.520000, 0.000000e+00,
2.530000, 6.489678e+00,2.530000, 2.819082e+00,2.530000, 0.000000e+00,2.530000, 0.000000e+00,
2.540000, 6.470861e+00,2.540000, 3.172368e+00,2.540000, 0.000000e+00,2.540000, 0.000000e+00,
2.550000, 6.447546e+00,2.550000, 3.416307e+00,2.550000, 0.000000e+00,2.550000, 0.000000e+00,
2.560000, 6.423713e+00,2.560000, 3.396801e+00,2.560000, 0.000000e+00,2.560000, 0.000000e+00,
2.570000, 6.395497e+00,2.570000, 3.239807e+00,2.570000, 0.000000e+00,2.570000, 0.000000e+00,
2.580000, 6.381414e+00,2.580000, 3.155079e+00,2.580000, 0.000000e+00,2.580000, 0.000000e+00,
2.590000, 6.363165e+00,2.590000, 3.046498e+00,2.590000, 0.000000e+00,2.590000, 0.000000e+00,
2.600000, 6.345815e+00,2.600000, 3.010058e+00,2.600000, 0.000000e+00,2.600000, 0.000000e+00,
2.610000, 6.329866e+00,2.610000, 2.951367e+00,2.610000, 0.000000e+00,2.610000, 0.000000e+00,
2.620000, 6.313554e+00,2.620000, 3.019778e+00,2.620000, 0.000000e+00,2.620000, 0.000000e+00,
2.630000, 6.297081e+00,2.630000, 2.980038e+00,2.630000, 0.000000e+00,2.630000, 0.000000e+00,
2.640000, 6.280636e+00,2.640000, 3.061453e+00,2.640000, 0.000000e+00,2.640000, 0.000000e+00,
2.650000, 6.262239e+00,2.650000, 3.157215e+00,2.650000, 0.000000e+00,2.650000, 0.000000e+00,
2.660000, 6.245298e+00,2.660000, 3.045314e+00,2.660000, 0.000000e+00,2.660000, 0.000000e+00,
2.670000, 6.228241e+00,2.670000, 3.138810e+00,2.670000, 0.000000e+00,2.670000, 0.000000e+00,
2.680000, 6.210691e+00,2.680000, 3.195382e+00,2.680000, 0.000000e+00,2.680000, 0.000000e+00,
2.690000, 6.192504e+00,2.690000, 3.190287e+00,2.690000, 0.000000e+00,2.690000, 0.000000e+00,
2.700000, 6.175910e+00,2.700000, 3.073994e+00,2.700000, 0.000000e+00,2.700000, 0.000000e+00,
2.710000, 6.161179e+00,2.710000, 2.965054e+00,2.710000, 0.000000e+00,2.710000, 0.000000e+00,
2.720000, 6.148093e+00,2.720000, 2.880021e+00,2.720000, 0.000000e+00,2.720000, 0.000000e+00,
2.730000, 6.134310e+00,2.730000, 2.994819e+00,2.730000, 0.000000e+00,2.730000, 0.000000e+00,
2.740000, 6.119618e+00,2.740000, 3.035030e+00,2.740000, 0.000000e+00,2.740000, 0.000000e+00,
2.750000, 6.106045e+00,2.750000, 2.935794e+00,2.750000, 0.000000e+00,2.750000, 0.000000e+00,
2.760000, 6.093385e+00,2.760000, 2.883509e+00,2.760000, 0.000000e+00,2.760000, 0.000000e+00,
2.770000, 6.082396e+00,2.770000, 2.786474e+00,2.770000, 0.000000e+00,2.770000, 0.000000e+00,
2.780000, 6.070606e+00,2.780000, 2.962558e+00,2.780000, 0.000000e+00,2.780000, 0.000000e+00,
2.790000, 6.054909e+00,2.790000, 3.201270e+00,2.790000, 0.000000e+00,2.790000, 0.000000e+00,
2.800000, 6.039731e+00,2.800000, 3.086400e+00,2.800000, 0.000000e+00,2.800000, 0.000000e+00,
2.810000, 6.025907e+00,2.810000, 3.024638e+00,2.810000, 0.000000e+00,2.810000, 0.000000e+00,
2.820000, 6.013596e+00,2.820000, 2.918657e+00,2.820000, 0.000000e+00,2.820000, 0.000000e+00,
2.830000, 6.000619e+00,2.830000, 3.081618e+00,2.830000, 0.000000e+00,2.830000, 0.000000e+00,
2.840000, 5.986147e+00,2.840000, 3.154915e+00,2.840000, 0.000000e+00,2.840000, 0.000000e+00,
2.850000, 5.969018e+00,2.850000, 3.409216e+00,2.850000, 0.000000e+00,2.850000, 0.000000e+00,
2.860000, 5.951312e+00,2.860000, 3.352004e+00,2.860000, 0.000000e+00,2.860000, 0.000000e+00,
2.870000, 5.934698e+00,2.870000, 3.334589e+00,2.870000, 0.000000e+00,2.870000, 0.000000e+00,
2.880000, 5.915771e+00,2.880000, 3.227781e+00,2.880000, 0.000000e+00,2.880000, 0.000000e+00,
2.890000, 5.903979e+00,2.890000, 3.209308e+00,2.890000, 0.000000e+00,2.890000, 0.000000e+00,
2.900000, 5.890385e+00,2.900000, 3.102029e+00,2.900000, 0.000000e+00,2.900000, 0.000000e+00,
2.910000, 5.877028e+00,2.910000, 3.217508e+00,2.910000, 0.000000e+00,2.910000, 0.000000e+00,
2.920000, 5.860461e+00,2.920000, 3.485340e+00,2.920000, 0.000000e+00,2.920000, 0.000000e+00,
2.930000, 5.843118e+00,2.930000, 3.428846e+00,2.930000, 0.000000e+00,2.930000, 0.000000e+00,
2.940000, 5.827428e+00,2.940000, 3.313474e+00,2.940000, 0.000000e+00,2.940000, 0.000000e+00,
2.950000, 5.813306e+00,2.950000, 3.222944e+00,2.950000, 0.000000e+00,2.950000, 0.000000e+00,
2.960000, 5.799169e+00,2.960000, 3.250420e+00,2.960000, 0.000000e+00,2.960000, 0.000000e+00,
2.970000, 5.783337e+00,2.970000, 3.140717e+00,2.970000, 0.000000e+00,2.970000, 0.000000e+00,
2.980000, 5.774140e+00,2.980000, 3.118535e+00,2.980000, 0.000000e+00,2.980000, 0.000000e+00,
2.990000, 5.763301e+00,2.990000, 3.028479e+00,2.990000, 0.000000e+00,2.990000, 0.000000e+00,
3.000000, 5.720076e+00,3.000000, 3.020750e+00,3.000000, 0.000000e+00,3.000000, 0.000000e+00,
3.010000, 5.611682e+00,3.010000, 2.989510e+00,3.010000, 0.000000e+00,3.010000, 0.000000e+00,
3.020000, 5.505381e+00,3.020000, 2.943161e+00,3.020000, 0.000000e+00,3.020000, 0.000000e+00,
3.030000, 5.401144e+00,3.030000, 2.867795e+00,3.030000, 0.000000e+00,3.030000, 0.000000e+00,
3.040000, 5.298695e+00,3.040000, 2.881541e+00,3.040000, 0.000000e+00,3.040000, 0.000000e+00,
3.050000, 5.194836e+00,3.050000, 3.152476e+00,3.050000, 0.000000e+00,3.050000, 0.000000e+00,
3.060000, 5.089963e+00,3.060000, 3.258118e+00,3.060000, 0.000000e+00,3.060000, 0.000000e+00,
3.070000, 4.986230e+00,3.070000, 3.242114e+00,3.070000, 0.000000e+00,3.070000, 0.000000e+00,
3.080000, 4.884180e+00,3.080000, 3.241700e+00,3.080000, 0.000000e+00,3.080000, 0.000000e+00,
3.090000, 4.783328e+00,3.090000, 3.255552e+00,3.090000, 0.000000e+00,3.090000, 0.000000e+00,
3.100000, 4.684808e+00,3.100000, 3.157171e+00,3.100000, 0.000000e+00,3.100000, 0.000000e+00,
3.110000, 4.588263e+00,3.110000, 3.111479e+00,3.110000, 0.000000e+00,3.110000, 0.000000e+00,
3.120000, 4.494176e+00,3.120000, 3.017413e+00,3.120000, 0.000000e+00,3.120000, 0.000000e+00,
3.130000, 4.401276e+00,3.130000, 3.096977e+00,3.130000, 0.000000e+00,3.130000, 0.000000e+00,
3.140000, 4.308857e+00,3.140000, 3.176571e+00,3.140000, 0.000000e+00,3.140000, 0.000000e+00,
3.150000, 4.216562e+00,3.150000, 3.266786e+00,3.150000, 0.000000e+00,3.150000, 0.000000e+00,
3.160000, 4.126056e+00,3.160000, 3.192749e+00,3.160000, 0.000000e+00,3.160000, 0.000000e+00,
3.170000, 4.037617e+00,3.170000, 3.119966e+00,3.170000, 0.000000e+00,3.170000, 0.000000e+00,
3.180000, 3.950715e+00,3.180000, 3.194576e+00,3.180000, 0.000000e+00,3.180000, 0.000000e+00,
3.190000, 3.864353e+00,3.190000, 3.187346e+00,3.190000, 0.000000e+00,3.190000, 0.000000e+00,
3.200000, 3.780191e+00,3.200000, 3.103197e+00,3.200000, 0.000000e+00,3.200000, 0.000000e+00,
3.210000, 3.698224e+00,3.210000, 3.021240e+00,3.210000, 0.000000e+00,3.210000, 0.000000e+00,
3.220000, 3.618041e+00,3.220000, 2.996410e+00,3.220000, 0.000000e+00,3.220000, 0.000000e+00,
3.230000, 3.539259e+00,3.230000, 2.966750e+00,3.230000, 0.000000e+00,3.230000, 0.000000e+00,
3.240000, 3.462517e+00,3.240000, 2.895739e+00,3.240000, 0.000000e+00,3.240000, 0.000000e+00,
3.250000, 3.386954e+00,3.250000, 2.914624e+00,3.250000, 0.000000e+00,3.250000, 0.000000e+00,
3.260000, 3.311061e+00,3.260000, 3.208035e+00,3.260000, 0.000000e+00,3.260000, 0.000000e+00,
3.270000, 3.233685e+00,3.270000, 3.420179e+00,3.270000, 0.000000e+00,3.270000, 0.000000e+00,
3.280000, 3.148575e+00,3.280000, 3.335067e+00,3.280000, 0.000000e+00,3.280000, 0.000000e+00,
3.290000, 3.084118e+00,3.290000, 3.270608e+00,3.290000, 0.000000e+00,3.290000, 0.000000e+00,
3.300000, 3.012196e+00,3.300000, 3.207264e+00,3.300000, 0.000000e+00,3.300000, 0.000000e+00,
3.310000, 2.941800e+00,3.310000, 3.187872e+00,3.310000, 0.000000e+00,3.310000, 0.000000e+00,
3.320000, 2.873168e+00,3.320000, 3.119238e+00,3.320000, 0.000000e+00,3.320000, 0.000000e+00,
3.330000, 2.806272e+00,3.330000, 3.077446e+00,3.330000, 0.000000e+00,3.330000, 0.000000e+00,
3.340000, 2.740045e+00,3.340000, 3.189728e+00,3.340000, 0.000000e+00,3.340000, 0.000000e+00,
3.350000, 2.674469e+00,3.350000, 3.233840e+00,3.350000, 0.000000e+00,3.350000, 0.000000e+00,
3.360000, 2.610089e+00,3.360000, 3.217101e+00,3.360000, 0.000000e+00,3.360000, 0.000000e+00,
3.370000, 2.537950e+00,3.370000, 3.144964e+00,3.370000, 0.000000e+00,3.370000, 0.000000e+00,
3.380000, 2.486363e+00,3.380000, 3.093376e+00,3.380000, 0.000000e+00,3.380000, 0.000000e+00,
3.390000, 2.426958e+00,3.390000, 3.033972e+00,3.390000, 0.000000e+00,3.390000, 0.000000e+00,
3.400000, 2.369066e+00,3.400000, 2.999447e+00,3.400000, 0.000000e+00,3.400000, 0.000000e+00,
3.410000, 2.312414e+00,3.410000, 2.994409e+00,3.410000, 0.000000e+00,3.410000, 0.000000e+00,
3.420000, 2.256858e+00,3.420000, 2.972715e+00,3.420000, 0.000000e+00,3.420000, 0.000000e+00,
3.430000, 2.202390e+00,3.430000, 3.058389e+00,3.430000, 0.000000e+00,3.430000, 0.000000e+00,
3.440000, 2.147646e+00,3.440000, 3.199443e+00,3.440000, 0.000000e+00,3.440000, 0.000000e+00,
3.450000, 2.094174e+00,3.450000, 3.159548e+00,3.450000, 0.000000e+00,3.450000, 0.000000e+00,
3.460000, 2.032746e+00,3.460000, 3.115912e+00,3.460000, 0.000000e+00,3.460000, 0.000000e+00,
3.470000, 1.990861e+00,3.470000, 3.212439e+00,3.470000, 0.000000e+00,3.470000, 0.000000e+00,
3.480000, 1.940197e+00,3.480000, 3.250232e+00,3.480000, 0.000000e+00,3.480000, 0.000000e+00,
3.490000, 1.890797e+00,3.490000, 3.200828e+00,3.490000, 0.000000e+00,3.490000, 0.000000e+00,
3.500000, 1.842711e+00,3.500000, 3.164808e+00,3.500000, 0.000000e+00,3.500000, 0.000000e+00,
3.510000, 1.795844e+00,3.510000, 3.128593e+00,3.510000, 0.000000e+00,3.510000, 0.000000e+00,
3.520000, 1.750237e+00,3.520000, 3.086541e+00,3.520000, 0.000000e+00,3.520000, 0.000000e+00,
3.530000, 1.705831e+00,3.530000, 3.056887e+00,3.530000, 0.000000e+00,3.530000, 0.000000e+00,
3.540000, 1.662324e+00,3.540000, 3.080165e+00,3.540000, 0.000000e+00,3.540000, 0.000000e+00,
3.550000, 1.619479e+00,3.550000, 3.152166e+00,3.550000, 0.000000e+00,3.550000, 0.000000e+00,
3.560000, 1.577614e+00,3.560000, 3.110324e+00,3.560000, 0.000000e+00,3.560000, 0.000000e+00,
3.570000, 1.536401e+00,3.570000, 3.237985e+00,3.570000, 0.000000e+00,3.570000, 0.000000e+00,
3.580000, 1.495686e+00,3.580000, 3.260484e+00,3.580000, 0.000000e+00,3.580000, 0.000000e+00,
3.590000, 1.455823e+00,3.590000, 3.320942e+00,3.590000, 0.000000e+00,3.590000, 0.000000e+00,
3.600000, 1.416825e+00,3.600000, 3.299681e+00,3.600000, 0.000000e+00,3.600000, 0.000000e+00,
3.610000, 1.378907e+00,3.610000, 3.261747e+00,3.610000, 0.000000e+00,3.610000, 0.000000e+00,
3.620000, 1.342040e+00,3.620000, 3.224861e+00,3.620000, 0.000000e+00,3.620000, 0.000000e+00,
3.630000, 1.306185e+00,3.630000, 3.197062e+00,3.630000, 0.000000e+00,3.630000, 0.000000e+00,
3.640000, 1.271260e+00,3.640000, 3.172366e+00,3.640000, 0.000000e+00,3.640000, 0.000000e+00,
3.650000, 1.237304e+00,3.650000, 3.138392e+00,3.650000, 0.000000e+00,3.650000, 0.000000e+00,
3.660000, 1.204224e+00,3.660000, 3.150619e+00,3.660000, 0.000000e+00,3.660000, 0.000000e+00,
3.670000, 1.171894e+00,3.670000, 3.163783e+00,3.670000, 0.000000e+00,3.670000, 0.000000e+00,
3.680000, 1.140307e+00,3.680000, 3.166689e+00,3.680000, 0.000000e+00,3.680000, 0.000000e+00,
3.690000, 1.109352e+00,3.690000, 3.192080e+00,3.690000, 0.000000e+00,3.690000, 0.000000e+00,
3.700000, 1.079224e+00,3.700000, 3.161931e+00,3.700000, 0.000000e+00,3.700000, 0.000000e+00,
3.710000, 1.049940e+00,3.710000, 3.132626e+00,3.710000, 0.000000e+00,3.710000, 0.000000e+00,
3.720000, 1.021078e+00,3.720000, 3.317797e+00,3.720000, 0.000000e+00,3.720000, 0.000000e+00,
3.730000, 9.921766e-01,3.730000, 3.513616e+00,3.730000, 0.000000e+00,3.730000, 0.000000e+00,
3.740000, 9.639623e-01,3.740000, 3.485377e+00,3.740000, 0.000000e+00,3.740000, 0.000000e+00,
3.750000, 9.365590e-01,3.750000, 3.457949e+00,3.750000, 0.000000e+00,3.750000, 0.000000e+00,
3.760000, 9.099545e-01,3.760000, 3.431319e+00,3.760000, 0.000000e+00,3.760000, 0.000000e+00,
3.770000, 8.841129e-01,3.770000, 3.407284e+00,3.770000, 0.000000e+00,3.770000, 0.000000e+00,
3.780000, 8.587913e-01,3.780000, 3.484458e+00,3.780000, 0.000000e+00,3.780000, 0.000000e+00,
3.790000, 8.341309e-01,3.790000, 3.467341e+00,3.790000, 0.000000e+00,3.790000, 0.000000e+00,
3.800000, 8.101807e-01,3.800000, 3.447151e+00,3.800000, 0.000000e+00,3.800000, 0.000000e+00,
3.810000, 7.869041e-01,3.810000, 3.429511e+00,3.810000, 0.000000e+00,3.810000, 0.000000e+00,
3.820000, 7.643033e-01,3.820000, 3.406884e+00,3.820000, 0.000000e+00,3.820000, 0.000000e+00,
3.830000, 7.423578e-01,3.830000, 3.384912e+00,3.830000, 0.000000e+00,3.830000, 0.000000e+00,
3.840000, 7.210547e-01,3.840000, 3.363583e+00,3.840000, 0.000000e+00,3.840000, 0.000000e+00,
3.850000, 7.003616e-01,3.850000, 3.357723e+00,3.850000, 0.000000e+00,3.850000, 0.000000e+00,
3.860000, 6.801096e-01,3.860000, 3.404962e+00,3.860000, 0.000000e+00,3.860000, 0.000000e+00,
3.870000, 6.604364e-01,3.870000, 3.385262e+00,3.870000, 0.000000e+00,3.870000, 0.000000e+00,
3.880000, 6.413371e-01,3.880000, 3.366136e+00,3.880000, 0.000000e+00,3.880000, 0.000000e+00,
3.890000, 6.227894e-01,3.890000, 3.361394e+00,3.890000, 0.000000e+00,3.890000, 0.000000e+00,
3.900000, 6.047078e-01,3.900000, 3.372583e+00,3.900000, 0.000000e+00,3.900000, 0.000000e+00,
3.910000, 5.870934e-01,3.910000, 3.417039e+00,3.910000, 0.000000e+00,3.910000, 0.000000e+00,
3.920000, 5.698881e-01,3.920000, 3.429999e+00,3.920000, 0.000000e+00,3.920000, 0.000000e+00,
3.930000, 5.531938e-01,3.930000, 3.413277e+00,3.930000, 0.000000e+00,3.930000, 0.000000e+00,
3.940000, 5.369911e-01,3.940000, 3.397045e+00,3.940000, 0.000000e+00,3.940000, 0.000000e+00,
3.950000, 5.212655e-01,3.950000, 3.381291e+00,3.950000, 0.000000e+00,3.950000, 0.000000e+00,
3.960000, 5.059992e-01,3.960000, 3.373659e+00,3.960000, 0.000000e+00,3.960000, 0.000000e+00,
3.970000, 4.911077e-01,3.970000, 3.408438e+00,3.970000, 0.000000e+00,3.970000, 0.000000e+00,
3.980000, 4.766292e-01,3.980000, 3.405955e+00,3.980000, 0.000000e+00,3.980000, 0.000000e+00,
3.990000, 4.625746e-01,3.990000, 3.391871e+00,3.990000, 0.000000e+00,3.990000, 0.000000e+00,
4.000000, 4.489362e-01,4.000000, 3.378204e+00,4.000000, 0.000000e+00,4.000000, 0.000000e+00,
4.010000, 4.356896e-01,4.010000, 3.403356e+00,4.010000, 0.000000e+00,4.010000, 0.000000e+00,
4.020000, 4.227920e-01,4.020000, 3.395633e+00,4.020000, 0.000000e+00,4.020000, 0.000000e+00,
4.030000, 4.102811e-01,4.030000, 3.383092e+00,4.030000, 0.000000e+00,4.030000, 0.000000e+00,
4.040000, 3.981421e-01,4.040000, 3.370924e+00,4.040000, 0.000000e+00,4.040000, 0.000000e+00,
4.050000, 3.839522e-01,4.050000, 3.356698e+00,4.050000, 0.000000e+00,4.050000, 0.000000e+00,
4.060000, 3.749348e-01,4.060000, 3.347657e+00,4.060000, 0.000000e+00,4.060000, 0.000000e+00,
4.070000, 3.638453e-01,4.070000, 3.336538e+00,4.070000, 0.000000e+00,4.070000, 0.000000e+00,
4.080000, 3.530850e-01,4.080000, 3.325748e+00,4.080000, 0.000000e+00,4.080000, 0.000000e+00,
4.090000, 3.426471e-01,4.090000, 3.315280e+00,4.090000, 0.000000e+00,4.090000, 0.000000e+00,
4.100000, 3.324724e-01,4.100000, 3.393784e+00,4.100000, 0.000000e+00,4.100000, 0.000000e+00,
4.110000, 3.225392e-01,4.110000, 3.394459e+00,4.110000, 0.000000e+00,4.110000, 0.000000e+00,
4.120000, 3.129034e-01,4.120000, 3.384793e+00,4.120000, 0.000000e+00,4.120000, 0.000000e+00,
4.130000, 3.035560e-01,4.130000, 3.375415e+00,4.130000, 0.000000e+00,4.130000, 0.000000e+00,
4.140000, 2.944883e-01,4.140000, 3.366316e+00,4.140000, 0.000000e+00,4.140000, 0.000000e+00,
4.150000, 2.856908e-01,4.150000, 3.358960e+00,4.150000, 0.000000e+00,4.150000, 0.000000e+00,
4.160000, 2.771578e-01,4.160000, 3.350396e+00,4.160000, 0.000000e+00,4.160000, 0.000000e+00,
4.170000, 2.688806e-01,4.170000, 3.343989e+00,4.170000, 0.000000e+00,4.170000, 0.000000e+00,
4.180000, 2.608529e-01,4.180000, 3.335931e+00,4.180000, 0.000000e+00,4.180000, 0.000000e+00,
4.190000, 2.530537e-01,4.190000, 3.367637e+00,4.190000, 0.000000e+00,4.190000, 0.000000e+00,
4.200000, 2.454536e-01,4.200000, 3.375305e+00,4.200000, 0.000000e+00,4.200000, 0.000000e+00,
4.210000, 2.380820e-01,4.210000, 3.367902e+00,4.210000, 0.000000e+00,4.210000, 0.000000e+00,
4.220000, 2.309320e-01,4.220000, 3.360721e+00,4.220000, 0.000000e+00,4.220000, 0.000000e+00,
4.230000, 2.222017e-01,4.230000, 3.351951e+00,4.230000, 0.000000e+00,4.230000, 0.000000e+00,
4.240000, 2.172704e-01,4.240000, 3.346997e+00,4.240000, 0.000000e+00,4.240000, 0.000000e+00,
4.250000, 2.107461e-01,4.250000, 3.340442e+00,4.250000, 0.000000e+00,4.250000, 0.000000e+00,
4.260000, 2.044206e-01,4.260000, 3.334085e+00,4.260000, 0.000000e+00,4.260000, 0.000000e+00,
4.270000, 1.982660e-01,4.270000, 3.375325e+00,4.270000, 0.000000e+00,4.270000, 0.000000e+00,
4.280000, 1.922843e-01,4.280000, 3.369311e+00,4.280000, 0.000000e+00,4.280000, 0.000000e+00,
4.290000, 1.864826e-01,4.290000, 3.368438e+00,4.290000, 0.000000e+00,4.290000, 0.000000e+00,
4.300000, 1.808247e-01,4.300000, 3.469904e+00,4.300000, 0.000000e+00,4.300000, 0.000000e+00,
4.310000, 1.752472e-01,4.310000, 3.582428e+00,4.310000, 0.000000e+00,4.310000, 0.000000e+00,
4.320000, 1.698326e-01,4.320000, 3.576979e+00,4.320000, 0.000000e+00,4.320000, 0.000000e+00,
4.330000, 1.645700e-01,4.330000, 3.614194e+00,4.330000, 0.000000e+00,4.330000, 0.000000e+00,
4.340000, 1.594649e-01,4.340000, 3.609055e+00,4.340000, 0.000000e+00,4.340000, 0.000000e+00,
4.350000, 1.545186e-01,4.350000, 3.604074e+00,4.350000, 0.000000e+00,4.350000, 0.000000e+00,
4.360000, 1.497255e-01,4.360000, 3.599247e+00,4.360000, 0.000000e+00,4.360000, 0.000000e+00,
4.370000, 1.450807e-01,4.370000, 3.594568e+00,4.370000, 0.000000e+00,4.370000, 0.000000e+00,
4.380000, 1.405799e-01,4.380000, 3.590033e+00,4.380000, 0.000000e+00,4.380000, 0.000000e+00,
4.390000, 1.362184e-01,4.390000, 3.585637e+00,4.390000, 0.000000e+00,4.390000, 0.000000e+00,
4.400000, 1.319920e-01,4.400000, 3.581376e+00,4.400000, 0.000000e+00,4.400000, 0.000000e+00,
4.410000, 1.266159e-01,4.410000, 3.575955e+00,4.410000, 0.000000e+00,4.410000, 0.000000e+00,
4.420000, 1.239295e-01,4.420000, 3.573245e+00,4.420000, 0.000000e+00,4.420000, 0.000000e+00,
4.430000, 1.200870e-01,4.430000, 3.569368e+00,4.430000, 0.000000e+00,4.430000, 0.000000e+00,
4.440000, 1.163635e-01,4.440000, 3.565610e+00,4.440000, 0.000000e+00,4.440000, 0.000000e+00,
4.450000, 1.122623e-01,4.450000, 3.561470e+00,4.450000, 0.000000e+00,4.450000, 0.000000e+00,
4.460000, 1.092586e-01,4.460000, 3.558437e+00,4.460000, 0.000000e+00,4.460000, 0.000000e+00,
4.470000, 1.058703e-01,4.470000, 3.555014e+00,4.470000, 0.000000e+00,4.470000, 0.000000e+00,
4.480000, 1.025869e-01,4.480000, 3.551696e+00,4.480000, 0.000000e+00,4.480000, 0.000000e+00,
4.490000, 9.940511e-02,4.490000, 3.548480e+00,4.490000, 0.000000e+00,4.490000, 0.000000e+00,
4.500000, 9.632188e-02,4.500000, 3.545363e+00,4.500000, 0.000000e+00,4.500000, 0.000000e+00,
4.510000, 9.333546e-02,4.510000, 3.542342e+00,4.510000, 0.000000e+00,4.510000, 0.000000e+00,
4.520000, 9.044148e-02,4.520000, 3.539413e+00,4.520000, 0.000000e+00,4.520000, 0.000000e+00,
4.530000, 8.762941e-02,4.530000, 3.566901e+00,4.530000, 0.000000e+00,4.530000, 0.000000e+00,
4.540000, 8.490378e-02,4.540000, 3.564141e+00,4.540000, 0.000000e+00,4.540000, 0.000000e+00,
4.550000, 8.226300e-02,4.550000, 3.561465e+00,4.550000, 0.000000e+00,4.550000, 0.000000e+00,
4.560000, 7.970442e-02,4.560000, 3.558872e+00,4.560000, 0.000000e+00,4.560000, 0.000000e+00,
4.570000, 7.722528e-02,4.570000, 3.556358e+00,4.570000, 0.000000e+00,4.570000, 0.000000e+00,
4.580000, 7.482312e-02,4.580000, 3.553921e+00,4.580000, 0.000000e+00,4.580000, 0.000000e+00,
4.590000, 7.249624e-02,4.590000, 3.551560e+00,4.590000, 0.000000e+00,4.590000, 0.000000e+00,
4.600000, 7.024194e-02,4.600000, 3.549271e+00,4.600000, 0.000000e+00,4.600000, 0.000000e+00,
4.610000, 6.805762e-02,4.610000, 3.547052e+00,4.610000, 0.000000e+00,4.610000, 0.000000e+00,
4.620000, 6.594111e-02,4.620000, 3.544901e+00,4.620000, 0.000000e+00,4.620000, 0.000000e+00,
4.630000, 6.349866e-02,4.630000, 3.542417e+00,4.630000, 0.000000e+00,4.630000, 0.000000e+00,
4.640000, 6.190318e-02,4.640000, 3.540794e+00,4.640000, 0.000000e+00,4.640000, 0.000000e+00,
4.650000, 5.997774e-02,4.650000, 3.538834e+00,4.650000, 0.000000e+00,4.650000, 0.000000e+00,
4.660000, 5.811071e-02,4.660000, 3.547693e+00,4.660000, 0.000000e+00,4.660000, 0.000000e+00,
4.670000, 5.630134e-02,4.670000, 3.545849e+00,4.670000, 0.000000e+00,4.670000, 0.000000e+00,
4.680000, 5.454881e-02,4.680000, 3.544062e+00,4.680000, 0.000000e+00,4.680000, 0.000000e+00,
4.690000, 5.285091e-02,4.690000, 3.542329e+00,4.690000, 0.000000e+00,4.690000, 0.000000e+00,
4.700000, 5.120576e-02,4.700000, 3.540649e+00,4.700000, 0.000000e+00,4.700000, 0.000000e+00,
4.710000, 4.961173e-02,4.710000, 3.539021e+00,4.710000, 0.000000e+00,4.710000, 0.000000e+00,
4.720000, 4.806724e-02,4.720000, 3.537441e+00,4.720000, 0.000000e+00,4.720000, 0.000000e+00,
4.730000, 4.657075e-02,4.730000, 3.535910e+00,4.730000, 0.000000e+00,4.730000, 0.000000e+00,
4.740000, 4.512076e-02,4.740000, 3.534425e+00,4.740000, 0.000000e+00,4.740000, 0.000000e+00,
4.750000, 4.371584e-02,4.750000, 3.532986e+00,4.750000, 0.000000e+00,4.750000, 0.000000e+00,
4.760000, 4.235520e-02,4.760000, 3.531590e+00,4.760000, 0.000000e+00,4.760000, 0.000000e+00,
4.770000, 4.103684e-02,4.770000, 3.530237e+00,4.770000, 0.000000e+00,4.770000, 0.000000e+00,
4.780000, 3.975944e-02,4.780000, 3.528925e+00,4.780000, 0.000000e+00,4.780000, 0.000000e+00,
4.790000, 3.852173e-02,4.790000, 3.527653e+00,4.790000, 0.000000e+00,4.790000, 0.000000e+00,
4.800000, 3.732248e-02,4.800000, 3.526419e+00,4.800000, 0.000000e+00,4.800000, 0.000000e+00,
4.810000, 3.587569e-02,4.810000, 3.524929e+00,4.810000, 0.000000e+00,4.810000, 0.000000e+00,
4.820000, 3.503480e-02,4.820000, 3.524062e+00,4.820000, 0.000000e+00,4.820000, 0.000000e+00,
4.830000, 3.394406e-02,4.830000, 3.522936e+00,4.830000, 0.000000e+00,4.830000, 0.000000e+00,
4.840000, 3.288754e-02,4.840000, 3.521845e+00,4.840000, 0.000000e+00,4.840000, 0.000000e+00,
4.850000, 3.186400e-02,4.850000, 3.520787e+00,4.850000, 0.000000e+00,4.850000, 0.000000e+00,
4.860000, 3.087225e-02,4.860000, 3.519760e+00,4.860000, 0.000000e+00,4.860000, 0.000000e+00,
4.870000, 2.991132e-02,4.870000, 3.518764e+00,4.870000, 0.000000e+00,4.870000, 0.000000e+00,
4.880000, 2.898024e-02,4.880000, 3.517799e+00,4.880000, 0.000000e+00,4.880000, 0.000000e+00,
4.890000, 2.807810e-02,4.890000, 3.516862e+00,4.890000, 0.000000e+00,4.890000, 0.000000e+00,
4.900000, 2.720399e-02,4.900000, 3.515953e+00,4.900000, 0.000000e+00,4.900000, 0.000000e+00,
4.910000, 2.635704e-02,4.910000, 3.515071e+00,4.910000, 0.000000e+00,4.910000, 0.000000e+00,
4.920000, 2.553654e-02,4.920000, 3.514216e+00,4.920000, 0.000000e+00,4.920000, 0.000000e+00,
4.930000, 2.474177e-02,4.930000, 3.513387e+00,4.930000, 0.000000e+00,4.930000, 0.000000e+00,
4.940000, 2.397159e-02,4.940000, 3.517311e+00,4.940000, 0.000000e+00,4.940000, 0.000000e+00,
4.950000, 2.322288e-02,4.950000, 3.550009e+00,4.950000, 0.000000e+00,4.950000, 0.000000e+00,
4.960000, 2.249729e-02,4.960000, 3.549253e+00,4.960000, 0.000000e+00,4.960000, 0.000000e+00,
4.970000, 2.179432e-02,4.970000, 3.548520e+00,4.970000, 0.000000e+00,4.970000, 0.000000e+00,
4.980000, 2.111328e-02,4.980000, 3.547808e+00,4.980000, 0.000000e+00,4.980000, 0.000000e+00,
4.990000, 2.045349e-02,4.990000, 3.547118e+00,4.990000, 0.000000e+00,4.990000, 0.000000e+00,
5.000000, 1.981427e-02,5.000000, 3.546448e+00,5.000000, 0.000000e+00,5.000000, 0.000000e+00,
5.010000, 1.919527e-02,5.010000, 3.545798e+00,5.010000, 0.000000e+00,5.010000, 0.000000e+00,
5.020000, 1.859558e-02,5.020000, 3.545167e+00,5.020000, 0.000000e+00,5.020000, 0.000000e+00,
5.030000, 1.794318e-02,5.030000, 3.544479e+00,5.030000, 0.000000e+00,5.030000, 0.000000e+00,
5.040000, 1.745171e-02,5.040000, 3.543961e+00,5.040000, 0.000000e+00,5.040000, 0.000000e+00,
5.050000, 1.690557e-02,5.050000, 3.561996e+00,5.050000, 0.000000e+00,5.050000, 0.000000e+00,
5.060000, 1.637630e-02,5.060000, 3.561435e+00,5.060000, 0.000000e+00,5.060000, 0.000000e+00,
5.070000, 1.586356e-02,5.070000, 3.560890e+00,5.070000, 0.000000e+00,5.070000, 0.000000e+00,
5.080000, 1.536692e-02,5.080000, 3.560359e+00,5.080000, 0.000000e+00,5.080000, 0.000000e+00,
5.090000, 1.488596e-02,5.090000, 3.559843e+00,5.090000, 0.000000e+00,5.090000, 0.000000e+00,
5.100000, 1.442010e-02,5.100000, 3.559342e+00,5.100000, 0.000000e+00,5.100000, 0.000000e+00,
5.110000, 1.396879e-02,5.110000, 3.558855e+00,5.110000, 0.000000e+00,5.110000, 0.000000e+00,
5.120000, 1.353158e-02,5.120000, 3.558383e+00,5.120000, 0.000000e+00,5.120000, 0.000000e+00,
5.130000, 1.310803e-02,5.130000, 3.557924e+00,5.130000, 0.000000e+00,5.130000, 0.000000e+00,
5.140000, 1.269771e-02,5.140000, 3.557479e+00,5.140000, 0.000000e+00,5.140000, 0.000000e+00,
5.150000, 1.230022e-02,5.150000, 3.557046e+00,5.150000, 0.000000e+00,5.150000, 0.000000e+00,
5.160000, 1.191514e-02,5.160000, 3.556625e+00,5.160000, 0.000000e+00,5.160000, 0.000000e+00,
5.170000, 1.154215e-02,5.170000, 3.556217e+00,5.170000, 0.000000e+00,5.170000, 0.000000e+00,
5.180000, 1.118093e-02,5.180000, 3.555821e+00,5.180000, 0.000000e+00,5.180000, 0.000000e+00,
5.190000, 1.083099e-02,5.190000, 3.555435e+00,5.190000, 0.000000e+00,5.190000, 0.000000e+00,
5.200000, 1.049086e-02,5.200000, 3.598864e+00,5.200000, 0.000000e+00,5.200000, 0.000000e+00,
5.210000, 1.010260e-02,5.210000, 3.598434e+00,5.210000, 0.000000e+00,5.210000, 0.000000e+00,
5.220000, 9.841666e-03,5.220000, 3.598144e+00,5.220000, 0.000000e+00,5.220000, 0.000000e+00,
5.230000, 9.532280e-03,5.230000, 3.597799e+00,5.230000, 0.000000e+00,5.230000, 0.000000e+00,
5.240000, 9.232601e-03,5.240000, 3.597463e+00,5.240000, 0.000000e+00,5.240000, 0.000000e+00,
5.250000, 8.942327e-03,5.250000, 3.597137e+00,5.250000, 0.000000e+00,5.250000, 0.000000e+00,
5.260000, 8.661288e-03,5.260000, 3.596821e+00,5.260000, 0.000000e+00,5.260000, 0.000000e+00,
5.270000, 8.388945e-03,5.270000, 3.610161e+00,5.270000, 0.000000e+00,5.270000, 0.000000e+00,
5.280000, 8.124805e-03,5.280000, 3.614147e+00,5.280000, 0.000000e+00,5.280000, 0.000000e+00,
5.290000, 7.868964e-03,5.290000, 3.613856e+00,5.290000, 0.000000e+00,5.290000, 0.000000e+00,
5.300000, 7.621165e-03,5.300000, 3.613572e+00,5.300000, 0.000000e+00,5.300000, 0.000000e+00,
5.310000, 7.381154e-03,5.310000, 3.613296e+00,5.310000, 0.000000e+00,5.310000, 0.000000e+00,
5.320000, 7.148687e-03,5.320000, 3.613028e+00,5.320000, 0.000000e+00,5.320000, 0.000000e+00,
5.330000, 6.923528e-03,5.330000, 3.612767e+00,5.330000, 0.000000e+00,5.330000, 0.000000e+00,
5.340000, 6.705523e-03,5.340000, 3.612513e+00,5.340000, 0.000000e+00,5.340000, 0.000000e+00,
5.350000, 6.494424e-03,5.350000, 3.612266e+00,5.350000, 0.000000e+00,5.350000, 0.000000e+00,
5.360000, 6.289958e-03,5.360000, 3.612026e+00,5.360000, 0.000000e+00,5.360000, 0.000000e+00,
5.370000, 6.091917e-03,5.370000, 3.611792e+00,5.370000, 0.000000e+00,5.370000, 0.000000e+00,
5.380000, 5.900099e-03,5.380000, 3.611564e+00,5.380000, 0.000000e+00,5.380000, 0.000000e+00,
5.390000, 5.714311e-03,5.390000, 3.611342e+00,5.390000, 0.000000e+00,5.390000, 0.000000e+00,
5.400000, 5.534317e-03,5.400000, 3.617412e+00,5.400000, 0.000000e+00,5.400000, 0.000000e+00,
5.410000, 5.359918e-03,5.410000, 3.617201e+00,5.410000, 0.000000e+00,5.410000, 0.000000e+00,
5.420000, 5.191030e-03,5.420000, 3.616996e+00,5.420000, 0.000000e+00,5.420000, 0.000000e+00,
5.430000, 5.018583e-03,5.430000, 3.616786e+00,5.430000, 0.000000e+00,5.430000, 0.000000e+00,
5.440000, 4.869118e-03,5.440000, 3.616603e+00,5.440000, 0.000000e+00,5.440000, 0.000000e+00,
5.450000, 4.715709e-03,5.450000, 3.616662e+00,5.450000, 0.000000e+00,5.450000, 0.000000e+00,
5.460000, 4.567125e-03,5.460000, 3.616477e+00,5.460000, 0.000000e+00,5.460000, 0.000000e+00,
5.470000, 4.423223e-03,5.470000, 3.616297e+00,5.470000, 0.000000e+00,5.470000, 0.000000e+00,
5.480000, 4.283856e-03,5.480000, 3.616122e+00,5.480000, 0.000000e+00,5.480000, 0.000000e+00,
5.490000, 4.148872e-03,5.490000, 3.615951e+00,5.490000, 0.000000e+00,5.490000, 0.000000e+00,
5.500000, 3.973762e-03,5.500000, 3.615728e+00,5.500000, 0.000000e+00,5.500000, 0.000000e+00,
5.510000, 3.891564e-03,5.510000, 3.615622e+00,5.510000, 0.000000e+00,5.510000, 0.000000e+00,
5.520000, 3.768975e-03,5.520000, 3.615463e+00,5.520000, 0.000000e+00,5.520000, 0.000000e+00,
5.530000, 3.650240e-03,5.530000, 3.615309e+00,5.530000, 0.000000e+00,5.530000, 0.000000e+00,
5.540000, 3.535238e-03,5.540000, 3.615158e+00,5.540000, 0.000000e+00,5.540000, 0.000000e+00,
5.550000, 3.423853e-03,5.550000, 3.615010e+00,5.550000, 0.000000e+00,5.550000, 0.000000e+00,
5.560000, 3.315970e-03,5.560000, 3.614867e+00,5.560000, 0.000000e+00,5.560000, 0.000000e+00,
5.570000, 3.211481e-03,5.570000, 3.614726e+00,5.570000, 0.000000e+00,5.570000, 0.000000e+00,
5.580000, 3.110278e-03,5.580000, 3.614589e+00,5.580000, 0.000000e+00,5.580000, 0.000000e+00,
5.590000, 3.012287e-03,5.590000, 3.614455e+00,5.590000, 0.000000e+00,5.590000, 0.000000e+00,
5.600000, 2.917396e-03,5.600000, 3.614324e+00,5.600000, 0.000000e+00,5.600000, 0.000000e+00,
5.610000, 2.815460e-03,5.610000, 3.614183e+00,5.610000, 0.000000e+00,5.610000, 0.000000e+00,
5.620000, 2.736488e-03,5.620000, 3.614072e+00,5.620000, 0.000000e+00,5.620000, 0.000000e+00,
5.630000, 2.650278e-03,5.630000, 3.613950e+00,5.630000, 0.000000e+00,5.630000, 0.000000e+00,
5.640000, 2.566778e-03,5.640000, 3.613830e+00,5.640000, 0.000000e+00,5.640000, 0.000000e+00,
5.650000, 2.485904e-03,5.650000, 3.613713e+00,5.650000, 0.000000e+00,5.650000, 0.000000e+00,
5.660000, 2.407573e-03,5.660000, 3.613599e+00,5.660000, 0.000000e+00,5.660000, 0.000000e+00,
5.670000, 2.331718e-03,5.670000, 3.613487e+00,5.670000, 0.000000e+00,5.670000, 0.000000e+00,
5.680000, 2.258270e-03,5.680000, 3.613378e+00,5.680000, 0.000000e+00,5.680000, 0.000000e+00,
5.690000, 2.187131e-03,5.690000, 3.613271e+00,5.690000, 0.000000e+00,5.690000, 0.000000e+00,
5.700000, 2.118133e-03,5.700000, 3.629526e+00,5.700000, 0.000000e+00,5.700000, 0.000000e+00,
5.710000, 2.051295e-03,5.710000, 3.629423e+00,5.710000, 0.000000e+00,5.710000, 0.000000e+00,
5.720000, 1.986381e-03,5.720000, 3.665537e+00,5.720000, 0.000000e+00,5.720000, 0.000000e+00,
5.730000, 1.923475e-03,5.730000, 3.665438e+00,5.730000, 0.000000e+00,5.730000, 0.000000e+00,
5.740000, 1.862568e-03,5.740000, 3.665340e+00,5.740000, 0.000000e+00,5.740000, 0.000000e+00,
5.750000, 1.803586e-03,5.750000, 3.665245e+00,5.750000, 0.000000e+00,5.750000, 0.000000e+00,
5.760000, 1.746494e-03,5.760000, 3.665151e+00,5.760000, 0.000000e+00,5.760000, 0.000000e+00,
5.770000, 1.691206e-03,5.770000, 3.665060e+00,5.770000, 0.000000e+00,5.770000, 0.000000e+00,
5.780000, 1.637665e-03,5.780000, 3.664970e+00,5.780000, 0.000000e+00,5.780000, 0.000000e+00,
5.790000, 1.585815e-03,5.790000, 3.664881e+00,5.790000, 0.000000e+00,5.790000, 0.000000e+00,
5.800000, 1.535605e-03,5.800000, 3.664795e+00,5.800000, 0.000000e+00,5.800000, 0.000000e+00,
5.810000, 1.486981e-03,5.810000, 3.664710e+00,5.810000, 0.000000e+00,5.810000, 0.000000e+00,
5.820000, 1.439894e-03,5.820000, 3.664626e+00,5.820000, 0.000000e+00,5.820000, 0.000000e+00,
5.830000, 1.394295e-03,5.830000, 3.664544e+00,5.830000, 0.000000e+00,5.830000, 0.000000e+00,
5.840000, 1.350150e-03,5.840000, 3.664464e+00,5.840000, 0.000000e+00,5.840000, 0.000000e+00,
5.850000, 1.307408e-03,5.850000, 3.664384e+00,5.850000, 0.000000e+00,5.850000, 0.000000e+00,
5.860000, 1.266016e-03,5.860000, 3.664307e+00,5.860000, 0.000000e+00,5.860000, 0.000000e+00,
5.870000, 1.225936e-03,5.870000, 3.664230e+00,5.870000, 0.000000e+00,5.870000, 0.000000e+00,
5.880000, 1.187124e-03,5.880000, 3.664155e+00,5.880000, 0.000000e+00,5.880000, 0.000000e+00,
5.890000, 1.149538e-03,5.890000, 3.664081e+00,5.890000, 0.000000e+00,5.890000, 0.000000e+00,
5.900000, 1.113140e-03,5.900000, 3.664008e+00,5.900000, 0.000000e+00,5.900000, 0.000000e+00,
5.910000, 1.077848e-03,5.910000, 3.699676e+00,5.910000, 0.000000e+00,5.910000, 0.000000e+00,
5.920000, 1.043606e-03,5.920000, 3.699605e+00,5.920000, 0.000000e+00,5.920000, 0.000000e+00,
5.930000, 1.010459e-03,5.930000, 3.699535e+00,5.930000, 0.000000e+00,5.930000, 0.000000e+00,
5.940000, 9.783629e-04,5.940000, 3.699466e+00,5.940000, 0.000000e+00,5.940000, 0.000000e+00,
5.950000, 9.472845e-04,5.950000, 3.699398e+00,5.950000, 0.000000e+00,5.950000, 0.000000e+00,
5.960000, 9.171915e-04,5.960000, 3.699331e+00,5.960000, 0.000000e+00,5.960000, 0.000000e+00,
5.970000, 8.880527e-04,5.970000, 3.699265e+00,5.970000, 0.000000e+00,5.970000, 0.000000e+00,
5.980000, 8.598379e-04,5.980000, 3.699200e+00,5.980000, 0.000000e+00,5.980000, 0.000000e+00,
5.990000, 8.325178e-04,5.990000, 3.699136e+00,5.990000, 0.000000e+00,5.990000, 0.000000e+00,
6.000000, 8.060673e-04,6.000000, 3.699073e+00,6.000000, 0.000000e+00,6.000000, 0.000000e+00,
6.010000, 7.794240e-04,6.010000, 3.699008e+00,6.010000, 0.000000e+00,6.010000, 0.000000e+00,
6.020000, 7.556811e-04,6.020000, 3.698949e+00,6.020000, 0.000000e+00,6.020000, 0.000000e+00,
6.030000, 7.316796e-04,6.030000, 3.698888e+00,6.030000, 0.000000e+00,6.030000, 0.000000e+00,
6.040000, 7.084389e-04,6.040000, 3.698828e+00,6.040000, 0.000000e+00,6.040000, 0.000000e+00,
6.050000, 6.859351e-04,6.050000, 3.698769e+00,6.050000, 0.000000e+00,6.050000, 0.000000e+00,
6.060000, 6.641448e-04,6.060000, 3.698711e+00,6.060000, 0.000000e+00,6.060000, 0.000000e+00,
6.070000, 6.430454e-04,6.070000, 3.698653e+00,6.070000, 0.000000e+00,6.070000, 0.000000e+00,
6.080000, 6.159576e-04,6.080000, 3.698577e+00,6.080000, 0.000000e+00,6.080000, 0.000000e+00,
6.090000, 6.028385e-04,6.090000, 3.698539e+00,6.090000, 0.000000e+00,6.090000, 0.000000e+00,
6.100000, 5.836921e-04,6.100000, 3.698483e+00,6.100000, 0.000000e+00,6.100000, 0.000000e+00,
6.110000, 5.651525e-04,6.110000, 3.698428e+00,6.110000, 0.000000e+00,6.110000, 0.000000e+00,
6.120000, 5.472007e-04,6.120000, 3.698373e+00,6.120000, 0.000000e+00,6.120000, 0.000000e+00,
6.130000, 5.298192e-04,6.130000, 3.698319e+00,6.130000, 0.000000e+00,6.130000, 0.000000e+00,
6.140000, 5.129899e-04,6.140000, 3.698265e+00,6.140000, 0.000000e+00,6.140000, 0.000000e+00,
6.150000, 4.966941e-04,6.150000, 3.698212e+00,6.150000, 0.000000e+00,6.150000, 0.000000e+00,
6.160000, 4.809151e-04,6.160000, 3.698160e+00,6.160000, 0.000000e+00,6.160000, 0.000000e+00,
6.170000, 4.656386e-04,6.170000, 3.698108e+00,6.170000, 0.000000e+00,6.170000, 0.000000e+00,
6.180000, 4.508511e-04,6.180000, 3.698056e+00,6.180000, 0.000000e+00,6.180000, 0.000000e+00,
6.190000, 4.351645e-04,6.190000, 3.698000e+00,6.190000, 0.000000e+00,6.190000, 0.000000e+00,
6.200000, 4.226674e-04,6.200000, 3.697955e+00,6.200000, 0.000000e+00,6.200000, 0.000000e+00,
6.210000, 4.092420e-04,6.210000, 3.697904e+00,6.210000, 0.000000e+00,6.210000, 0.000000e+00,
6.220000, 3.962423e-04,6.220000, 3.697855e+00,6.220000, 0.000000e+00,6.220000, 0.000000e+00,
6.230000, 3.836548e-04,6.230000, 3.697805e+00,6.230000, 0.000000e+00,6.230000, 0.000000e+00,
6.240000, 3.714663e-04,6.240000, 3.697756e+00,6.240000, 0.000000e+00,6.240000, 0.000000e+00,
6.250000, 3.596644e-04,6.250000, 3.697708e+00,6.250000, 0.000000e+00,6.250000, 0.000000e+00,
6.260000, 3.482424e-04,6.260000, 3.697660e+00,6.260000, 0.000000e+00,6.260000, 0.000000e+00,
6.270000, 3.371835e-04,6.270000, 3.697612e+00,6.270000, 0.000000e+00,6.270000, 0.000000e+00,
6.280000, 3.264751e-04,6.280000, 3.697564e+00,6.280000, 0.000000e+00,6.280000, 0.000000e+00,
6.290000, 3.161061e-04,6.290000, 3.697517e+00,6.290000, 0.000000e+00,6.290000, 0.000000e+00,
6.300000, 3.060416e-04,6.300000, 3.728764e+00,6.300000, 0.000000e+00,6.300000, 0.000000e+00,
6.310000, 2.962920e-04,6.310000, 3.728718e+00,6.310000, 0.000000e+00,6.310000, 0.000000e+00,
6.320000, 2.868525e-04,6.320000, 3.728671e+00,6.320000, 0.000000e+00,6.320000, 0.000000e+00,
6.330000, 2.777130e-04,6.330000, 3.728625e+00,6.330000, 0.000000e+00,6.330000, 0.000000e+00,
6.340000, 2.688670e-04,6.340000, 3.728579e+00,6.340000, 0.000000e+00,6.340000, 0.000000e+00,
6.350000, 2.603035e-04,6.350000, 3.728533e+00,6.350000, 0.000000e+00,6.350000, 0.000000e+00,
6.360000, 2.520122e-04,6.360000, 3.728488e+00,6.360000, 0.000000e+00,6.360000, 0.000000e+00,
6.370000, 2.439846e-04,6.370000, 3.728443e+00,6.370000, 0.000000e+00,6.370000, 0.000000e+00,
6.380000, 2.362122e-04,6.380000, 3.728398e+00,6.380000, 0.000000e+00,6.380000, 0.000000e+00,
6.390000, 2.286870e-04,6.390000, 3.728354e+00,6.390000, 0.000000e+00,6.390000, 0.000000e+00,
6.400000, 2.214022e-04,6.400000, 3.728309e+00,6.400000, 0.000000e+00,6.400000, 0.000000e+00,
6.410000, 2.143490e-04,6.410000, 3.728265e+00,6.410000, 0.000000e+00,6.410000, 0.000000e+00,
6.420000, 2.075211e-04,6.420000, 3.728221e+00,6.420000, 0.000000e+00,6.420000, 0.000000e+00,
6.430000, 2.009123e-04,6.430000, 3.728178e+00,6.430000, 0.000000e+00,6.430000, 0.000000e+00,
6.440000, 1.945137e-04,6.440000, 3.728134e+00,6.440000, 0.000000e+00,6.440000, 0.000000e+00,
6.450000, 1.883184e-04,6.450000, 3.728091e+00,6.450000, 0.000000e+00,6.450000, 0.000000e+00,
6.460000, 1.823200e-04,6.460000, 3.728048e+00,6.460000, 0.000000e+00,6.460000, 0.000000e+00,
6.470000, 1.765124e-04,6.470000, 3.728005e+00,6.470000, 0.000000e+00,6.470000, 0.000000e+00,
6.480000, 1.694361e-04,6.480000, 3.727951e+00,6.480000, 0.000000e+00,6.480000, 0.000000e+00,
6.490000, 1.654452e-04,6.490000, 3.727920e+00,6.490000, 0.000000e+00,6.490000, 0.000000e+00,
6.500000, 1.601742e-04,6.500000, 3.727878e+00,6.500000, 0.000000e+00,6.500000, 0.000000e+00,
6.510000, 1.550730e-04,6.510000, 3.727835e+00,6.510000, 0.000000e+00,6.510000, 0.000000e+00,
6.520000, 1.501341e-04,6.520000, 3.727794e+00,6.520000, 0.000000e+00,6.520000, 0.000000e+00,
6.530000, 1.453527e-04,6.530000, 3.727752e+00,6.530000, 0.000000e+00,6.530000, 0.000000e+00,
6.540000, 1.407234e-04,6.540000, 3.727710e+00,6.540000, 0.000000e+00,6.540000, 0.000000e+00,
6.550000, 1.362412e-04,6.550000, 3.727669e+00,6.550000, 0.000000e+00,6.550000, 0.000000e+00,
6.560000, 1.319015e-04,6.560000, 3.727627e+00,6.560000, 0.000000e+00,6.560000, 0.000000e+00,
6.570000, 1.276998e-04,6.570000, 3.727586e+00,6.570000, 0.000000e+00,6.570000, 0.000000e+00,
6.580000, 1.236317e-04,6.580000, 3.727545e+00,6.580000, 0.000000e+00,6.580000, 0.000000e+00,
6.590000, 1.195876e-04,6.590000, 3.727503e+00,6.590000, 0.000000e+00,6.590000, 0.000000e+00,
6.600000, 1.158823e-04,6.600000, 3.727463e+00,6.600000, 0.000000e+00,6.600000, 0.000000e+00,
6.610000, 1.121917e-04,6.610000, 3.727422e+00,6.610000, 0.000000e+00,6.610000, 0.000000e+00,
6.620000, 1.086184e-04,6.620000, 3.727382e+00,6.620000, 0.000000e+00,6.620000, 0.000000e+00,
6.630000, 1.051587e-04,6.630000, 3.727341e+00,6.630000, 0.000000e+00,6.630000, 0.000000e+00,
6.640000, 1.018089e-04,6.640000, 3.727301e+00,6.640000, 0.000000e+00,6.640000, 0.000000e+00,
6.650000, 9.856571e-05,6.650000, 3.727261e+00,6.650000, 0.000000e+00,6.650000, 0.000000e+00,
6.660000, 9.444520e-05,6.660000, 3.727208e+00,6.660000, 0.000000e+00,6.660000, 0.000000e+00,
6.670000, 9.238649e-05,6.670000, 3.727180e+00,6.670000, 0.000000e+00,6.670000, 0.000000e+00,
6.680000, 8.944462e-05,6.680000, 3.727140e+00,6.680000, 0.000000e+00,6.680000, 0.000000e+00,
6.690000, 8.659626e-05,6.690000, 3.727100e+00,6.690000, 0.000000e+00,6.690000, 0.000000e+00,
6.700000, 8.383842e-05,6.700000, 3.727061e+00,6.700000, 0.000000e+00,6.700000, 0.000000e+00,
6.710000, 8.116826e-05,6.710000, 3.727021e+00,6.710000, 0.000000e+00,6.710000, 0.000000e+00,
6.720000, 7.858297e-05,6.720000, 3.726981e+00,6.720000, 0.000000e+00,6.720000, 0.000000e+00,
6.730000, 7.607988e-05,6.730000, 3.726942e+00,6.730000, 0.000000e+00,6.730000, 0.000000e+00,
6.740000, 7.365636e-05,6.740000, 3.726902e+00,6.740000, 0.000000e+00,6.740000, 0.000000e+00,
6.750000, 7.130991e-05,6.750000, 3.726863e+00,6.750000, 0.000000e+00,6.750000, 0.000000e+00,
6.760000, 6.903910e-05,6.760000, 3.726824e+00,6.760000, 0.000000e+00,6.760000, 0.000000e+00,
6.770000, 6.684047e-05,6.770000, 3.726785e+00,6.770000, 0.000000e+00,6.770000, 0.000000e+00,
6.780000, 6.471174e-05,6.780000, 3.726745e+00,6.780000, 0.000000e+00,6.780000, 0.000000e+00,
6.790000, 6.265081e-05,6.790000, 3.726706e+00,6.790000, 0.000000e+00,6.790000, 0.000000e+00,
6.800000, 6.065551e-05,6.800000, 3.726667e+00,6.800000, 0.000000e+00,6.800000, 0.000000e+00,
6.810000, 5.872364e-05,6.810000, 3.726628e+00,6.810000, 0.000000e+00,6.810000, 0.000000e+00,
6.820000, 5.685319e-05,6.820000, 3.726589e+00,6.820000, 0.000000e+00,6.820000, 0.000000e+00,
6.830000, 5.504220e-05,6.830000, 3.726551e+00,6.830000, 0.000000e+00,6.830000, 0.000000e+00,
6.840000, 5.328932e-05,6.840000, 3.726512e+00,6.840000, 0.000000e+00,6.840000, 0.000000e+00,
6.850000, 5.159243e-05,6.850000, 3.726473e+00,6.850000, 0.000000e+00,6.850000, 0.000000e+00,
6.860000, 4.994947e-05,6.860000, 3.726434e+00,6.860000, 0.000000e+00,6.860000, 0.000000e+00,
6.870000, 4.835873e-05,6.870000, 3.726396e+00,6.870000, 0.000000e+00,6.870000, 0.000000e+00,
6.880000, 4.652477e-05,6.880000, 3.726350e+00,6.880000, 0.000000e+00,6.880000, 0.000000e+00,
6.890000, 4.532735e-05,6.890000, 3.726319e+00,6.890000, 0.000000e+00,6.890000, 0.000000e+00,
6.900000, 4.388355e-05,6.900000, 3.726280e+00,6.900000, 0.000000e+00,6.900000, 0.000000e+00,
6.910000, 4.248564e-05,6.910000, 3.726242e+00,6.910000, 0.000000e+00,6.910000, 0.000000e+00,
6.920000, 4.113239e-05,6.920000, 3.726204e+00,6.920000, 0.000000e+00,6.920000, 0.000000e+00,
6.930000, 3.982129e-05,6.930000, 3.743689e+00,6.930000, 0.000000e+00,6.930000, 0.000000e+00,
6.940000, 3.855017e-05,6.940000, 3.767983e+00,6.940000, 0.000000e+00,6.940000, 0.000000e+00,
6.950000, 3.731667e-05,6.950000, 3.777347e+00,6.950000, 0.000000e+00,6.950000, 0.000000e+00,
6.960000, 3.612254e-05,6.960000, 3.777308e+00,6.960000, 0.000000e+00,6.960000, 0.000000e+00,
6.970000, 3.496655e-05,6.970000, 3.777270e+00,6.970000, 0.000000e+00,6.970000, 0.000000e+00,
6.980000, 3.384748e-05,6.980000, 3.777231e+00,6.980000, 0.000000e+00,6.980000, 0.000000e+00,
6.990000, 3.276416e-05,6.990000, 3.777192e+00,6.990000, 0.000000e+00,6.990000, 0.000000e+00,
7.000000, 3.171545e-05,7.000000, 3.777154e+00,7.000000, 0.000000e+00,7.000000, 0.000000e+00,
7.010000, 3.070071e-05,7.010000, 3.777115e+00,7.010000, 0.000000e+00,7.010000, 0.000000e+00,
7.020000, 2.971838e-05,7.020000, 3.777077e+00,7.020000, 0.000000e+00,7.020000, 0.000000e+00,
7.030000, 2.876742e-05,7.030000, 3.777038e+00,7.030000, 0.000000e+00,7.030000, 0.000000e+00,
7.040000, 2.784684e-05,7.040000, 3.777000e+00,7.040000, 0.000000e+00,7.040000, 0.000000e+00,
7.050000, 2.695569e-05,7.050000, 3.776962e+00,7.050000, 0.000000e+00,7.050000, 0.000000e+00,
7.060000, 2.588204e-05,7.060000, 3.776914e+00,7.060000, 0.000000e+00,7.060000, 0.000000e+00,
7.070000, 2.525834e-05,7.070000, 3.776885e+00,7.070000, 0.000000e+00,7.070000, 0.000000e+00,
7.080000, 2.445010e-05,7.080000, 3.776847e+00,7.080000, 0.000000e+00,7.080000, 0.000000e+00,
7.090000, 2.366791e-05,7.090000, 3.776808e+00,7.090000, 0.000000e+00,7.090000, 0.000000e+00,
7.100000, 2.291081e-05,7.100000, 3.776770e+00,7.100000, 0.000000e+00,7.100000, 0.000000e+00,
7.110000, 2.217789e-05,7.110000, 3.776732e+00,7.110000, 0.000000e+00,7.110000, 0.000000e+00,
7.120000, 2.146838e-05,7.120000, 3.776694e+00,7.120000, 0.000000e+00,7.120000, 0.000000e+00,
7.130000, 2.078151e-05,7.130000, 3.776655e+00,7.130000, 0.000000e+00,7.130000, 0.000000e+00,
7.140000, 2.011659e-05,7.140000, 3.776617e+00,7.140000, 0.000000e+00,7.140000, 0.000000e+00,
7.150000, 1.947289e-05,7.150000, 3.776579e+00,7.150000, 0.000000e+00,7.150000, 0.000000e+00,
7.160000, 1.884976e-05,7.160000, 3.776541e+00,7.160000, 0.000000e+00,7.160000, 0.000000e+00,
7.170000, 1.824662e-05,7.170000, 3.776503e+00,7.170000, 0.000000e+00,7.170000, 0.000000e+00,
7.180000, 1.766293e-05,7.180000, 3.776465e+00,7.180000, 0.000000e+00,7.180000, 0.000000e+00,
7.190000, 1.709791e-05,7.190000, 3.776427e+00,7.190000, 0.000000e+00,7.190000, 0.000000e+00,
7.200000, 1.655097e-05,7.200000, 3.776389e+00,7.200000, 0.000000e+00,7.200000, 0.000000e+00,
7.210000, 1.602149e-05,7.210000, 3.776351e+00,7.210000, 0.000000e+00,7.210000, 0.000000e+00,
7.220000, 1.550891e-05,7.220000, 3.776313e+00,7.220000, 0.000000e+00,7.220000, 0.000000e+00,
7.230000, 1.501271e-05,7.230000, 3.776275e+00,7.230000, 0.000000e+00,7.230000, 0.000000e+00,
7.240000, 1.453235e-05,7.240000, 3.776237e+00,7.240000, 0.000000e+00,7.240000, 0.000000e+00,
7.250000, 1.406733e-05,7.250000, 3.776199e+00,7.250000, 0.000000e+00,7.250000, 0.000000e+00,
7.260000, 1.361737e-05,7.260000, 3.776161e+00,7.260000, 0.000000e+00,7.260000, 0.000000e+00,
7.270000, 1.318178e-05,7.270000, 3.776123e+00,7.270000, 0.000000e+00,7.270000, 0.000000e+00,
7.280000, 1.276009e-05,7.280000, 3.776085e+00,7.280000, 0.000000e+00,7.280000, 0.000000e+00,
7.290000, 1.235187e-05,7.290000, 3.776047e+00,7.290000, 0.000000e+00,7.290000, 0.000000e+00,
7.300000, 1.195669e-05,7.300000, 3.776009e+00,7.300000, 0.000000e+00,7.300000, 0.000000e+00,
7.310000, 1.157412e-05,7.310000, 3.775971e+00,7.310000, 0.000000e+00,7.310000, 0.000000e+00,
7.320000, 1.120377e-05,7.320000, 3.775933e+00,7.320000, 0.000000e+00,7.320000, 0.000000e+00,
7.330000, 1.084529e-05,7.330000, 3.775896e+00,7.330000, 0.000000e+00,7.330000, 0.000000e+00,
7.340000, 1.049767e-05,7.340000, 3.809698e+00,7.340000, 0.000000e+00,7.340000, 0.000000e+00,
7.350000, 1.016088e-05,7.350000, 3.809660e+00,7.350000, 0.000000e+00,7.350000, 0.000000e+00,
7.360000, 9.834876e-06,7.360000, 3.809622e+00,7.360000, 0.000000e+00,7.360000, 0.000000e+00,
7.370000, 9.519312e-06,7.370000, 3.809584e+00,7.370000, 0.000000e+00,7.370000, 0.000000e+00,
7.380000, 9.213853e-06,7.380000, 3.809546e+00,7.380000, 0.000000e+00,7.380000, 0.000000e+00,
7.390000, 8.918178e-06,7.390000, 3.809508e+00,7.390000, 0.000000e+00,7.390000, 0.000000e+00,
7.400000, 8.631973e-06,7.400000, 3.809469e+00,7.400000, 0.000000e+00,7.400000, 0.000000e+00,
7.410000, 8.354937e-06,7.410000, 3.809431e+00,7.410000, 0.000000e+00,7.410000, 0.000000e+00,
7.420000, 8.086815e-06,7.420000, 3.809393e+00,7.420000, 0.000000e+00,7.420000, 0.000000e+00,
7.430000, 7.827363e-06,7.430000, 3.809355e+00,7.430000, 0.000000e+00,7.430000, 0.000000e+00,
7.440000, 7.576219e-06,7.440000, 3.809317e+00,7.440000, 0.000000e+00,7.440000, 0.000000e+00,
7.450000, 7.333118e-06,7.450000, 3.809279e+00,7.450000, 0.000000e+00,7.450000, 0.000000e+00,
7.460000, 7.097803e-06,7.460000, 3.809241e+00,7.460000, 0.000000e+00,7.460000, 0.000000e+00,
7.470000, 6.870057e-06,7.470000, 3.809203e+00,7.470000, 0.000000e+00,7.470000, 0.000000e+00,
7.480000, 6.649611e-06,7.480000, 3.809165e+00,7.480000, 0.000000e+00,7.480000, 0.000000e+00,
7.490000, 6.436226e-06,7.490000, 3.809127e+00,7.490000, 0.000000e+00,7.490000, 0.000000e+00,
7.500000, 6.229676e-06,7.500000, 3.809089e+00,7.500000, 0.000000e+00,7.500000, 0.000000e+00,
7.510000, 6.029833e-06,7.510000, 3.809051e+00,7.510000, 0.000000e+00,7.510000, 0.000000e+00,
7.520000, 5.836391e-06,7.520000, 3.809013e+00,7.520000, 0.000000e+00,7.520000, 0.000000e+00,
7.530000, 5.649142e-06,7.530000, 3.808975e+00,7.530000, 0.000000e+00,7.530000, 0.000000e+00,
7.540000, 5.467890e-06,7.540000, 3.808937e+00,7.540000, 0.000000e+00,7.540000, 0.000000e+00,
7.550000, 5.292442e-06,7.550000, 3.808899e+00,7.550000, 0.000000e+00,7.550000, 0.000000e+00,
7.560000, 5.122613e-06,7.560000, 3.808861e+00,7.560000, 0.000000e+00,7.560000, 0.000000e+00,
7.570000, 4.958209e-06,7.570000, 3.811870e+00,7.570000, 0.000000e+00,7.570000, 0.000000e+00,
7.580000, 4.798824e-06,7.580000, 3.827665e+00,7.580000, 0.000000e+00,7.580000, 0.000000e+00,
7.590000, 4.644594e-06,7.590000, 3.827627e+00,7.590000, 0.000000e+00,7.590000, 0.000000e+00,
7.600000, 4.495336e-06,7.600000, 3.827589e+00,7.600000, 0.000000e+00,7.600000, 0.000000e+00,
7.610000, 4.350886e-06,7.610000, 3.827551e+00,7.610000, 0.000000e+00,7.610000, 0.000000e+00,
7.620000, 4.211070e-06,7.620000, 3.827513e+00,7.620000, 0.000000e+00,7.620000, 0.000000e+00,
7.630000, 4.075739e-06,7.630000, 3.827474e+00,7.630000, 0.000000e+00,7.630000, 0.000000e+00,
7.640000, 3.944748e-06,7.640000, 3.827436e+00,7.640000, 0.000000e+00,7.640000, 0.000000e+00,
7.650000, 3.817960e-06,7.650000, 3.827398e+00,7.650000, 0.000000e+00,7.650000, 0.000000e+00,
7.660000, 3.695239e-06,7.660000, 3.827360e+00,7.660000, 0.000000e+00,7.660000, 0.000000e+00,
7.670000, 3.576474e-06,7.670000, 3.827322e+00,7.670000, 0.000000e+00,7.670000, 0.000000e+00,
7.680000, 3.461554e-06,7.680000, 3.827284e+00,7.680000, 0.000000e+00,7.680000, 0.000000e+00,
7.690000, 3.350321e-06,7.690000, 3.827246e+00,7.690000, 0.000000e+00,7.690000, 0.000000e+00,
7.700000, 3.242654e-06,7.700000, 3.827208e+00,7.700000, 0.000000e+00,7.700000, 0.000000e+00,
7.710000, 3.138442e-06,7.710000, 3.827170e+00,7.710000, 0.000000e+00,7.710000, 0.000000e+00,
7.720000, 3.037572e-06,7.720000, 3.827132e+00,7.720000, 0.000000e+00,7.720000, 0.000000e+00,
7.730000, 2.939938e-06,7.730000, 3.827093e+00,7.730000, 0.000000e+00,7.730000, 0.000000e+00,
7.740000, 2.845437e-06,7.740000, 3.827055e+00,7.740000, 0.000000e+00,7.740000, 0.000000e+00,
7.750000, 2.753980e-06,7.750000, 3.827017e+00,7.750000, 0.000000e+00,7.750000, 0.000000e+00,
7.760000, 2.665498e-06,7.760000, 3.826979e+00,7.760000, 0.000000e+00,7.760000, 0.000000e+00,
7.770000, 2.579853e-06,7.770000, 3.826941e+00,7.770000, 0.000000e+00,7.770000, 0.000000e+00,
7.780000, 2.496955e-06,7.780000, 3.826903e+00,7.780000, 0.000000e+00,7.780000, 0.000000e+00,
7.790000, 2.416716e-06,7.790000, 3.826865e+00,7.790000, 0.000000e+00,7.790000, 0.000000e+00,
7.800000, 2.339051e-06,7.800000, 3.826827e+00,7.800000, 0.000000e+00,7.800000, 0.000000e+00,
7.810000, 2.263877e-06,7.810000, 3.826789e+00,7.810000, 0.000000e+00,7.810000, 0.000000e+00,
7.820000, 2.191114e-06,7.820000, 3.826751e+00,7.820000, 0.000000e+00,7.820000, 0.000000e+00,
7.830000, 2.120685e-06,7.830000, 3.826713e+00,7.830000, 0.000000e+00,7.830000, 0.000000e+00,
7.840000, 2.052537e-06,7.840000, 3.826675e+00,7.840000, 0.000000e+00,7.840000, 0.000000e+00,
7.850000, 1.986586e-06,7.850000, 3.826637e+00,7.850000, 0.000000e+00,7.850000, 0.000000e+00,
7.860000, 1.922672e-06,7.860000, 3.851000e+00,7.860000, 0.000000e+00,7.860000, 0.000000e+00,
7.870000, 1.860752e-06,7.870000, 3.850962e+00,7.870000, 0.000000e+00,7.870000, 0.000000e+00,
7.880000, 1.800824e-06,7.880000, 3.850923e+00,7.880000, 0.000000e+00,7.880000, 0.000000e+00,
7.890000, 1.742830e-06,7.890000, 3.850885e+00,7.890000, 0.000000e+00,7.890000, 0.000000e+00,
7.900000, 1.686701e-06,7.900000, 3.850847e+00,7.900000, 0.000000e+00,7.900000, 0.000000e+00,
7.910000, 1.632376e-06,7.910000, 3.850809e+00,7.910000, 0.000000e+00,7.910000, 0.000000e+00,
7.920000, 1.579805e-06,7.920000, 3.850770e+00,7.920000, 0.000000e+00,7.920000, 0.000000e+00,
7.930000, 1.528940e-06,7.930000, 3.850732e+00,7.930000, 0.000000e+00,7.930000, 0.000000e+00,
7.940000, 1.479710e-06,7.940000, 3.850694e+00,7.940000, 0.000000e+00,7.940000, 0.000000e+00,
7.950000, 1.432061e-06,7.950000, 3.850656e+00,7.950000, 0.000000e+00,7.950000, 0.000000e+00,
7.960000, 1.385945e-06,7.960000, 3.850617e+00,7.960000, 0.000000e+00,7.960000, 0.000000e+00,
7.970000, 1.341310e-06,7.970000, 3.850579e+00,7.970000, 0.000000e+00,7.970000, 0.000000e+00,
7.980000, 1.298111e-06,7.980000, 3.850541e+00,7.980000, 0.000000e+00,7.980000, 0.000000e+00,
7.990000, 1.256300e-06,7.990000, 3.850503e+00,7.990000, 0.000000e+00,7.990000, 0.000000e+00,
8.000000, 1.215833e-06,8.000000, 3.850464e+00,8.000000, 0.000000e+00,8.000000, 0.000000e+00,
8.010000, 1.176685e-06,8.010000, 3.850426e+00,8.010000, 0.000000e+00,8.010000, 0.000000e+00,
8.020000, 1.138798e-06,8.020000, 3.850388e+00,8.020000, 0.000000e+00,8.020000, 0.000000e+00,
8.030000, 1.102131e-06,8.030000, 3.850350e+00,8.030000, 0.000000e+00,8.030000, 0.000000e+00,
8.040000, 1.066643e-06,8.040000, 3.850311e+00,8.040000, 0.000000e+00,8.040000, 0.000000e+00,
8.050000, 1.032295e-06,8.050000, 3.850273e+00,8.050000, 0.000000e+00,8.050000, 0.000000e+00,
8.060000, 9.990511e-07,8.060000, 3.850235e+00,8.060000, 0.000000e+00,8.060000, 0.000000e+00,
8.070000, 9.668759e-07,8.070000, 3.850197e+00,8.070000, 0.000000e+00,8.070000, 0.000000e+00,
8.080000, 9.357350e-07,8.080000, 3.850158e+00,8.080000, 0.000000e+00,8.080000, 0.000000e+00,
8.090000, 9.056045e-07,8.090000, 3.850120e+00,8.090000, 0.000000e+00,8.090000, 0.000000e+00,
8.100000, 8.764470e-07,8.100000, 3.850082e+00,8.100000, 0.000000e+00,8.100000, 0.000000e+00,
8.110000, 8.482265e-07,8.110000, 3.850044e+00,8.110000, 0.000000e+00,8.110000, 0.000000e+00,
8.120000, 8.209129e-07,8.120000, 3.850006e+00,8.120000, 0.000000e+00,8.120000, 0.000000e+00,
8.130000, 7.944772e-07,8.130000, 3.849967e+00,8.130000, 0.000000e+00,8.130000, 0.000000e+00,
8.140000, 7.688913e-07,8.140000, 3.849929e+00,8.140000, 0.000000e+00,8.140000, 0.000000e+00,
8.150000, 7.441278e-07,8.150000, 3.849891e+00,8.150000, 0.000000e+00,8.150000, 0.000000e+00,
8.160000, 7.201615e-07,8.160000, 3.849853e+00,8.160000, 0.000000e+00,8.160000, 0.000000e+00,
8.170000, 6.969712e-07,8.170000, 3.849814e+00,8.170000, 0.000000e+00,8.170000, 0.000000e+00,
8.180000, 6.745333e-07,8.180000, 3.849776e+00,8.180000, 0.000000e+00,8.180000, 0.000000e+00,
8.190000, 6.528164e-07,8.190000, 3.849738e+00,8.190000, 0.000000e+00,8.190000, 0.000000e+00,
8.200000, 6.317973e-07,8.200000, 3.849700e+00,8.200000, 0.000000e+00,8.200000, 0.000000e+00,
8.210000, 6.114538e-07,8.210000, 3.849662e+00,8.210000, 0.000000e+00,8.210000, 0.000000e+00,
8.220000, 5.917641e-07,8.220000, 3.849623e+00,8.220000, 0.000000e+00,8.220000, 0.000000e+00,
8.230000, 5.727072e-07,8.230000, 3.849585e+00,8.230000, 0.000000e+00,8.230000, 0.000000e+00,
8.240000, 5.542629e-07,8.240000, 3.849547e+00,8.240000, 0.000000e+00,8.240000, 0.000000e+00,
8.250000, 5.364115e-07,8.250000, 3.849509e+00,8.250000, 0.000000e+00,8.250000, 0.000000e+00,
8.260000, 5.191419e-07,8.260000, 3.849471e+00,8.260000, 0.000000e+00,8.260000, 0.000000e+00,
8.270000, 5.024274e-07,8.270000, 3.849432e+00,8.270000, 0.000000e+00,8.270000, 0.000000e+00,
8.280000, 4.862500e-07,8.280000, 3.849394e+00,8.280000, 0.000000e+00,8.280000, 0.000000e+00,
8.290000, 4.705924e-07,8.290000, 3.849356e+00,8.290000, 0.000000e+00,8.290000, 0.000000e+00,
8.300000, 4.554392e-07,8.300000, 3.849318e+00,8.300000, 0.000000e+00,8.300000, 0.000000e+00,
8.310000, 4.407739e-07,8.310000, 3.849280e+00,8.310000, 0.000000e+00,8.310000, 0.000000e+00,
8.320000, 4.265801e-07,8.320000, 3.849241e+00,8.320000, 0.000000e+00,8.320000, 0.000000e+00,
8.330000, 4.128424e-07,8.330000, 3.849203e+00,8.330000, 0.000000e+00,8.330000, 0.000000e+00,
8.340000, 3.995504e-07,8.340000, 3.849165e+00,8.340000, 0.000000e+00,8.340000, 0.000000e+00,
8.350000, 3.866876e-07,8.350000, 3.849127e+00,8.350000, 0.000000e+00,8.350000, 0.000000e+00,
8.360000, 3.742381e-07,8.360000, 3.849089e+00,8.360000, 0.000000e+00,8.360000, 0.000000e+00,
8.370000, 3.621887e-07,8.370000, 3.849051e+00,8.370000, 0.000000e+00,8.370000, 0.000000e+00,
8.380000, 3.505265e-07,8.380000, 3.849012e+00,8.380000, 0.000000e+00,8.380000, 0.000000e+00,
8.390000, 3.392391e-07,8.390000, 3.848974e+00,8.390000, 0.000000e+00,8.390000, 0.000000e+00,
8.400000, 3.283145e-07,8.400000, 3.848936e+00,8.400000, 0.000000e+00,8.400000, 0.000000e+00,
8.410000, 3.177410e-07,8.410000, 3.848898e+00,8.410000, 0.000000e+00,8.410000, 0.000000e+00,
8.420000, 3.075090e-07,8.420000, 3.848860e+00,8.420000, 0.000000e+00,8.420000, 0.000000e+00,
8.430000, 2.976090e-07,8.430000, 3.848821e+00,8.430000, 0.000000e+00,8.430000, 0.000000e+00,
8.440000, 2.880279e-07,8.440000, 3.848783e+00,8.440000, 0.000000e+00,8.440000, 0.000000e+00,
8.450000, 2.787551e-07,8.450000, 3.848745e+00,8.450000, 0.000000e+00,8.450000, 0.000000e+00,
8.460000, 2.697803e-07,8.460000, 3.848707e+00,8.460000, 0.000000e+00,8.460000, 0.000000e+00,
8.470000, 2.610940e-07,8.470000, 3.848669e+00,8.470000, 0.000000e+00,8.470000, 0.000000e+00,
8.480000, 2.526868e-07,8.480000, 3.848631e+00,8.480000, 0.000000e+00,8.480000, 0.000000e+00,
8.490000, 2.445498e-07,8.490000, 3.848592e+00,8.490000, 0.000000e+00,8.490000, 0.000000e+00,
8.500000, 2.366743e-07,8.500000, 3.848554e+00,8.500000, 0.000000e+00,8.500000, 0.000000e+00,
8.510000, 2.290555e-07,8.510000, 3.848516e+00,8.510000, 0.000000e+00,8.510000, 0.000000e+00,
8.520000, 2.216815e-07,8.520000, 3.848478e+00,8.520000, 0.000000e+00,8.520000, 0.000000e+00,
8.530000, 2.145445e-07,8.530000, 3.848440e+00,8.530000, 0.000000e+00,8.530000, 0.000000e+00,
8.540000, 2.076368e-07,8.540000, 3.848402e+00,8.540000, 0.000000e+00,8.540000, 0.000000e+00,
8.550000, 2.009511e-07,8.550000, 3.848363e+00,8.550000, 0.000000e+00,8.550000, 0.000000e+00,
8.560000, 1.944803e-07,8.560000, 3.848325e+00,8.560000, 0.000000e+00,8.560000, 0.000000e+00,
8.570000, 1.882174e-07,8.570000, 3.848287e+00,8.570000, 0.000000e+00,8.570000, 0.000000e+00,
8.580000, 1.821565e-07,8.580000, 3.848249e+00,8.580000, 0.000000e+00,8.580000, 0.000000e+00,
8.590000, 1.762923e-07,8.590000, 3.848211e+00,8.590000, 0.000000e+00,8.590000, 0.000000e+00,
8.600000, 1.706175e-07,8.600000, 3.848173e+00,8.600000, 0.000000e+00,8.600000, 0.000000e+00,
8.610000, 1.651251e-07,8.610000, 3.848134e+00,8.610000, 0.000000e+00,8.610000, 0.000000e+00,
8.620000, 1.598091e-07,8.620000, 3.848096e+00,8.620000, 0.000000e+00,8.620000, 0.000000e+00,
8.630000, 1.546639e-07,8.630000, 3.848058e+00,8.630000, 0.000000e+00,8.630000, 0.000000e+00,
8.640000, 1.496841e-07,8.640000, 3.848020e+00,8.640000, 0.000000e+00,8.640000, 0.000000e+00,
8.650000, 1.448643e-07,8.650000, 3.847982e+00,8.650000, 0.000000e+00,8.650000, 0.000000e+00,
8.660000, 1.401995e-07,8.660000, 3.847944e+00,8.660000, 0.000000e+00,8.660000, 0.000000e+00,
8.670000, 1.356843e-07,8.670000, 3.855786e+00,8.670000, 0.000000e+00,8.670000, 0.000000e+00,
8.680000, 1.313134e-07,8.680000, 3.856062e+00,8.680000, 0.000000e+00,8.680000, 0.000000e+00,
8.690000, 1.270830e-07,8.690000, 3.856024e+00,8.690000, 0.000000e+00,8.690000, 0.000000e+00,
8.700000, 1.229886e-07,8.700000, 3.855986e+00,8.700000, 0.000000e+00,8.700000, 0.000000e+00,
8.710000, 1.190260e-07,8.710000, 3.855947e+00,8.710000, 0.000000e+00,8.710000, 0.000000e+00,
8.720000, 1.151912e-07,8.720000, 3.855909e+00,8.720000, 0.000000e+00,8.720000, 0.000000e+00,
8.730000, 1.114798e-07,8.730000, 3.855871e+00,8.730000, 0.000000e+00,8.730000, 0.000000e+00,
8.740000, 1.078878e-07,8.740000, 3.855833e+00,8.740000, 0.000000e+00,8.740000, 0.000000e+00,
8.750000, 1.044113e-07,8.750000, 3.855794e+00,8.750000, 0.000000e+00,8.750000, 0.000000e+00,
8.760000, 1.010481e-07,8.760000, 3.855756e+00,8.760000, 0.000000e+00,8.760000, 0.000000e+00,
8.770000, 9.779313e-08,8.770000, 3.855718e+00,8.770000, 0.000000e+00,8.770000, 0.000000e+00,
8.780000, 9.464279e-08,8.780000, 3.855680e+00,8.780000, 0.000000e+00,8.780000, 0.000000e+00,
8.790000, 9.159374e-08,8.790000, 3.855642e+00,8.790000, 0.000000e+00,8.790000, 0.000000e+00,
8.800000, 8.864274e-08,8.800000, 3.855603e+00,8.800000, 0.000000e+00,8.800000, 0.000000e+00,
8.810000, 8.578664e-08,8.810000, 3.855565e+00,8.810000, 0.000000e+00,8.810000, 0.000000e+00,
8.820000, 8.302240e-08,8.820000, 3.855527e+00,8.820000, 0.000000e+00,8.820000, 0.000000e+00,
8.830000, 8.034705e-08,8.830000, 3.855489e+00,8.830000, 0.000000e+00,8.830000, 0.000000e+00,
8.840000, 7.775855e-08,8.840000, 3.855450e+00,8.840000, 0.000000e+00,8.840000, 0.000000e+00,
8.850000, 7.525369e-08,8.850000, 3.855412e+00,8.850000, 0.000000e+00,8.850000, 0.000000e+00,
8.860000, 7.282967e-08,8.860000, 3.855374e+00,8.860000, 0.000000e+00,8.860000, 0.000000e+00,
8.870000, 7.048307e-08,8.870000, 3.860217e+00,8.870000, 0.000000e+00,8.870000, 0.000000e+00,
8.880000, 6.821149e-08,8.880000, 3.860179e+00,8.880000, 0.000000e+00,8.880000, 0.000000e+00,
8.890000, 6.601297e-08,8.890000, 3.860140e+00,8.890000, 0.000000e+00,8.890000, 0.000000e+00,
8.900000, 6.388519e-08,8.900000, 3.860102e+00,8.900000, 0.000000e+00,8.900000, 0.000000e+00,
8.910000, 6.182586e-08,8.910000, 3.860064e+00,8.910000, 0.000000e+00,8.910000, 0.000000e+00,
8.920000, 5.983309e-08,8.920000, 3.860026e+00,8.920000, 0.000000e+00,8.920000, 0.000000e+00,
8.930000, 5.790504e-08,8.930000, 3.859987e+00,8.930000, 0.000000e+00,8.930000, 0.000000e+00,
8.940000, 5.603900e-08,8.940000, 3.859949e+00,8.940000, 0.000000e+00,8.940000, 0.000000e+00,
8.950000, 5.423298e-08,8.950000, 3.859911e+00,8.950000, 0.000000e+00,8.950000, 0.000000e+00,
8.960000, 5.248506e-08,8.960000, 3.859873e+00,8.960000, 0.000000e+00,8.960000, 0.000000e+00,
8.970000, 5.079337e-08,8.970000, 3.859834e+00,8.970000, 0.000000e+00,8.970000, 0.000000e+00,
8.980000, 4.915610e-08,8.980000, 3.859796e+00,8.980000, 0.000000e+00,8.980000, 0.000000e+00,
8.990000, 4.757152e-08,8.990000, 3.859758e+00,8.990000, 0.000000e+00,8.990000, 0.000000e+00,
9.000000, 4.603813e-08,9.000000, 3.859720e+00,9.000000, 0.000000e+00,9.000000, 0.000000e+00,
9.010000, 4.455476e-08,9.010000, 3.859681e+00,9.010000, 0.000000e+00,9.010000, 0.000000e+00,
9.020000, 4.311910e-08,9.020000, 3.859643e+00,9.020000, 0.000000e+00,9.020000, 0.000000e+00,
9.030000, 4.172961e-08,9.030000, 3.859605e+00,9.030000, 0.000000e+00,9.030000, 0.000000e+00,
9.040000, 4.038482e-08,9.040000, 3.859567e+00,9.040000, 0.000000e+00,9.040000, 0.000000e+00,
9.050000, 3.908328e-08,9.050000, 3.859528e+00,9.050000, 0.000000e+00,9.050000, 0.000000e+00,
9.060000, 3.782361e-08,9.060000, 3.859490e+00,9.060000, 0.000000e+00,9.060000, 0.000000e+00,
9.070000, 3.660446e-08,9.070000, 3.859452e+00,9.070000, 0.000000e+00,9.070000, 0.000000e+00,
9.080000, 3.542454e-08,9.080000, 3.859414e+00,9.080000, 0.000000e+00,9.080000, 0.000000e+00,
9.090000, 3.428292e-08,9.090000, 3.859375e+00,9.090000, 0.000000e+00,9.090000, 0.000000e+00,
9.100000, 3.317821e-08,9.100000, 3.859337e+00,9.100000, 0.000000e+00,9.100000, 0.000000e+00,
9.110000, 3.210903e-08,9.110000, 3.859299e+00,9.110000, 0.000000e+00,9.110000, 0.000000e+00,
9.120000, 3.107423e-08,9.120000, 3.859261e+00,9.120000, 0.000000e+00,9.120000, 0.000000e+00,
9.130000, 3.007275e-08,9.130000, 3.859222e+00,9.130000, 0.000000e+00,9.130000, 0.000000e+00,
9.140000, 2.910359e-08,9.140000, 3.859184e+00,9.140000, 0.000000e+00,9.140000, 0.000000e+00,
9.150000, 2.816561e-08,9.150000, 3.859146e+00,9.150000, 0.000000e+00,9.150000, 0.000000e+00,
9.160000, 2.725780e-08,9.160000, 3.859108e+00,9.160000, 0.000000e+00,9.160000, 0.000000e+00,
9.170000, 2.637932e-08,9.170000, 3.859069e+00,9.170000, 0.000000e+00,9.170000, 0.000000e+00,
9.180000, 2.552938e-08,9.180000, 3.859031e+00,9.180000, 0.000000e+00,9.180000, 0.000000e+00,
9.190000, 2.470677e-08,9.190000, 3.858993e+00,9.190000, 0.000000e+00,9.190000, 0.000000e+00,
9.200000, 2.391061e-08,9.200000, 3.858955e+00,9.200000, 0.000000e+00,9.200000, 0.000000e+00,
9.210000, 2.314007e-08,9.210000, 3.858916e+00,9.210000, 0.000000e+00,9.210000, 0.000000e+00,
9.220000, 2.239430e-08,9.220000, 3.858878e+00,9.220000, 0.000000e+00,9.220000, 0.000000e+00,
9.230000, 2.167253e-08,9.230000, 3.858840e+00,9.230000, 0.000000e+00,9.230000, 0.000000e+00,
9.240000, 2.097398e-08,9.240000, 3.858802e+00,9.240000, 0.000000e+00,9.240000, 0.000000e+00,
9.250000, 2.029790e-08,9.250000, 3.858763e+00,9.250000, 0.000000e+00,9.250000, 0.000000e+00,
9.260000, 1.964387e-08,9.260000, 3.858725e+00,9.260000, 0.000000e+00,9.260000, 0.000000e+00,
9.270000, 1.901091e-08,9.270000, 3.858687e+00,9.270000, 0.000000e+00,9.270000, 0.000000e+00,
9.280000, 1.839836e-08,9.280000, 3.858649e+00,9.280000, 0.000000e+00,9.280000, 0.000000e+00,
9.290000, 1.780551e-08,9.290000, 3.858610e+00,9.290000, 0.000000e+00,9.290000, 0.000000e+00,
9.300000, 1.723173e-08,9.300000, 3.858572e+00,9.300000, 0.000000e+00,9.300000, 0.000000e+00,
9.310000, 1.667641e-08,9.310000, 3.858534e+00,9.310000, 0.000000e+00,9.310000, 0.000000e+00,
9.320000, 1.613894e-08,9.320000, 3.858496e+00,9.320000, 0.000000e+00,9.320000, 0.000000e+00,
9.330000, 1.561877e-08,9.330000, 3.858458e+00,9.330000, 0.000000e+00,9.330000, 0.000000e+00,
9.340000, 1.511549e-08,9.340000, 3.858419e+00,9.340000, 0.000000e+00,9.340000, 0.000000e+00,
9.350000, 1.462847e-08,9.350000, 3.858381e+00,9.350000, 0.000000e+00,9.350000, 0.000000e+00,
9.360000, 1.415711e-08,9.360000, 3.858343e+00,9.360000, 0.000000e+00,9.360000, 0.000000e+00,
9.370000, 1.370091e-08,9.370000, 3.858305e+00,9.370000, 0.000000e+00,9.370000, 0.000000e+00,
9.380000, 1.325939e-08,9.380000, 3.858266e+00,9.380000, 0.000000e+00,9.380000, 0.000000e+00,
9.390000, 1.283207e-08,9.390000, 3.858228e+00,9.390000, 0.000000e+00,9.390000, 0.000000e+00,
9.400000, 1.241849e-08,9.400000, 3.858190e+00,9.400000, 0.000000e+00,9.400000, 0.000000e+00,
9.410000, 1.201824e-08,9.410000, 3.858152e+00,9.410000, 0.000000e+00,9.410000, 0.000000e+00,
9.420000, 1.163095e-08,9.420000, 3.858114e+00,9.420000, 0.000000e+00,9.420000, 0.000000e+00,
9.430000, 1.125624e-08,9.430000, 3.858075e+00,9.430000, 0.000000e+00,9.430000, 0.000000e+00,
9.440000, 1.089358e-08,9.440000, 3.858037e+00,9.440000, 0.000000e+00,9.440000, 0.000000e+00,
9.450000, 1.054258e-08,9.450000, 3.857999e+00,9.450000, 0.000000e+00,9.450000, 0.000000e+00,
9.460000, 1.020287e-08,9.460000, 3.857961e+00,9.460000, 0.000000e+00,9.460000, 0.000000e+00,
9.470000, 9.874090e-09,9.470000, 3.857922e+00,9.470000, 0.000000e+00,9.470000, 0.000000e+00,
9.480000, 9.555881e-09,9.480000, 3.857884e+00,9.480000, 0.000000e+00,9.480000, 0.000000e+00,
9.490000, 9.247908e-09,9.490000, 3.857846e+00,9.490000, 0.000000e+00,9.490000, 0.000000e+00,
9.500000, 8.949842e-09,9.500000, 3.857808e+00,9.500000, 0.000000e+00,9.500000, 0.000000e+00,
9.510000, 8.661497e-09,9.510000, 3.857770e+00,9.510000, 0.000000e+00,9.510000, 0.000000e+00,
9.520000, 8.382171e-09,9.520000, 3.869178e+00,9.520000, 0.000000e+00,9.520000, 0.000000e+00,
9.530000, 8.111813e-09,9.530000, 3.869139e+00,9.530000, 0.000000e+00,9.530000, 0.000000e+00,
9.540000, 7.850159e-09,9.540000, 3.869101e+00,9.540000, 0.000000e+00,9.540000, 0.000000e+00,
9.550000, 7.596947e-09,9.550000, 3.869063e+00,9.550000, 0.000000e+00,9.550000, 0.000000e+00,
9.560000, 7.351906e-09,9.560000, 3.869024e+00,9.560000, 0.000000e+00,9.560000, 0.000000e+00,
9.570000, 7.114754e-09,9.570000, 3.868986e+00,9.570000, 0.000000e+00,9.570000, 0.000000e+00,
9.580000, 6.885238e-09,9.580000, 3.868948e+00,9.580000, 0.000000e+00,9.580000, 0.000000e+00,
9.590000, 6.663179e-09,9.590000, 3.868909e+00,9.590000, 0.000000e+00,9.590000, 0.000000e+00,
9.600000, 6.448304e-09,9.600000, 3.868871e+00,9.600000, 0.000000e+00,9.600000, 0.000000e+00,
9.610000, 6.240344e-09,9.610000, 3.868833e+00,9.610000, 0.000000e+00,9.610000, 0.000000e+00,
9.620000, 6.039079e-09,9.620000, 3.868795e+00,9.620000, 0.000000e+00,9.620000, 0.000000e+00,
9.630000, 5.844293e-09,9.630000, 3.868756e+00,9.630000, 0.000000e+00,9.630000, 0.000000e+00,
9.640000, 5.655778e-09,9.640000, 3.868718e+00,9.640000, 0.000000e+00,9.640000, 0.000000e+00,
9.650000, 5.473333e-09,9.650000, 3.868680e+00,9.650000, 0.000000e+00,9.650000, 0.000000e+00,
9.660000, 5.296721e-09,9.660000, 3.876852e+00,9.660000, 0.000000e+00,9.660000, 0.000000e+00,
9.670000, 5.125740e-09,9.670000, 3.876814e+00,9.670000, 0.000000e+00,9.670000, 0.000000e+00,
9.680000, 4.960321e-09,9.680000, 3.876775e+00,9.680000, 0.000000e+00,9.680000, 0.000000e+00,
9.690000, 4.800244e-09,9.690000, 3.876737e+00,9.690000, 0.000000e+00,9.690000, 0.000000e+00,
9.700000, 4.645332e-09,9.700000, 3.876699e+00,9.700000, 0.000000e+00,9.700000, 0.000000e+00,
9.710000, 4.495410e-09,9.710000, 3.876660e+00,9.710000, 0.000000e+00,9.710000, 0.000000e+00,
9.720000, 4.350317e-09,9.720000, 3.876622e+00,9.720000, 0.000000e+00,9.720000, 0.000000e+00,
9.730000, 4.209898e-09,9.730000, 3.876583e+00,9.730000, 0.000000e+00,9.730000, 0.000000e+00,
9.740000, 4.074004e-09,9.740000, 3.876545e+00,9.740000, 0.000000e+00,9.740000, 0.000000e+00,
9.750000, 3.942488e-09,9.750000, 3.876507e+00,9.750000, 0.000000e+00,9.750000, 0.000000e+00,
9.760000, 3.815268e-09,9.760000, 3.876468e+00,9.760000, 0.000000e+00,9.760000, 0.000000e+00,
9.770000, 3.692146e-09,9.770000, 3.876430e+00,9.770000, 0.000000e+00,9.770000, 0.000000e+00,
9.780000, 3.572991e-09,9.780000, 3.876391e+00,9.780000, 0.000000e+00,9.780000, 0.000000e+00,
9.790000, 3.457673e-09,9.790000, 3.876353e+00,9.790000, 0.000000e+00,9.790000, 0.000000e+00,
9.800000, 3.346070e-09,9.800000, 3.876315e+00,9.800000, 0.000000e+00,9.800000, 0.000000e+00,
9.810000, 3.238063e-09,9.810000, 3.876276e+00,9.810000, 0.000000e+00,9.810000, 0.000000e+00,
9.820000, 3.133536e-09,9.820000, 3.876238e+00,9.820000, 0.000000e+00,9.820000, 0.000000e+00,
9.830000, 3.032386e-09,9.830000, 3.876200e+00,9.830000, 0.000000e+00,9.830000, 0.000000e+00,
9.840000, 2.934529e-09,9.840000, 3.876161e+00,9.840000, 0.000000e+00,9.840000, 0.000000e+00,
9.850000, 2.839839e-09,9.850000, 3.876123e+00,9.850000, 0.000000e+00,9.850000, 0.000000e+00,
9.860000, 2.748199e-09,9.860000, 3.876084e+00,9.860000, 0.000000e+00,9.860000, 0.000000e+00,
9.870000, 2.659511e-09,9.870000, 3.876046e+00,9.870000, 0.000000e+00,9.870000, 0.000000e+00,
9.880000, 2.573679e-09,9.880000, 3.876008e+00,9.880000, 0.000000e+00,9.880000, 0.000000e+00,
9.890000, 2.490612e-09,9.890000, 3.875969e+00,9.890000, 0.000000e+00,9.890000, 0.000000e+00,
9.900000, 2.410222e-09,9.900000, 3.875931e+00,9.900000, 0.000000e+00,9.900000, 0.000000e+00,
9.910000, 2.332421e-09,9.910000, 3.875892e+00,9.910000, 0.000000e+00,9.910000, 0.000000e+00,
9.920000, 2.257138e-09,9.920000, 3.875854e+00,9.920000, 0.000000e+00,9.920000, 0.000000e+00,
9.930000, 2.184303e-09,9.930000, 3.875816e+00,9.930000, 0.000000e+00,9.930000, 0.000000e+00,
9.940000, 2.113815e-09,9.940000, 3.875777e+00,9.940000, 0.000000e+00,9.940000, 0.000000e+00,
9.950000, 2.045597e-09,9.950000, 3.875739e+00,9.950000, 0.000000e+00,9.950000, 0.000000e+00,
9.960000, 1.979576e-09,9.960000, 3.875701e+00,9.960000, 0.000000e+00,9.960000, 0.000000e+00,
9.970000, 1.915689e-09,9.970000, 3.875662e+00,9.970000, 0.000000e+00,9.970000, 0.000000e+00,
9.980000, 1.853862e-09,9.980000, 3.875624e+00,9.980000, 0.000000e+00,9.980000, 0.000000e+00,
9.990000, 1.794026e-09,9.990000, 3.875585e+00,9.990000, 0.000000e+00,9.990000, 0.000000e+00,
10.000000, 1.736118e-09,10.000000, 3.875547e+00,10.000000, 0.000000e+00,10.000000, 0.000000e+00,
