//t, S_Waste Storage, t, S_Effluent Storage, t, S_Clarifier Bottom, t, S_Clarifier top, t, S_Aeration tank, 
0.000000, 0.000000e+000,0.000000, 0.000000e+000,0.000000, 0.000000e+000,0.000000, 0.000000e+000,0.000000, 0.000000e+000,
0.000000, 9.787500e+000,0.000000, 1.048828e+003,0.000000, 5.273559e-016,0.000000, 4.511946e-013,0.000000, -1.818989e-012,
0.000000, -3.750000e-002,0.000000, -5.578500e+000,0.000000, 0.000000e+000,0.000000, -3.552714e-015,0.000000, 3.552714e-015,
0.000000, 2.990363e-001,0.000000, 9.185952e+001,0.000000, 5.204170e-018,0.000000, 0.000000e+000,0.000000, 1.665335e-016,
0.000000, -1.200937e-003,0.000000, -5.603991e-001,0.000000, 6.071532e-018,0.000000, 0.000000e+000,0.000000, 0.000000e+000,
0.000000, 5.948086e-003,0.000000, 8.333812e+000,0.000000, -4.547472e-013,0.000000, 0.000000e+000,0.000000, 1.886512e-017,
0.000000, -1.054688e-005,0.000000, -5.614945e-002,0.000000, -4.547476e-013,0.000000, 0.000000e+000,0.000000, 1.819034e-012,
0.000013, -5.859375e-007,0.000013, -7.019941e-002,0.000013, -2.541099e-021,0.000013, 0.000000e+000,0.000013, -3.144186e-017,
0.000028, 9.412838e-006,0.000028, 3.469855e-001,0.000028, 6.749794e-022,0.000028, 0.000000e+000,0.000028, -2.109112e-019,
0.000028, 1.198213e-007,0.000028, 3.179923e-003,0.000028, 1.919059e-022,0.000028, -1.084202e-019,0.000028, -1.818989e-012,
0.000028, -7.801808e-009,0.000028, -2.062652e-004,0.000028, 4.547474e-013,0.000028, 0.000000e+000,0.000028, 1.863472e-020,
0.000028, -9.766489e-009,0.000028, -2.578315e-004,0.000028, -4.499863e-022,0.000028, -2.168404e-019,0.000028, 1.876178e-019,
0.000028, -1.223034e-008,0.000028, -3.222894e-004,0.000028, 1.058791e-022,0.000028, 0.000000e+000,0.000028, -6.098637e-020,
0.000029, -1.532267e-008,0.000029, -4.028617e-004,0.000029, -7.940934e-023,0.000029, 0.000000e+000,0.000029, 2.930734e-019,
0.000029, -1.920761e-008,0.000029, -5.035771e-004,0.000029, -3.176374e-022,0.000029, 0.000000e+000,0.000029, 6.776264e-020,
0.000029, -2.409432e-008,0.000029, -6.294713e-004,0.000029, -4.547474e-013,0.000029, 4.547474e-013,0.000029, 3.176374e-019,
0.000029, -3.025041e-008,0.000029, -7.868389e-004,0.000029, 2.646978e-022,0.000029, -8.673617e-019,0.000029, 5.090668e-019,
0.000029, -3.802006e-008,0.000029, -9.835485e-004,0.000029, -1.482308e-021,0.000029, -1.734723e-018,0.000029, 6.572976e-019,
0.000029, -4.784859e-008,0.000029, -1.229435e-003,0.000029, -4.547474e-013,0.000029, 0.000000e+000,0.000029, 1.592422e-019,
0.000030, -6.031623e-008,0.000030, -1.536794e-003,0.000030, 4.547474e-013,0.000030, 8.673617e-019,0.000030, -1.016440e-019,
0.000030, -7.618512e-008,0.000030, -1.920991e-003,0.000030, 1.958764e-021,0.000030, 4.547456e-013,0.000030, -1.818988e-012,
0.000030, -9.646552e-008,0.000030, -2.401238e-003,0.000030, 1.694066e-021,0.000030, -1.734723e-018,0.000030, -3.388132e-021,
0.000031, -1.225102e-007,0.000031, -3.001545e-003,0.000031, -7.411538e-021,0.000031, 1.734723e-018,0.000031, 1.818988e-012,
0.000031, -1.561507e-007,0.000031, -3.751929e-003,0.000031, 6.564505e-021,0.000031, 0.000000e+000,0.000031, -1.158741e-018,
0.000032, -1.998962e-007,0.000032, -4.689906e-003,0.000032, 4.547474e-013,0.000032, 0.000000e+000,0.000032, -1.551764e-018,
0.000033, -2.572261e-007,0.000033, -5.862375e-003,0.000033, -6.988022e-021,0.000033, 0.000000e+000,0.000033, -3.306817e-018,
0.000035, -3.330262e-007,0.000035, -7.327957e-003,0.000035, -2.329341e-021,0.000035, -6.938894e-018,0.000035, 6.464555e-018,
0.000036, -4.342414e-007,0.000036, -9.159929e-003,0.000036, 3.388132e-021,0.000036, 0.000000e+000,0.000036, 5.136408e-018,
0.000038, -5.708623e-007,0.000038, -1.144988e-002,0.000038, -2.202286e-020,0.000038, -6.938894e-018,0.000038, 1.924459e-018,
0.000041, -7.574223e-007,0.000041, -1.431231e-002,0.000041, 3.811648e-021,0.000041, 0.000000e+000,0.000041, 1.000177e-017,
0.000044, -1.015285e-006,0.000044, -1.789032e-002,0.000044, 4.547474e-013,0.000044, 0.000000e+000,0.000044, 1.818993e-012,
0.000048, -1.376148e-006,0.000048, -2.236279e-002,0.000048, -4.547473e-013,0.000048, 4.547612e-013,0.000048, -8.131516e-018,
0.000053, 6.776264e-021,0.000053, 1.110223e-016,0.000053, 2.032879e-020,0.000053, 0.000000e+000,0.000053, -1.818986e-012,
0.000058, -6.776264e-021,0.000058, -9.714451e-017,0.000058, 3.388132e-020,0.000058, -1.387779e-017,0.000058, -1.818994e-012,
0.000063, -2.259113e-006,0.000063, -2.795295e-002,0.000063, 4.547474e-013,0.000063, -4.547474e-013,0.000063, 2.222614e-017,
0.000069, -3.085225e-006,0.000069, -3.494093e-002,0.000069, 1.185846e-019,0.000069, -4.547196e-013,0.000069, -1.301043e-017,
0.000077, -4.264865e-006,0.000077, -4.367575e-002,0.000077, 4.743385e-020,0.000077, 5.551115e-017,0.000077, -1.875670e-017,
0.000087, -5.969102e-006,0.000087, -5.459405e-002,0.000087, 8.809143e-020,0.000087, -4.547474e-013,0.000087, -1.626303e-017,
0.000099, -8.458286e-006,0.000099, -6.824156e-002,0.000099, -1.423015e-019,0.000099, -5.551115e-017,0.000099, 1.819023e-012,
0.000114, -1.355253e-020,0.000114, 0.000000e+000,0.000114, 4.547471e-013,0.000114, 5.551115e-017,0.000114, 6.505213e-018,
0.000129, -1.386127e-005,0.000129, -8.529867e-002,0.000129, -2.710505e-020,0.000129, -5.551115e-017,0.000129, 9.540979e-018,
0.000148, -1.976045e-005,0.000148, -1.066209e-001,0.000148, -4.547472e-013,0.000148, -1.110223e-016,0.000148, 3.295975e-017,
0.000172, -2.850346e-005,0.000172, -1.332723e-001,0.000172, 4.547482e-013,0.000172, 1.110223e-016,0.000172, -5.811324e-017,
0.000202, -1.662854e-006,0.000202, -6.663378e-003,0.000202, -1.321371e-019,0.000202, -4.547335e-013,0.000202, 1.818977e-012,
0.000205, -1.990367e-006,0.000205, -7.329555e-003,0.000205, -4.547472e-013,0.000205, 4.547474e-013,0.000205, 2.168404e-019,
0.000209, -4.237363e-007,0.000209, -1.534539e-003,0.000209, -1.219727e-019,0.000209, 0.000000e+000,0.000209, 3.903128e-018,
0.000212, -2.308462e-006,0.000212, -8.215888e-003,0.000212, -1.965116e-019,0.000212, 4.547474e-013,0.000212, -1.257675e-017,
0.000216, -2.585683e-006,0.000216, -9.037430e-003,0.000216, -6.437450e-020,0.000216, 0.000000e+000,0.000216, 5.637851e-018,
0.000221, -2.900365e-006,0.000221, -9.941117e-003,0.000221, -4.547475e-013,0.000221, 0.000000e+000,0.000221, -1.366095e-017,
0.000225, -3.258298e-006,0.000225, -1.093516e-002,0.000225, 4.547476e-013,0.000225, 0.000000e+000,0.000225, -1.105886e-017,
0.000231, -3.666284e-006,0.000231, -1.202859e-002,0.000231, -1.423015e-019,0.000231, -2.775558e-017,0.000231, 3.491131e-017,
0.000237, -4.132321e-006,0.000237, -1.323135e-002,0.000237, -3.455894e-019,0.000237, 4.547751e-013,0.000237, -1.214306e-017,
0.000243, -4.665837e-006,0.000243, -1.455437e-002,0.000243, 1.965116e-019,0.000243, -2.775558e-017,0.000243, 2.168404e-017,
0.000250, -5.277965e-006,0.000250, -1.600966e-002,0.000250, -2.913793e-019,0.000250, 2.775558e-017,0.000250, 2.168404e-018,
0.000258, -5.981870e-006,0.000258, -1.761045e-002,0.000258, -1.355253e-019,0.000258, -2.775558e-017,0.000258, 8.673617e-018,
0.000267, -6.793148e-006,0.000267, -1.937128e-002,0.000267, 5.421011e-020,0.000267, -2.775558e-017,0.000267, -2.602085e-018,
0.000276, -7.730303e-006,0.000276, -2.130815e-002,0.000276, 6.098637e-019,0.000276, -2.775558e-017,0.000276, 1.821460e-017,
0.000287, -8.815319e-006,0.000287, -2.343866e-002,0.000287, -4.547482e-013,0.000287, 4.547474e-013,0.000287, -1.818960e-012,
0.000298, -1.007435e-005,0.000298, -2.578215e-002,0.000298, -7.995991e-019,0.000298, 5.551115e-017,0.000298, -6.938894e-018,
0.000311, -1.153857e-005,0.000311, -2.835990e-002,0.000311, 2.168404e-019,0.000311, -4.547474e-013,0.000311, -3.469447e-018,
0.000325, -1.324513e-005,0.000325, -3.119534e-002,0.000325, 4.547469e-013,0.000325, -4.548029e-013,0.000325, 1.819006e-012,
0.000340, -1.523841e-005,0.000340, -3.431421e-002,0.000340, 3.794708e-019,0.000340, -5.551115e-017,0.000340, -2.602085e-018,
0.000357, -1.757147e-005,0.000357, -3.774482e-002,0.000357, -1.328148e-018,0.000357, 0.000000e+000,0.000357, -1.818962e-012,
0.000375, -2.030776e-005,0.000375, -4.151832e-002,0.000375, -4.547490e-013,0.000375, 0.000000e+000,0.000375, 5.377643e-017,
0.000396, -2.352331e-005,0.000396, -4.566897e-002,0.000396, 4.878910e-019,0.000396, 0.000000e+000,0.000396, -1.819005e-012,
0.000418, -2.730921e-005,0.000418, -5.023443e-002,0.000418, 4.547426e-013,0.000418, -4.547474e-013,0.000418, -1.422473e-016,
0.000443, -3.177475e-005,0.000443, -5.525614e-002,0.000443, -2.873136e-018,0.000443, 1.110223e-016,0.000443, -8.326673e-017,
0.000470, -3.705111e-005,0.000470, -6.077966e-002,0.000470, 4.547458e-013,0.000470, 0.000000e+000,0.000470, -2.428613e-017,
0.000500, -4.329588e-005,0.000500, -6.685508e-002,0.000500, 2.873136e-018,0.000500, -1.110223e-016,0.000500, -1.818896e-012,
0.000532, -5.069845e-005,0.000532, -7.353752e-002,0.000532, 1.734723e-018,0.000532, 0.000000e+000,0.000532, 5.898060e-017,
0.000568, -5.948660e-005,0.000568, -8.088755e-002,0.000568, 5.746272e-018,0.000568, 0.000000e+000,0.000568, 1.734723e-017,
0.000608, -6.993442e-005,0.000608, -8.897181e-002,0.000608, -4.547474e-013,0.000608, 4.546363e-013,0.000608, 7.632783e-017,
0.000652, -8.237184e-005,0.000652, -9.786354e-002,0.000652, 5.746272e-018,0.000652, 4.547474e-013,0.000652, 2.081668e-017,
0.000699, -9.719623e-005,0.000699, -1.076433e-001,0.000699, 3.686287e-018,0.000699, 2.220446e-016,0.000699, -1.249001e-016,
0.000752, -1.148864e-004,0.000752, -1.183997e-001,0.000752, 6.505213e-019,0.000752, -2.220446e-016,0.000752, -1.818913e-012,
0.000810, -1.360194e-004,0.000810, -1.302300e-001,0.000810, -4.119968e-018,0.000810, 4.543033e-013,0.000810, -1.818837e-012,
0.000874, -1.612909e-004,0.000874, -1.432413e-001,0.000874, -4.770490e-018,0.000874, 4.547474e-013,0.000874, 0.000000e+000,
0.000944, -1.915403e-004,0.000944, -1.575513e-001,0.000944, -1.301043e-017,0.000944, -4.549694e-013,0.000944, 8.326673e-017,
0.001022, -2.277799e-004,0.001022, -1.732894e-001,0.001022, -2.602085e-018,0.001022, 0.000000e+000,0.001022, 1.387779e-016,
0.001107, -2.712314e-004,0.001107, -1.905976e-001,0.001107, 2.168404e-017,0.001107, 0.000000e+000,0.001107, 1.818962e-012,
0.001200, -3.233694e-004,0.001200, -2.096324e-001,0.001200, -2.602085e-017,0.001200, 0.000000e+000,0.001200, 2.775558e-016,
0.001303, -3.859744e-004,0.001303, -2.305654e-001,0.001303, 4.547413e-013,0.001303, 4.440892e-016,0.001303, -4.996004e-016,
0.001416, -4.611962e-004,0.001416, -2.535853e-001,0.001416, 3.469447e-018,0.001416, 0.000000e+000,0.001416, -1.665335e-016,
0.001540, -5.516313e-004,0.001540, -2.788995e-001,0.001540, -1.387779e-017,0.001540, 8.881784e-016,0.001540, -2.220446e-016,
0.001677, -6.604162e-004,0.001677, -3.067358e-001,0.001677, -9.540979e-018,0.001677, 0.000000e+000,0.001677, 0.000000e+000,
0.001828, -7.913401e-004,0.001828, -3.373445e-001,0.001828, 3.642919e-017,0.001828, 0.000000e+000,0.001828, 1.110223e-016,
0.001993, -9.489817e-004,0.001993, -3.710005e-001,0.001993, -4.547977e-013,0.001993, 0.000000e+000,0.001993, -5.551115e-016,
0.002175, -1.138874e-003,0.002175, -4.080055e-001,0.002175, 1.214306e-017,0.002175, 8.881784e-016,0.002175, -6.661338e-016,
0.002376, -1.367704e-003,0.002376, -4.486911e-001,0.002376, -1.231654e-016,0.002376, 0.000000e+000,0.002376, 4.440892e-016,
0.002596, -1.643556e-003,0.002596, -4.934212e-001,0.002596, -4.546259e-013,0.002596, 0.000000e+000,0.002596, -1.818656e-012,
0.002839, -1.976199e-003,0.002839, -5.425950e-001,0.002839, 4.547196e-013,0.002839, -8.881784e-016,0.002839, 1.819433e-012,
0.003105, -2.377448e-003,0.003105, -5.966509e-001,0.003105, -6.938894e-017,0.003105, -8.881784e-016,0.003105, 4.440892e-016,
0.003399, -2.861583e-003,0.003399, -6.560695e-001,0.003399, 2.914335e-016,0.003399, -8.881784e-016,0.003399, 0.000000e+000,
0.003721, -3.445873e-003,0.003721, -7.213784e-001,0.003721, -1.595946e-016,0.003721, 0.000000e+000,0.003721, 1.819656e-012,
0.004076, -4.151201e-003,0.004076, -7.931555e-001,0.004076, 4.548723e-013,0.004076, 0.000000e+000,0.004076, -1.776357e-015,
0.004467, -5.002816e-003,0.004467, -8.720345e-001,0.004467, 6.938894e-018,0.004467, -4.529710e-013,0.004467, 0.000000e+000,
0.004896, 1.387779e-017,0.004896, 0.000000e+000,0.004896, 9.714451e-017,0.004896, -4.547474e-013,0.004896, 4.440892e-016,
0.005325, -6.584568e-003,0.005325, -9.581565e-001,0.005325, -3.747003e-016,0.005325, 1.776357e-015,0.005325, 1.818545e-012,
0.005798, 2.179775e-003,0.005798, 2.912967e-001,0.005798, -2.498002e-016,0.005798, 1.776357e-015,0.005798, 0.000000e+000,
0.006257, -1.090471e-002,0.006257, -1.343787e+000,0.006257, -8.326673e-017,0.006257, 1.776357e-015,0.006257, -2.664535e-015,
0.006777, 3.388232e-002,0.006777, 3.859163e+000,0.006777, 6.938894e-017,0.006777, -4.556355e-013,0.006777, -1.819878e-012,
0.007123, 2.775558e-017,0.007123, 7.105427e-015,0.007123, -4.547751e-013,0.007123, 4.547474e-013,0.007123, 4.440892e-016,
0.007470, 6.214960e-002,0.007470, 6.316038e+000,0.007470, -8.500145e-017,0.007470, 4.549694e-013,0.007470, -1.110223e-016,
0.007532, -3.511305e-003,0.007532, -3.470222e-001,0.007532, -6.591949e-017,0.007532, 2.220446e-016,0.007532, 0.000000e+000,
0.007610, 1.605567e-002,0.007610, 1.571916e+000,0.007610, 1.301043e-017,0.007610, 0.000000e+000,0.007610, -1.387779e-017,
0.007617, -4.186500e-004,0.007617, -4.075545e-002,0.007617, -6.071532e-018,0.007617, 4.547196e-013,0.007617, 4.163336e-017,
0.007626, 1.396651e-003,0.007626, 1.358149e-001,0.007626, 4.547567e-013,0.007626, -4.547474e-013,0.007626, -1.387779e-017,
0.007630, -1.748567e-004,0.007630, -1.698988e-002,0.007630, -5.637851e-018,0.007630, -1.387779e-017,0.007630, 1.818989e-012,
0.007633, -2.186694e-004,0.007633, -2.123725e-002,0.007633, 4.547426e-013,0.007633, 0.000000e+000,0.007633, -1.818982e-012,
0.007638, -2.734907e-004,0.007638, -2.654641e-002,0.007638, 1.496199e-017,0.007638, -4.547474e-013,0.007638, 1.819003e-012,
0.007644, -3.421039e-004,0.007644, -3.318277e-002,0.007644, 1.539567e-017,0.007644, -4.547751e-013,0.007644, -1.818989e-012,
0.007652, -4.280057e-004,0.007652, -4.147809e-002,0.007652, -4.547322e-013,0.007652, 4.547474e-013,0.007652, 1.387779e-017,
0.007661, -5.355944e-004,0.007661, -5.184702e-002,0.007661, 2.949030e-017,0.007661, -5.551115e-017,0.007661, -1.819017e-012,
0.007673, -6.704106e-004,0.007673, -6.480786e-002,0.007673, -9.540979e-018,0.007673, 0.000000e+000,0.007673, -1.818934e-012,
0.007687, -8.394470e-004,0.007687, -8.100839e-002,0.007687, 4.547265e-013,0.007687, 5.551115e-017,0.007687, 0.000000e+000,
0.007705, -1.051549e-003,0.007705, -1.012582e-001,0.007705, 8.673617e-018,0.007705, -1.110223e-016,0.007705, -1.818962e-012,
0.007728, -1.317936e-003,0.007728, -1.265693e-001,0.007728, -4.546892e-013,0.007728, -1.110223e-016,0.007728, -5.551115e-017,
0.007757, -1.652890e-003,0.007757, -1.582062e-001,0.007757, -4.547196e-013,0.007757, -3.330669e-016,0.007757, -1.818934e-012,
0.007792, -2.074658e-003,0.007792, -1.977492e-001,0.007792, -4.857226e-017,0.007792, 1.110223e-016,0.007792, 1.819045e-012,
0.007837, -2.606675e-003,0.007837, -2.471731e-001,0.007837, -4.547352e-013,0.007837, 4.545253e-013,0.007837, -1.818767e-012,
0.007892, -3.279207e-003,0.007892, -3.089455e-001,0.007892, 4.163336e-017,0.007892, -2.220446e-016,0.007892, 3.330669e-016,
0.007962, -4.131608e-003,0.007962, -3.861493e-001,0.007962, 2.081668e-017,0.007962, 4.549694e-013,0.007962, -4.440892e-016,
0.008049, -5.215445e-003,0.008049, -4.826357e-001,0.008049, -1.561251e-016,0.008049, 0.000000e+000,0.008049, 0.000000e+000,
0.008157, -6.598894e-003,0.008157, -6.032150e-001,0.008157, 1.595946e-016,0.008157, 4.543033e-013,0.008157, 1.819433e-012,
0.008293, -8.372973e-003,0.008293, -7.538944e-001,0.008293, -3.955170e-016,0.008293, -4.440892e-016,0.008293, 4.440892e-016,
0.008463, -1.066052e-002,0.008463, -9.421737e-001,0.008463, 6.938894e-017,0.008463, 4.556355e-013,0.008463, -4.440892e-016,
0.008675, -1.362925e-002,0.008675, -1.177414e+000,0.008675, 4.544143e-013,0.008675, 8.881784e-016,0.008675, -4.440892e-016,
0.008940, -1.751094e-002,0.008940, -1.471293e+000,0.008940, 9.714451e-017,0.008940, 8.881784e-016,0.008940, -8.881784e-016,
0.009271, -2.262990e-002,0.009271, -1.838374e+000,0.009271, -4.554412e-013,0.009271, 4.547474e-013,0.009271, 8.881784e-016,
0.009685, -2.944552e-002,0.009685, -2.296810e+000,0.009685, 3.330669e-016,0.009685, -1.776357e-015,0.009685, -1.818101e-012,
0.010203, -1.589743e-002,0.010203, -1.193529e+000,0.010203, 1.942890e-016,0.010203, -4.547474e-013,0.010203, 1.818989e-012,
0.010775, -1.714838e-002,0.010775, -1.266922e+000,0.010775, 4.556633e-013,0.010775, 0.000000e+000,0.010775, 1.818989e-012,
0.011404, 9.835844e-002,0.011404, 7.266722e+000,0.011404, 3.747003e-016,0.011404, 4.538592e-013,0.011404, 8.881784e-016,
0.011704, -2.256842e-002,0.011704, -1.667355e+000,0.011704, -1.942890e-016,0.011704, -1.776357e-015,0.011704, 1.776357e-015,
0.012081, 1.028219e-001,0.012081, 7.596486e+000,0.012081, 5.204170e-018,0.012081, 0.000000e+000,0.012081, 5.551115e-017,
0.012114, -2.505041e-003,0.012114, -1.850724e-001,0.012114, -4.547543e-013,0.012114, -1.110223e-016,0.012114, 1.110223e-016,
0.012156, 1.160452e-002,0.012156, 8.573417e-001,0.012156, -1.084202e-018,0.012156, -4.547612e-013,0.012156, 6.938894e-018,
0.012159, -2.301723e-004,0.012159, -1.700513e-002,0.012159, -3.035766e-018,0.012159, -4.547474e-013,0.012159, 0.000000e+000,
0.012163, 4.013111e-004,0.012163, 2.964886e-002,0.012163, -3.469447e-018,0.012163, 0.000000e+000,0.012163, 6.938894e-018,
0.012165, -1.873875e-004,0.012165, -1.384419e-002,0.012165, 2.602085e-018,0.012165, 4.547474e-013,0.012165, -6.938894e-018,
0.012168, -2.342344e-004,0.012168, -1.730524e-002,0.012168, 4.547469e-013,0.012168, 0.000000e+000,0.012168, 0.000000e+000,
0.012172, -2.927930e-004,0.012172, -2.163155e-002,0.012172, -1.105886e-017,0.012172, -1.387779e-017,0.012172, 2.775558e-017,
0.012177, -3.659913e-004,0.012177, -2.703944e-002,0.012177, 0.000000e+000,0.012177, 0.000000e+000,0.012177, 1.387779e-017,
0.012183, -4.574891e-004,0.012183, -3.379930e-002,0.012183, -1.040834e-017,0.012183, -2.775558e-017,0.012183, 5.551115e-017,
0.012191, -5.718614e-004,0.012191, -4.224912e-002,0.012191, -1.257675e-017,0.012191, 4.547474e-013,0.012191, 2.775558e-017,
0.012200, -7.148267e-004,0.012200, -5.281140e-002,0.012200, 5.204170e-018,0.012200, 0.000000e+000,0.012200, 0.000000e+000,
0.012212, -8.935334e-004,0.012212, -6.601425e-002,0.012212, -1.387779e-017,0.012212, 0.000000e+000,0.012212, 2.775558e-017,
0.012227, -1.116917e-003,0.012227, -8.251781e-002,0.012227, 4.547153e-013,0.012227, -4.547474e-013,0.012227, 5.551115e-017,
0.012246, -1.396146e-003,0.012246, -1.031473e-001,0.012246, 4.547482e-013,0.012246, -1.110223e-016,0.012246, -1.818934e-012,
0.012269, -1.745182e-003,0.012269, -1.289341e-001,0.012269, -1.214306e-017,0.012269, 1.110223e-016,0.012269, 5.551115e-017,
0.012298, -2.181478e-003,0.012298, -1.611676e-001,0.012298, 1.387779e-017,0.012298, 0.000000e+000,0.012298, 5.551115e-017,
0.012334, -2.726848e-003,0.012334, -2.014595e-001,0.012334, -4.547456e-013,0.012334, -2.220446e-016,0.012334, 2.220446e-016,
0.012380, -3.408559e-003,0.012380, -2.518244e-001,0.012380, 3.122502e-017,0.012380, -4.440892e-016,0.012380, 1.819211e-012,
0.012437, -4.260699e-003,0.012437, -3.147805e-001,0.012437, 6.591949e-017,0.012437, -2.220446e-016,0.012437, -1.818878e-012,
0.012508, -5.325874e-003,0.012508, -3.934756e-001,0.012508, 2.775558e-017,0.012508, -2.220446e-016,0.012508, 2.220446e-016,
0.012596, -6.657343e-003,0.012596, -4.918445e-001,0.012596, -7.632783e-017,0.012596, 4.543033e-013,0.012596, 2.220446e-016,
0.012707, -8.321678e-003,0.012707, -6.148056e-001,0.012707, -9.714451e-017,0.012707, 0.000000e+000,0.012707, 2.220446e-016,
0.012846, -1.040210e-002,0.012846, -7.685070e-001,0.012846, 2.151057e-016,0.012846, 4.538592e-013,0.012846, 4.440892e-016,
0.013019, -1.300262e-002,0.013019, -9.606338e-001,0.013019, -6.938894e-017,0.013019, 0.000000e+000,0.013019, 1.818989e-012,
0.013236, -1.625328e-002,0.013236, -1.200792e+000,0.013236, -1.942890e-016,0.013236, -4.547474e-013,0.013236, 0.000000e+000,
0.013507, -2.031660e-002,0.013507, -1.500990e+000,0.013507, -2.775558e-017,0.013507, -1.776357e-015,0.013507, 1.776357e-015,
0.013846, -2.539575e-002,0.013846, -1.876238e+000,0.013846, 6.383782e-016,0.013846, -4.547474e-013,0.013846, 1.776357e-015,
0.014269, -3.174468e-002,0.014269, -2.345297e+000,0.014269, 5.551115e-016,0.014269, 4.511946e-013,0.014269, 1.820766e-012,
0.014798, -3.968085e-002,0.014798, -2.931622e+000,0.014798, -1.054712e-015,0.014798, 0.000000e+000,0.014798, 1.776357e-015,
0.015459, -1.984043e-002,0.015459, -1.465811e+000,0.015459, -9.714451e-016,0.015459, 0.000000e+000,0.015459, 1.776357e-015,
0.016187, -2.182447e-002,0.016187, -1.612392e+000,0.016187, 1.609823e-015,0.016187, -3.552714e-015,0.016187, 1.776357e-015,
0.016987, 1.866744e-002,0.016987, 1.379151e+000,0.016987, -4.556078e-013,0.016987, 0.000000e+000,0.016987, 0.000000e+000,
0.017725, -4.267436e-002,0.017725, -3.152782e+000,0.017725, -4.552470e-013,0.017725, 4.547474e-013,0.017725, 1.776357e-015,
0.018605, 1.072757e-001,0.018605, 7.925529e+000,0.018605, 4.547474e-013,0.018605, -1.776357e-015,0.018605, 1.776357e-015,
0.019128, -3.920010e-002,0.019128, -2.896103e+000,0.019128, -4.163336e-016,0.019128, 0.000000e+000,0.019128, 0.000000e+000,
0.019781, 1.639608e-001,0.019781, 1.211343e+001,0.019781, 1.457168e-016,0.019781, -4.440892e-016,0.019781, -1.818989e-012,
0.019888, -8.009910e-003,0.019888, -5.917721e-001,0.019888, -4.163336e-017,0.019888, -8.881784e-016,0.019888, 6.661338e-016,
0.020022, 3.600778e-002,0.020022, 2.660255e+000,0.020022, 0.000000e+000,0.020022, -4.547474e-013,0.020022, 1.818989e-012,
0.020035, -1.010441e-003,0.020035, -7.465140e-002,0.020035, -1.387779e-017,0.020035, 0.000000e+000,0.020035, 0.000000e+000,
0.020052, 2.783320e-003,0.020052, 2.056317e-001,0.020052, 4.547378e-013,0.020052, -4.547751e-013,0.020052, -1.818934e-012,
0.020060, -5.672215e-004,0.020060, -4.190633e-002,0.020060, -1.908196e-017,0.020060, 4.547474e-013,0.020060, 2.775558e-017,
0.020069, -7.090269e-004,0.020069, -5.238291e-002,0.020069, -9.540979e-018,0.020069, 0.000000e+000,0.020069, 2.775558e-017,
0.020081, -8.862836e-004,0.020081, -6.547863e-002,0.020081, 1.561251e-017,0.020081, -1.110223e-016,0.020081, 8.326673e-017,
0.020096, -1.107855e-003,0.020096, -8.184829e-002,0.020096, 1.301043e-017,0.020096, -5.551115e-017,0.020096, 5.551115e-017,
0.020114, -1.384818e-003,0.020114, -1.023104e-001,0.020114, 3.035766e-017,0.020114, 0.000000e+000,0.020114, -1.818934e-012,
0.020137, -1.731023e-003,0.020137, -1.278880e-001,0.020137, 3.816392e-017,0.020137, 4.545253e-013,0.020137, -1.818878e-012,
0.020166, -2.163778e-003,0.020166, -1.598599e-001,0.020166, -2.255141e-017,0.020166, -1.110223e-016,0.020166, 1.110223e-016,
0.020202, -2.704723e-003,0.020202, -1.998249e-001,0.020202, -4.547075e-013,0.020202, 0.000000e+000,0.020202, -1.818989e-012,
0.020247, -3.380904e-003,0.020247, -2.497812e-001,0.020247, 2.428613e-017,0.020247, 2.220446e-016,0.020247, -1.110223e-016,
0.020303, -4.226130e-003,0.020303, -3.122265e-001,0.020303, -4.547161e-013,0.020303, -2.220446e-016,0.020303, 3.330669e-016,
0.020374, -5.282662e-003,0.020374, -3.902831e-001,0.020374, -4.546814e-013,0.020374, 4.545253e-013,0.020374, 2.220446e-016,
0.020462, -6.603327e-003,0.020462, -4.878538e-001,0.020462, 2.775558e-017,0.020462, 4.543033e-013,0.020462, 1.819211e-012,
0.020572, -8.254159e-003,0.020572, -6.098173e-001,0.020572, 1.457168e-016,0.020572, -4.440892e-016,0.020572, -1.818545e-012,
0.020710, -1.031770e-002,0.020710, -7.622716e-001,0.020710, 2.914335e-016,0.020710, 0.000000e+000,0.020710, -1.818989e-012,
0.020882, -1.289712e-002,0.020882, -9.528395e-001,0.020882, 4.548861e-013,0.020882, -8.881784e-016,0.020882, 4.440892e-016,
0.021096, -1.612141e-002,0.021096, -1.191049e+000,0.021096, 4.547196e-013,0.021096, 0.000000e+000,0.021096, 0.000000e+000,
0.021365, -2.015176e-002,0.021365, -1.488812e+000,0.021365, -2.775558e-016,0.021365, 0.000000e+000,0.021365, 8.881784e-016,
0.021701, -2.518970e-002,0.021701, -1.861015e+000,0.021701, -1.110223e-016,0.021701, 0.000000e+000,0.021701, 8.881784e-016,
0.022121, -3.148712e-002,0.022121, -2.326268e+000,0.022121, -3.608225e-016,0.022121, -1.776357e-015,0.022121, 0.000000e+000,
0.022646, -3.935890e-002,0.022646, -2.907835e+000,0.022646, 1.110223e-015,0.022646, 0.000000e+000,0.022646, 0.000000e+000,
0.023302, -4.919862e-002,0.023302, -3.634794e+000,0.023302, -1.276756e-015,0.023302, 0.000000e+000,0.023302, 3.552714e-015,
0.024122, -4.449058e-002,0.024122, -3.286964e+000,0.024122, 1.665335e-016,0.024122, 4.547474e-013,0.024122, -1.776357e-015,
0.025090, -2.904837e-002,0.025090, -2.146094e+000,0.025090, 0.000000e+000,0.025090, 0.000000e+000,0.025090, 0.000000e+000,
0.026155, -3.195321e-002,0.026155, -2.360703e+000,0.026155, -2.053913e-015,0.026155, -4.583001e-013,0.026155, 7.105427e-015,
0.027327, -3.514853e-002,0.027327, -2.596773e+000,0.027327, 1.665335e-015,0.027327, -3.552714e-015,0.027327, 0.000000e+000,
0.028615, -3.866338e-002,0.028615, -2.856451e+000,0.028615, 4.526934e-013,0.028615, -4.583001e-013,0.028615, 3.552714e-015,
0.030033, -4.252972e-002,0.030033, -3.142096e+000,0.030033, 1.276756e-015,0.030033, -7.105427e-015,0.030033, 7.105427e-015,
0.031592, -4.678269e-002,0.031592, -3.456305e+000,0.031592, -6.661338e-016,0.031592, -7.105427e-015,0.031592, 1.822542e-012,
0.033308, -5.146096e-002,0.033308, -3.801936e+000,0.033308, 4.540812e-013,0.033308, -4.618528e-013,0.033308, -1.815437e-012,
0.035195, -5.660706e-002,0.035195, -4.182129e+000,0.035195, -4.519718e-013,0.035195, 4.405365e-013,0.035195, 7.105427e-015,
0.037270, -6.226776e-002,0.037270, -4.600342e+000,0.037270, 6.661338e-016,0.037270, 0.000000e+000,0.037270, 1.818989e-012,
0.039553, -6.849454e-002,0.039553, -5.060376e+000,0.039553, 2.220446e-015,0.039553, -1.421085e-014,0.039553, 1.826095e-012,
0.042065, -7.534399e-002,0.042065, -5.566414e+000,0.042065, 1.887379e-015,0.042065, -7.105427e-015,0.042065, 7.105427e-015,
0.044828, -8.287839e-002,0.044828, -6.123055e+000,0.044828, 4.560796e-013,0.044828, -1.421085e-014,0.044828, 1.421085e-014,
0.047866, -9.116623e-002,0.047866, -6.735361e+000,0.047866, 1.554312e-015,0.047866, 4.547474e-013,0.047866, 7.105427e-015,
0.051209, -1.002829e-001,0.051209, -7.408897e+000,0.051209, 4.536371e-013,0.051209, -1.421085e-014,0.051209, 1.421085e-014,
0.054886, -1.103111e-001,0.054886, -8.149787e+000,0.054886, 8.881784e-016,0.054886, 0.000000e+000,0.054886, 1.421085e-014,
0.058931, -1.213422e-001,0.058931, -8.964765e+000,0.058931, -3.774758e-015,0.058931, 4.405365e-013,0.058931, 2.842171e-014,
0.063380, -1.334765e-001,0.063380, -9.861242e+000,0.063380, -8.215650e-015,0.063380, 4.547474e-013,0.063380, 0.000000e+000,
0.068274, -1.468241e-001,0.068274, -1.084737e+001,0.068274, -1.310063e-014,0.068274, 0.000000e+000,0.068274, 1.421085e-014,
0.073658, -1.615065e-001,0.073658, -1.193210e+001,0.073658, -4.218847e-015,0.073658, 0.000000e+000,0.073658, 1.421085e-014,
0.079580, -1.776572e-001,0.079580, -1.312531e+001,0.079580, -4.594103e-013,0.079580, 4.263256e-013,0.079580, 1.421085e-014,
0.086094, -1.954229e-001,0.086094, -1.443784e+001,0.086094, 4.440892e-016,0.086094, -2.842171e-014,0.086094, 1.847411e-012,
0.093259, -2.149652e-001,0.093259, -1.588163e+001,0.093259, -4.565237e-013,0.093259, 4.263256e-013,0.093259, 1.421085e-014,
0.101141, -2.364617e-001,0.101141, -1.746979e+001,0.101141, 7.993606e-015,0.101141, 0.000000e+000,0.101141, 0.000000e+000,
0.109812, -2.601079e-001,0.109812, -1.921677e+001,0.109812, 4.627410e-013,0.109812, -4.547474e-013,0.109812, -2.842171e-014,
0.119349, -2.861187e-001,0.119349, -2.113845e+001,0.119349, -1.687539e-014,0.119349, 0.000000e+000,0.119349, 0.000000e+000,
0.129840, -3.147305e-001,0.129840, -2.325229e+001,0.129840, -4.387601e-013,0.129840, 4.547474e-013,0.129840, 1.790568e-012,
0.141380, -3.462036e-001,0.141380, -2.557752e+001,0.141380, 4.383161e-013,0.141380, -3.979039e-013,0.141380, -1.790568e-012,
0.154074, -3.808240e-001,0.154074, -2.813527e+001,0.154074, -8.881784e-016,0.154074, 0.000000e+000,0.154074, 2.842171e-014,
0.168038, -4.189064e-001,0.168038, -3.094880e+001,0.168038, -4.583001e-013,0.168038, -4.547474e-013,0.168038, 0.000000e+000,
0.183398, -4.607970e-001,0.183398, -3.404368e+001,0.183398, 5.329071e-015,0.183398, -1.136868e-013,0.183398, 1.136868e-013,
0.200294, -5.068767e-001,0.200294, -3.744805e+001,0.200294, -4.485301e-013,0.200294, -1.136868e-013,0.200294, 5.684342e-014,
0.218879, -5.575644e-001,0.218879, -4.119285e+001,0.218879, 1.332268e-014,0.218879, -5.684342e-014,0.218879, -1.762146e-012,
0.239323, -6.133208e-001,0.239323, -4.531214e+001,0.239323, -1.332268e-014,0.239323, 0.000000e+000,0.239323, -1.762146e-012,
0.261812, -6.746529e-001,0.261812, -4.984335e+001,0.261812, -2.042810e-014,0.261812, -1.136868e-013,0.261812, 1.875833e-012,
0.286549, -7.421182e-001,0.286549, -5.482769e+001,0.286549, 3.552714e-014,0.286549, 0.000000e+000,0.286549, 0.000000e+000,
0.313760, -8.163300e-001,0.313760, -6.031046e+001,0.313760, -4.600764e-013,0.313760, -1.136868e-013,0.313760, 1.705303e-013,
0.343692, -8.979630e-001,0.343692, -6.634150e+001,0.343692, -4.884981e-013,0.343692, 0.000000e+000,0.343692, 5.684342e-014,
0.376617, -9.877593e-001,0.376617, -7.297566e+001,0.376617, -2.486900e-014,0.376617, 0.000000e+000,0.376617, 0.000000e+000,
0.412835, -1.086535e+000,0.412835, -8.027322e+001,0.412835, -4.973799e-014,0.412835, 0.000000e+000,0.412835, 0.000000e+000,
0.452675, -1.195189e+000,0.452675, -8.830054e+001,0.452675, 3.552714e-015,0.452675, 0.000000e+000,0.452675, -1.136868e-013,
0.496498, -1.314708e+000,0.496498, -9.713060e+001,0.496498, -3.943512e-013,0.496498, -2.273737e-013,0.496498, 2.273737e-013,
0.544704, -1.446178e+000,0.544704, -1.068437e+002,0.544704, 0.000000e+000,0.544704, 2.273737e-013,0.544704, 0.000000e+000,
0.597731, -1.590796e+000,0.597731, -1.175280e+002,0.597731, 8.171241e-014,0.597731, 0.000000e+000,0.597731, -2.273737e-013,
0.656060, -1.749876e+000,0.656060, -1.292808e+002,0.656060, -4.085621e-013,0.656060, 2.273737e-013,0.656060, 1.932676e-012,
0.720222, -1.924863e+000,0.720222, -1.422089e+002,0.720222, 1.776357e-014,0.720222, 6.821210e-013,0.720222, 1.932676e-012,
0.790800, -2.117350e-001,0.790800, -1.564298e+001,0.790800, 0.000000e+000,0.790800, 0.000000e+000,0.790800, 1.421085e-014,
0.798564, -2.329085e-001,0.798564, -1.720728e+001,0.798564, 8.437695e-015,0.798564, 0.000000e+000,0.798564, 0.000000e+000,
0.807104, -2.561993e-001,0.807104, -1.892801e+001,0.807104, 4.445333e-013,0.807104, 0.000000e+000,0.807104, 1.421085e-014,
0.816498, -2.818192e-001,0.816498, -2.082081e+001,0.816498, -8.881784e-016,0.816498, 4.547474e-013,0.816498, 1.818989e-012,
0.826831, -3.100012e-001,0.826831, -2.290289e+001,0.826831, 4.884981e-015,0.826831, 4.263256e-013,0.826831, 1.847411e-012,
0.838198, -3.410013e-001,0.838198, -2.519318e+001,0.838198, -1.953993e-014,0.838198, -4.547474e-013,0.838198, 1.818989e-012,
0.850701, -3.751014e-001,0.850701, -2.771249e+001,0.850701, 1.776357e-015,0.850701, 0.000000e+000,0.850701, 0.000000e+000,
0.864455, -4.126116e-001,0.864455, -3.048374e+001,0.864455, 1.065814e-014,0.864455, 5.684342e-014,0.864455, -2.842171e-014,
0.879584, -4.538727e-001,0.879584, -3.353212e+001,0.879584, -6.217249e-015,0.879584, 4.547474e-013,0.879584, 5.684342e-014,
0.896226, -4.992600e-001,0.896226, -3.688533e+001,0.896226, 1.065814e-014,0.896226, -5.684342e-014,0.896226, 5.684342e-014,
0.914532, -5.491860e-001,0.914532, -4.057386e+001,0.914532, -3.907985e-014,0.914532, -5.684342e-014,0.914532, 5.684342e-014,
0.934669, -6.041046e-002,0.934669, -4.463125e+000,0.934669, -1.665335e-015,0.934669, -7.105427e-015,0.934669, 1.829648e-012,
0.936884, -6.645150e-002,0.936884, -4.909437e+000,0.936884, -5.662137e-015,0.936884, 0.000000e+000,0.936884, 0.000000e+000,
0.939321, -7.309666e-002,0.939321, -5.400381e+000,0.939321, -1.221245e-015,0.939321, 4.405365e-013,0.939321, 1.421085e-014,
0.942001, -8.040632e-002,0.942001, -5.940419e+000,0.942001, 5.773160e-015,0.942001, 0.000000e+000,0.942001, 0.000000e+000,
0.944949, -8.844695e-002,0.944949, -6.534461e+000,0.944949, -4.505285e-013,0.944949, 4.547474e-013,0.944949, 0.000000e+000,
0.948192, -9.729165e-002,0.948192, -7.187907e+000,0.948192, -4.536371e-013,0.948192, -1.421085e-014,0.948192, 1.840306e-012,
0.951760, -1.070208e-001,0.951760, -7.906698e+000,0.951760, -2.886580e-015,0.951760, 4.405365e-013,0.951760, 2.131628e-014,
0.955684, -1.177229e-001,0.955684, -8.697367e+000,0.955684, -4.529710e-013,0.955684, 0.000000e+000,0.955684, -1.826095e-012,
0.960000, -1.294952e-001,0.960000, -9.567104e+000,0.960000, -4.218847e-015,0.960000, 0.000000e+000,0.960000, 0.000000e+000,
0.964748, -1.424447e-001,0.964748, -1.052381e+001,0.964748, -1.021405e-014,0.964748, -1.421085e-014,0.964748, 1.421085e-014,
0.969971, -1.566892e-001,0.969971, -1.157620e+001,0.969971, 2.220446e-016,0.969971, 0.000000e+000,0.969971, 1.833200e-012,
0.975717, -1.723581e-001,0.975717, -1.273382e+001,0.975717, 3.108624e-015,0.975717, -2.842171e-014,0.975717, 1.861622e-012,
0.982036, -1.895939e-001,0.982036, -1.400720e+001,0.982036, -4.556355e-013,0.982036, 0.000000e+000,0.982036, 1.833200e-012,
0.988988, -2.085533e-001,0.988988, -1.540792e+001,0.988988, -4.467537e-013,0.988988, 0.000000e+000,0.988988, -2.842171e-014,
0.996635, -2.294086e-001,0.996635, -1.694871e+001,0.996635, 3.108624e-015,0.996635, 0.000000e+000,0.996635, 1.818989e-012,
1.005047, -2.523495e-001,1.005047, -1.864358e+001,1.005047, -1.065814e-014,1.005047, 0.000000e+000,1.005047, 0.000000e+000,
1.014300, -2.775844e-001,1.014300, -2.050794e+001,1.014300, 4.605205e-013,1.014300, -5.684342e-014,1.014300, 5.684342e-014,
1.024478, -3.053429e-001,1.024478, -2.255873e+001,1.024478, -7.993606e-015,1.024478, 0.000000e+000,1.024478, 0.000000e+000,
1.035674, -3.358772e-001,1.035674, -2.481460e+001,1.035674, -2.664535e-015,1.035674, 0.000000e+000,1.035674, 2.842171e-014,
1.047989, -3.694649e-001,1.047989, -2.729606e+001,1.047989, -4.574119e-013,1.047989, -5.684342e-014,1.047989, 1.818989e-012,
1.061536, -4.064114e-001,1.061536, -3.002567e+001,1.061536, -1.065814e-014,1.061536, -5.684342e-014,1.061536, 5.684342e-014,
1.076438, -4.470525e-001,1.076438, -3.302824e+001,1.076438, 1.065814e-014,1.076438, 0.000000e+000,1.076438, 0.000000e+000,
1.092830, -4.917577e-001,1.092830, -3.633106e+001,1.092830, 4.583001e-013,1.092830, -4.547474e-013,1.092830, -1.818989e-012,
1.110861, -5.409335e-002,1.110861, -3.996417e+000,1.110861, 2.109424e-015,1.110861, -4.547474e-013,1.110861, 0.000000e+000,
1.112844, -5.950269e-002,1.112844, -4.396059e+000,1.112844, 9.992007e-016,1.112844, -7.105427e-015,1.112844, 1.822542e-012,
1.115026, -6.545296e-002,1.115026, -4.835664e+000,1.115026, -3.774758e-015,1.115026, 0.000000e+000,1.115026, 1.818989e-012,
1.117426, -7.199825e-002,1.117426, -5.319231e+000,1.117426, -5.551115e-016,1.117426, -7.105427e-015,1.117426, 7.105427e-015,
1.120066, -7.919808e-002,1.120066, -5.851154e+000,1.120066, 3.108624e-015,1.120066, -1.421085e-014,1.120066, 1.421085e-014,
1.122970, -8.711788e-002,1.122970, -6.436269e+000,1.122970, 6.661338e-016,1.122970, -1.421085e-014,1.122970, 0.000000e+000,
1.126164, -9.582967e-002,1.126164, -7.079896e+000,1.126164, -4.218847e-015,1.126164, -1.421085e-014,1.126164, 7.105427e-015,
1.129678, -1.054126e-001,1.129678, -7.787886e+000,1.129678, 4.516387e-013,1.129678, 1.421085e-014,1.129678, 0.000000e+000,
1.133543, -1.159539e-001,1.133543, -8.566674e+000,1.133543, 1.554312e-015,1.133543, 0.000000e+000,1.133543, -1.811884e-012,
1.137795, -1.275493e-001,1.137795, -9.423342e+000,1.137795, 4.558576e-013,1.137795, -4.689582e-013,1.137795, -1.804779e-012,
1.142472, -1.403042e-001,1.142472, -1.036568e+001,1.142472, 5.551115e-015,1.142472, 0.000000e+000,1.142472, 0.000000e+000,
1.147616, -1.543346e-001,1.147616, -1.140224e+001,1.147616, 6.661338e-016,1.147616, -1.421085e-014,1.147616, 1.421085e-014,
1.153275, -1.697681e-001,1.153275, -1.254247e+001,1.153275, -5.995204e-015,1.153275, 0.000000e+000,1.153275, 1.847411e-012,
1.159500, -1.867449e-001,1.159500, -1.379671e+001,1.159500, -3.552714e-015,1.159500, 0.000000e+000,1.159500, -1.818989e-012,
1.166347, -2.054194e-001,1.166347, -1.517639e+001,1.166347, 4.884981e-015,1.166347, 4.263256e-013,1.166347, 0.000000e+000,
1.173879, -2.259614e-001,1.173879, -1.669402e+001,1.173879, -4.440892e-016,1.173879, 0.000000e+000,1.173879, 1.421085e-014,
1.182165, -2.485575e-001,1.182165, -1.836343e+001,1.182165, -1.021405e-014,1.182165, 2.842171e-014,1.182165, 0.000000e+000,
1.191278, -2.734132e-001,1.191278, -2.019977e+001,1.191278, -9.769963e-015,1.191278, -4.263256e-013,1.191278, 0.000000e+000,
1.201303, -3.007546e-001,1.201303, -2.221975e+001,1.201303, -1.065814e-014,1.201303, -2.842171e-014,1.201303, -1.790568e-012,
1.212331, -3.308300e-001,1.212331, -2.444172e+001,1.212331, -1.687539e-014,1.212331, 5.684342e-014,1.212331, 2.842171e-014,
1.224462, -3.639130e-001,1.224462, -2.688589e+001,1.224462, -7.105427e-015,1.224462, 0.000000e+000,1.224462, 5.684342e-014,
1.237805, -4.003043e-002,1.237805, -2.957448e+000,1.237805, -2.997602e-015,1.237805, -7.105427e-015,1.237805, 3.552714e-015,
1.239273, -4.403348e-002,1.239273, -3.253193e+000,1.239273, -2.553513e-015,1.239273, -4.547474e-013,1.239273, -1.818989e-012,
1.240887, -4.843682e-002,1.240887, -3.578513e+000,1.240887, 1.110223e-015,1.240887, -7.105427e-015,1.240887, 7.105427e-015,
1.242663, -5.328051e-002,1.242663, -3.936364e+000,1.242663, 5.551115e-016,1.242663, 0.000000e+000,1.242663, 0.000000e+000,
1.244617, -5.860856e-002,1.244617, -4.330000e+000,1.244617, 1.998401e-015,1.244617, 0.000000e+000,1.244617, -1.818989e-012,
1.246766, -6.446941e-002,1.246766, -4.763000e+000,1.246766, 4.551914e-013,1.246766, -7.105427e-015,1.246766, 3.552714e-015,
1.249130, -7.091635e-002,1.249130, -5.239300e+000,1.249130, -1.998401e-015,1.249130, -7.105427e-015,1.249130, 1.826095e-012,
1.251730, -7.800799e-002,1.251730, -5.763230e+000,1.251730, 4.598544e-013,1.251730, -7.105427e-015,1.251730, 0.000000e+000,
1.254590, -8.580879e-002,1.254590, -6.339553e+000,1.254590, -4.511946e-013,1.254590, 0.000000e+000,1.254590, -1.818989e-012,
1.257737, -9.438967e-002,1.257737, -6.973509e+000,1.257737, -4.556355e-013,1.257737, 0.000000e+000,1.257737, 7.105427e-015,
1.261198, -1.038286e-001,1.261198, -7.670859e+000,1.261198, 4.509726e-013,1.261198, 1.421085e-014,1.261198, 1.818989e-012,
1.265005, -1.142115e-001,1.265005, -8.437945e+000,1.265005, 5.773160e-015,1.265005, -1.421085e-014,1.265005, 7.105427e-015,
1.269193, -1.256326e-001,1.269193, -9.281740e+000,1.269193, -4.505285e-013,1.269193, 0.000000e+000,1.269193, -7.105427e-015,
1.273799, -1.381959e-001,1.273799, -1.020991e+001,1.273799, 4.218847e-015,1.273799, 4.263256e-013,1.273799, 2.842171e-014,
1.278866, -1.520155e-001,1.278866, -1.123091e+001,1.278866, -1.221245e-014,1.278866, -1.421085e-014,1.278866, 2.842171e-014,
1.284440, -1.672171e-001,1.284440, -1.235400e+001,1.284440, -4.440892e-016,1.284440, -4.547474e-013,1.284440, 1.421085e-014,
1.290571, -1.839388e-001,1.290571, -1.358940e+001,1.290571, 5.329071e-015,1.290571, 0.000000e+000,1.290571, -1.421085e-014,
1.297316, -2.023326e-001,1.297316, -1.494833e+001,1.297316, -4.458656e-013,1.297316, 0.000000e+000,1.297316, 0.000000e+000,
1.304735, -2.225659e-001,1.304735, -1.644317e+001,1.304735, 4.605205e-013,1.304735, -4.547474e-013,1.304735, -1.847411e-012,
1.312895, -2.448225e-001,1.312895, -1.808749e+001,1.312895, 3.996803e-015,1.312895, 4.547474e-013,1.312895, -1.421085e-014,
1.321872, -2.693047e-001,1.321872, -1.989623e+001,1.321872, 8.881784e-015,1.321872, 0.000000e+000,1.321872, -2.842171e-014,
1.331747, -2.962352e-001,1.331747, -2.188586e+001,1.331747, 4.418688e-013,1.331747, -4.547474e-013,1.331747, 1.818989e-012,
1.342609, -3.258587e-001,1.342609, -2.407444e+001,1.342609, -5.329071e-015,1.342609, 0.000000e+000,1.342609, 2.842171e-014,
1.354557, -3.584446e-001,1.354557, -2.648189e+001,1.354557, 2.664535e-015,1.354557, 3.979039e-013,1.354557, -1.790568e-012,
1.367700, -3.942891e-001,1.367700, -2.913008e+001,1.367700, 0.000000e+000,1.367700, 0.000000e+000,1.367700, 2.842171e-014,
1.382157, -4.337180e-002,1.382157, -3.204308e+000,1.382157, -1.165734e-015,1.382157, -7.105427e-015,1.382157, -1.811884e-012,
1.383747, -4.770898e-002,1.383747, -3.524739e+000,1.383747, -4.527489e-013,1.383747, 0.000000e+000,1.383747, 7.105427e-015,
1.385497, -5.247987e-002,1.385497, -3.877213e+000,1.385497, 4.440892e-016,1.385497, -1.421085e-014,1.385497, -1.811884e-012,
1.387421, -5.772786e-002,1.387421, -4.264934e+000,1.387421, 2.220446e-016,1.387421, -7.105427e-015,1.387421, 3.552714e-015,
1.389538, -6.350065e-002,1.389538, -4.691428e+000,1.389538, 6.661338e-016,1.389538, -7.105427e-015,1.389538, 3.552714e-015,
1.391866, -6.985071e-002,1.391866, -5.160571e+000,1.391866, 4.544143e-013,1.391866, -7.105427e-015,1.391866, 7.105427e-015,
1.394427, -7.683578e-002,1.394427, -5.676628e+000,1.394427, -2.220446e-016,1.394427, -7.105427e-015,1.394427, -1.811884e-012,
1.397245, -8.451936e-002,1.397245, -6.244290e+000,1.397245, -1.110223e-016,1.397245, -1.421085e-014,1.397245, 7.105427e-015,
1.400344, -9.297130e-002,1.400344, -6.868719e+000,1.400344, 0.000000e+000,1.400344, -1.421085e-014,1.400344, 1.833200e-012,
1.403753, -1.022684e-001,1.403753, -7.555591e+000,1.403753, 6.661338e-016,1.403753, 4.263256e-013,1.403753, 1.421085e-014,
1.407502, -1.124953e-001,1.407502, -8.311151e+000,1.407502, -3.996803e-015,1.407502, -4.689582e-013,1.407502, -1.804779e-012,
1.411627, -1.237448e-001,1.411627, -9.142266e+000,1.411627, 1.332268e-015,1.411627, -1.421085e-014,1.411627, 2.131628e-014,
1.416165, -1.361193e-001,1.416165, -1.005649e+001,1.416165, 7.993606e-015,1.416165, 0.000000e+000,1.416165, 0.000000e+000,
1.421156, -1.497312e-001,1.421156, -1.106214e+001,1.421156, -8.881784e-016,1.421156, -1.421085e-014,1.421156, 1.833200e-012,
1.426646, -1.647043e-001,1.426646, -1.216836e+001,1.426646, 6.661338e-016,1.426646, 4.547474e-013,1.426646, 0.000000e+000,
1.432685, -1.811748e-001,1.432685, -1.338519e+001,1.432685, 8.881784e-016,1.432685, 0.000000e+000,1.432685, 0.000000e+000,
1.439328, -1.992922e-001,1.439328, -1.472371e+001,1.439328, 5.329071e-015,1.439328, -4.547474e-013,1.439328, 1.818989e-012,
1.446635, -2.192215e-001,1.446635, -1.619608e+001,1.446635, 7.549517e-015,1.446635, 0.000000e+000,1.446635, 1.804779e-012,
1.454673, -2.411436e-001,1.454673, -1.781569e+001,1.454673, -1.110223e-014,1.454673, -2.842171e-014,1.454673, 5.684342e-014,
1.463515, -2.652580e-001,1.463515, -1.959726e+001,1.463515, 1.643130e-014,1.463515, -2.842171e-014,1.463515, -1.790568e-012,
1.473242, -2.917838e-002,1.473242, -2.155698e+000,1.473242, 4.554690e-013,1.473242, -4.547474e-013,1.473242, 1.776357e-015,
1.474311, -3.209621e-002,1.474311, -2.371268e+000,1.474311, -2.220446e-016,1.474311, 0.000000e+000,1.474311, -1.817213e-012,
1.475488, -3.530583e-002,1.475488, -2.608395e+000,1.475488, 4.546918e-013,1.475488, -4.547474e-013,1.475488, 0.000000e+000,
1.476783, -3.883642e-002,1.476783, -2.869235e+000,1.476783, -1.110223e-015,1.476783, -4.583001e-013,1.476783, 1.822542e-012,
1.478207, -4.272006e-002,1.478207, -3.156158e+000,1.478207, -1.554312e-015,1.478207, 0.000000e+000,1.478207, 3.552714e-015,
1.479773, -4.699207e-002,1.479773, -3.471774e+000,1.479773, 4.537482e-013,1.479773, 0.000000e+000,1.479773, 1.822542e-012,
1.481496, -5.169127e-002,1.481496, -3.818951e+000,1.481496, -1.665335e-015,1.481496, 7.105427e-015,1.481496, -1.818989e-012,
1.483392, -5.686040e-002,1.483392, -4.200846e+000,1.483392, -1.110223e-015,1.483392, -4.547474e-013,1.483392, 3.552714e-015,
1.485476, -6.254644e-002,1.485476, -4.620931e+000,1.485476, -7.771561e-016,1.485476, -7.105427e-015,1.485476, 1.065814e-014,
1.487770, -6.880108e-002,1.487770, -5.083024e+000,1.487770, -5.440093e-015,1.487770, 0.000000e+000,1.487770, 0.000000e+000,
1.490293, -7.568119e-002,1.490293, -5.591326e+000,1.490293, 4.546363e-013,1.490293, -1.421085e-014,1.490293, 1.421085e-014,
1.493068, -8.324931e-002,1.493068, -6.150459e+000,1.493068, 4.503065e-013,1.493068, 0.000000e+000,1.493068, 1.421085e-014,
1.496120, -9.157424e-002,1.496120, -6.765505e+000,1.496120, -2.664535e-015,1.496120, -1.421085e-014,1.496120, 0.000000e+000,
1.499478, -1.007317e-001,1.499478, -7.442056e+000,1.499478, -3.552714e-015,1.499478, -1.421085e-014,1.499478, 1.421085e-014,
1.503171, -1.108048e-001,1.503171, -8.186261e+000,1.503171, 4.440892e-016,1.503171, 0.000000e+000,1.503171, 0.000000e+000,
1.507234, -1.218853e-001,1.507234, -9.004887e+000,1.507234, 3.330669e-015,1.507234, -2.842171e-014,1.507234, 2.131628e-014,
1.511703, -1.340738e-001,1.511703, -9.905376e+000,1.511703, 6.661338e-015,1.511703, 0.000000e+000,1.511703, -1.421085e-014,
1.516619, -1.474812e-001,1.516619, -1.089591e+001,1.516619, -2.220446e-015,1.516619, -1.421085e-014,1.516619, 1.421085e-014,
1.522027, -1.622294e-001,1.522027, -1.198550e+001,1.522027, -8.215650e-015,1.522027, 4.547474e-013,1.522027, 1.833200e-012,
1.527975, -1.784523e-001,1.527975, -1.318406e+001,1.527975, 3.774758e-015,1.527975, -4.831691e-013,1.527975, 4.263256e-014,
1.534519, -1.962975e-001,1.534519, -1.450246e+001,1.534519, 1.332268e-015,1.534519, -5.684342e-014,1.534519, 4.263256e-014,
1.541716, -2.159273e-001,1.541716, -1.595271e+001,1.541716, -3.996803e-015,1.541716, 0.000000e+000,1.541716, 1.818989e-012,
1.549633, -2.375200e-001,1.549633, -1.754798e+001,1.549633, 4.440892e-015,1.549633, -2.842171e-014,1.549633, 0.000000e+000,
1.558343, -2.612720e-001,1.558343, -1.930278e+001,1.558343, -1.776357e-015,1.558343, -5.684342e-014,1.558343, 5.684342e-014,
1.567922, -2.873992e-001,1.567922, -2.123305e+001,1.567922, 1.243450e-014,1.567922, -5.684342e-014,1.567922, 2.842171e-014,
1.578460, -3.161391e-001,1.578460, -2.335636e+001,1.578460, 1.421085e-014,1.578460, 0.000000e+000,1.578460, 1.847411e-012,
1.590052, -3.477530e-001,1.590052, -2.569199e+001,1.590052, -3.996803e-015,1.590052, -4.547474e-013,1.590052, 2.842171e-014,
1.602803, -3.825283e-001,1.602803, -2.826119e+001,1.602803, -9.769963e-015,1.602803, -5.684342e-014,1.602803, 2.842171e-014,
1.616829, -4.207812e-001,1.616829, -3.108731e+001,1.616829, -1.243450e-014,1.616829, 5.684342e-014,1.616829, 2.842171e-014,
1.632258, -4.628593e-001,1.632258, -3.419604e+001,1.632258, -1.953993e-014,1.632258, 0.000000e+000,1.632258, 5.684342e-014,
1.649229, -5.091452e-001,1.649229, -3.761565e+001,1.649229, 1.509903e-014,1.649229, 4.547474e-013,1.649229, 2.842171e-014,
1.667898, -5.600597e-001,1.667898, -4.137721e+001,1.667898, 2.042810e-014,1.667898, -1.136868e-013,1.667898, -1.762146e-012,
1.688434, -6.160657e-001,1.688434, -4.551493e+001,1.688434, -4.600764e-013,1.688434, 3.410605e-013,1.688434, 1.932676e-012,
1.711023, -6.776723e-001,1.711023, -5.006643e+001,1.711023, 0.000000e+000,1.711023, 0.000000e+000,1.711023, 5.684342e-014,
1.735871, -7.454395e-001,1.735871, -5.507307e+001,1.735871, -3.907985e-014,1.735871, 0.000000e+000,1.735871, 1.705303e-013,
1.763203, -8.199835e-001,1.763203, -6.058038e+001,1.763203, 4.476419e-013,1.763203, -1.136868e-013,1.763203, 1.705303e-013,
1.793269, -9.019818e-001,1.793269, -6.663842e+001,1.793269, -2.486900e-014,1.793269, -1.136868e-013,1.793269, 1.705303e-013,
1.826342, -9.921800e-001,1.826342, -7.330226e+001,1.826342, 4.636291e-013,1.826342, 0.000000e+000,1.826342, 0.000000e+000,
1.862722, -1.091398e+000,1.862722, -8.063248e+001,1.862722, -5.133671e-013,1.862722, 0.000000e+000,1.862722, 1.136868e-013,
1.902740, -1.200538e+000,1.902740, -8.869573e+001,1.902740, 5.151435e-014,1.902740, -1.136868e-013,1.902740, 0.000000e+000,
1.946760, -1.320592e+000,1.946760, -9.756531e+001,1.946760, 2.309264e-014,1.946760, 2.273737e-013,1.946760, 0.000000e+000,
1.995181, -1.452651e+000,1.995181, -1.073218e+002,1.995181, -5.506706e-014,1.995181, 2.273737e-013,1.995181, 0.000000e+000,
2.048445, -1.597916e+000,2.048445, -1.180540e+002,2.048445, -5.222489e-013,2.048445, 2.273737e-013,2.048445, -1.932676e-012,
2.107035, -1.757707e+000,2.107035, -1.298594e+002,2.107035, 4.618528e-013,2.107035, 0.000000e+000,2.107035, 0.000000e+000,
2.171485, -1.933478e+000,2.171485, -1.428454e+002,2.171485, -1.421085e-014,2.171485, 4.547474e-013,2.171485, -1.136868e-013,
2.242379, -2.126826e+000,2.242379, -1.571299e+002,2.242379, 3.375078e-013,2.242379, 4.547474e-013,2.242379, 2.273737e-013,
2.320363, -2.339509e+000,2.320363, -1.728429e+002,2.320363, -1.278977e-013,2.320363, -2.273737e-013,2.320363, 4.547474e-013,
2.406145, -2.573459e+000,2.406145, -1.901272e+002,2.406145, 3.623768e-013,2.406145, 0.000000e+000,2.406145, 2.273737e-013,
2.500505, -2.830805e+000,2.500505, -2.091399e+002,2.500505, 1.421085e-014,2.500505, 0.000000e+000,2.500505, 2.273737e-013,
2.604301, -3.113886e+000,2.604301, -2.300539e+002,2.604301, 8.526513e-014,2.604301, 0.000000e+000,2.604301, 2.046363e-012,
2.718477, -3.425274e+000,2.718477, -2.530593e+002,2.718477, -1.065814e-013,2.718477, -4.547474e-013,2.718477, 6.821210e-013,
2.844070, -3.767802e+000,2.844070, -2.783652e+002,2.844070, 4.050094e-013,2.844070, 9.094947e-013,2.844070, -1.591616e-012,
2.982223, -4.144582e+000,2.982223, -3.062017e+002,2.982223, 1.563194e-013,2.982223, 4.547474e-013,2.982223, 0.000000e+000,
3.134191, -4.559040e+000,3.134191, -3.368219e+002,3.134191, -4.547474e-013,3.134191, -9.094947e-013,3.134191, 9.094947e-013,
3.301356, -5.014944e+000,3.301356, -3.705041e+002,3.301356, -4.121148e-013,3.301356, 0.000000e+000,3.301356, -1.818989e-012,
3.485237, -5.516439e+000,3.485237, -4.075545e+002,3.485237, -5.826450e-013,3.485237, 0.000000e+000,3.485237, 0.000000e+000,
3.687506, -6.068083e+000,3.687506, -4.483099e+002,3.687506, 3.552714e-013,3.687506, 0.000000e+000,3.687506, 1.818989e-012,
3.910003, -6.674891e+000,3.910003, -4.931409e+002,3.910003, 4.547474e-013,3.910003, -9.094947e-013,3.910003, 9.094947e-013,
4.154749, -7.342380e+000,4.154749, -5.424550e+002,4.154749, -4.973799e-013,4.154749, 9.094947e-013,4.154749, 0.000000e+000,
4.423969, -8.076618e+000,4.423969, -5.967005e+002,4.423969, 1.847411e-013,4.423969, 0.000000e+000,4.423969, 0.000000e+000,
4.720112, -8.884280e+000,4.720112, -6.563706e+002,4.720112, 2.842171e-014,4.720112, -9.094947e-013,4.720112, 9.094947e-013,
5.045869, -9.772708e+000,5.045869, -7.220076e+002,5.045869, 3.126388e-013,5.045869, 0.000000e+000,5.045869, 0.000000e+000,
5.404202, -1.074998e+001,5.404202, -7.942084e+002,5.404202, -9.947598e-014,5.404202, 0.000000e+000,5.404202, 9.094947e-013,
5.798367, -1.182498e+001,5.798367, -8.736292e+002,5.798367, -9.379164e-013,5.798367, 1.818989e-012,5.798367, 0.000000e+000,
6.231950, -1.300747e+001,6.231950, -9.609922e+002,6.231950, -1.023182e-012,6.231950, -1.818989e-012,6.231950, 1.818989e-012,
6.708891, -1.430822e+001,6.708891, -1.057091e+003,6.708891, -3.694822e-013,6.708891, 1.818989e-012,6.708891, 0.000000e+000,
7.233525, -1.573904e+001,7.233525, -1.162801e+003,7.233525, -1.136868e-013,7.233525, -1.818989e-012,7.233525, 9.094947e-013,
7.810624, -1.731295e+001,7.810624, -1.279081e+003,7.810624, 3.410605e-013,7.810624, 0.000000e+000,7.810624, 0.000000e+000,
8.445432, -1.904424e+001,8.445432, -1.406989e+003,8.445432, 5.684342e-014,8.445432, 0.000000e+000,8.445432, -1.818989e-012,
9.143721, -2.094867e+001,9.143721, -1.547688e+003,9.143721, -3.126388e-013,9.143721, 0.000000e+000,9.143721, -1.818989e-012,
