//t, S_Pond (1), t, H_Pond (1), t, E_Pond (1), 
0.000000, 3.000000e-003,0.000000, 3.000000e-001,0.000000, 0.000000e+000,
0.010000, 3.000000e-003,0.010000, 3.000000e-001,0.010000, 0.000000e+000,
0.020000, 3.000000e-003,0.020000, 3.000000e-001,0.020000, 0.000000e+000,
0.030000, 3.000000e-003,0.030000, 3.000000e-001,0.030000, 0.000000e+000,
0.040000, 3.000000e-003,0.040000, 3.000000e-001,0.040000, 0.000000e+000,
0.050000, 3.000000e-003,0.050000, 3.000000e-001,0.050000, 0.000000e+000,
0.060000, 3.000000e-003,0.060000, 3.000000e-001,0.060000, 0.000000e+000,
0.070000, 3.000000e-003,0.070000, 3.000000e-001,0.070000, 0.000000e+000,
0.080000, 3.000000e-003,0.080000, 3.000000e-001,0.080000, 0.000000e+000,
0.090000, 3.000000e-003,0.090000, 3.000000e-001,0.090000, 0.000000e+000,
0.100000, 3.000000e-003,0.100000, 3.000000e-001,0.100000, 0.000000e+000,
0.110000, 3.000000e-003,0.110000, 3.000000e-001,0.110000, 0.000000e+000,
0.120000, 3.000000e-003,0.120000, 3.000000e-001,0.120000, 0.000000e+000,
0.130000, 3.000000e-003,0.130000, 3.000000e-001,0.130000, 0.000000e+000,
0.140000, 3.000000e-003,0.140000, 3.000000e-001,0.140000, 0.000000e+000,
0.150000, 3.000000e-003,0.150000, 3.000000e-001,0.150000, 0.000000e+000,
0.160000, 3.000000e-003,0.160000, 3.000000e-001,0.160000, 0.000000e+000,
0.170000, 3.000000e-003,0.170000, 3.000000e-001,0.170000, 0.000000e+000,
0.180000, 3.000000e-003,0.180000, 3.000000e-001,0.180000, 0.000000e+000,
0.190000, 3.000000e-003,0.190000, 3.000000e-001,0.190000, 0.000000e+000,
0.200000, 3.000000e-003,0.200000, 3.000000e-001,0.200000, 0.000000e+000,
0.210000, 3.000000e-003,0.210000, 3.000000e-001,0.210000, 0.000000e+000,
0.220000, 3.000000e-003,0.220000, 3.000000e-001,0.220000, 0.000000e+000,
0.230000, 3.000000e-003,0.230000, 3.000000e-001,0.230000, 0.000000e+000,
0.240000, 3.000000e-003,0.240000, 3.000000e-001,0.240000, 0.000000e+000,
0.250000, 3.000000e-003,0.250000, 3.000000e-001,0.250000, 0.000000e+000,
0.260000, 3.000000e-003,0.260000, 3.000000e-001,0.260000, 0.000000e+000,
0.270000, 3.000000e-003,0.270000, 3.000000e-001,0.270000, 0.000000e+000,
0.280000, 3.000000e-003,0.280000, 3.000000e-001,0.280000, 0.000000e+000,
0.290000, 3.000000e-003,0.290000, 3.000000e-001,0.290000, 0.000000e+000,
0.300000, 3.000000e-003,0.300000, 3.000000e-001,0.300000, 0.000000e+000,
0.310000, 3.000000e-003,0.310000, 3.000000e-001,0.310000, 0.000000e+000,
0.320000, 3.000000e-003,0.320000, 3.000000e-001,0.320000, 0.000000e+000,
0.330000, 3.000000e-003,0.330000, 3.000000e-001,0.330000, 0.000000e+000,
0.340000, 3.000000e-003,0.340000, 3.000000e-001,0.340000, 0.000000e+000,
0.350000, 3.000000e-003,0.350000, 3.000000e-001,0.350000, 0.000000e+000,
0.360000, 3.000000e-003,0.360000, 3.000000e-001,0.360000, 0.000000e+000,
0.370000, 3.000000e-003,0.370000, 3.000000e-001,0.370000, 0.000000e+000,
0.380000, 3.000000e-003,0.380000, 3.000000e-001,0.380000, 0.000000e+000,
0.390000, 3.000000e-003,0.390000, 3.000000e-001,0.390000, 0.000000e+000,
0.400000, 3.000000e-003,0.400000, 3.000000e-001,0.400000, 0.000000e+000,
0.410000, 3.000000e-003,0.410000, 3.000000e-001,0.410000, 0.000000e+000,
0.420000, 3.000000e-003,0.420000, 3.000000e-001,0.420000, 0.000000e+000,
0.430000, 3.000000e-003,0.430000, 3.000000e-001,0.430000, 0.000000e+000,
0.440000, 3.000000e-003,0.440000, 3.000000e-001,0.440000, 0.000000e+000,
0.450000, 3.000000e-003,0.450000, 3.000000e-001,0.450000, 0.000000e+000,
0.460000, 3.000000e-003,0.460000, 3.000000e-001,0.460000, 0.000000e+000,
0.470000, 3.000000e-003,0.470000, 3.000000e-001,0.470000, 0.000000e+000,
0.480000, 3.000000e-003,0.480000, 3.000000e-001,0.480000, 0.000000e+000,
0.490000, 3.000000e-003,0.490000, 3.000000e-001,0.490000, 0.000000e+000,
0.500000, 3.000000e-003,0.500000, 3.000000e-001,0.500000, 0.000000e+000,
0.510000, 3.000000e-003,0.510000, 3.000000e-001,0.510000, 0.000000e+000,
0.520000, 3.000000e-003,0.520000, 3.000000e-001,0.520000, 0.000000e+000,
0.530000, 3.000000e-003,0.530000, 3.000000e-001,0.530000, 0.000000e+000,
0.540000, 3.000000e-003,0.540000, 3.000000e-001,0.540000, 0.000000e+000,
0.550000, 3.000000e-003,0.550000, 3.000000e-001,0.550000, 0.000000e+000,
0.560000, 3.000000e-003,0.560000, 3.000000e-001,0.560000, 0.000000e+000,
0.570000, 3.000000e-003,0.570000, 3.000000e-001,0.570000, 0.000000e+000,
0.580000, 3.000000e-003,0.580000, 3.000000e-001,0.580000, 0.000000e+000,
0.590000, 3.000000e-003,0.590000, 3.000000e-001,0.590000, 0.000000e+000,
0.600000, 3.000000e-003,0.600000, 3.000000e-001,0.600000, 0.000000e+000,
0.610000, 3.000000e-003,0.610000, 3.000000e-001,0.610000, 0.000000e+000,
0.620000, 3.000000e-003,0.620000, 3.000000e-001,0.620000, 0.000000e+000,
0.630000, 3.000000e-003,0.630000, 3.000000e-001,0.630000, 0.000000e+000,
0.640000, 3.000000e-003,0.640000, 3.000000e-001,0.640000, 0.000000e+000,
0.650000, 3.000000e-003,0.650000, 3.000000e-001,0.650000, 0.000000e+000,
0.660000, 3.000000e-003,0.660000, 3.000000e-001,0.660000, 0.000000e+000,
0.670000, 3.000000e-003,0.670000, 3.000000e-001,0.670000, 0.000000e+000,
0.680000, 3.000000e-003,0.680000, 3.000000e-001,0.680000, 0.000000e+000,
0.690000, 3.000000e-003,0.690000, 3.000000e-001,0.690000, 0.000000e+000,
0.700000, 3.000000e-003,0.700000, 3.000000e-001,0.700000, 0.000000e+000,
0.710000, 3.000000e-003,0.710000, 3.000000e-001,0.710000, 0.000000e+000,
0.720000, 3.000000e-003,0.720000, 3.000000e-001,0.720000, 0.000000e+000,
0.730000, 3.000000e-003,0.730000, 3.000000e-001,0.730000, 0.000000e+000,
0.740000, 3.000000e-003,0.740000, 3.000000e-001,0.740000, 0.000000e+000,
0.750000, 3.000000e-003,0.750000, 3.000000e-001,0.750000, 0.000000e+000,
0.760000, 3.000000e-003,0.760000, 3.000000e-001,0.760000, 0.000000e+000,
0.770000, 3.000000e-003,0.770000, 3.000000e-001,0.770000, 0.000000e+000,
0.780000, 3.000000e-003,0.780000, 3.000000e-001,0.780000, 0.000000e+000,
0.790000, 3.000000e-003,0.790000, 3.000000e-001,0.790000, 0.000000e+000,
0.800000, 3.000000e-003,0.800000, 3.000000e-001,0.800000, 0.000000e+000,
0.810000, 3.000000e-003,0.810000, 3.000000e-001,0.810000, 0.000000e+000,
0.820000, 3.000000e-003,0.820000, 3.000000e-001,0.820000, 0.000000e+000,
0.830000, 3.000000e-003,0.830000, 3.000000e-001,0.830000, 0.000000e+000,
0.840000, 3.000000e-003,0.840000, 3.000000e-001,0.840000, 0.000000e+000,
0.850000, 3.000000e-003,0.850000, 3.000000e-001,0.850000, 0.000000e+000,
0.860000, 3.000000e-003,0.860000, 3.000000e-001,0.860000, 0.000000e+000,
0.870000, 3.000000e-003,0.870000, 3.000000e-001,0.870000, 0.000000e+000,
0.880000, 3.000000e-003,0.880000, 3.000000e-001,0.880000, 0.000000e+000,
0.890000, 3.000000e-003,0.890000, 3.000000e-001,0.890000, 0.000000e+000,
0.900000, 3.000000e-003,0.900000, 3.000000e-001,0.900000, 0.000000e+000,
0.910000, 3.000000e-003,0.910000, 3.000000e-001,0.910000, 0.000000e+000,
0.920000, 3.000000e-003,0.920000, 3.000000e-001,0.920000, 0.000000e+000,
0.930000, 3.000000e-003,0.930000, 3.000000e-001,0.930000, 0.000000e+000,
0.940000, 3.000000e-003,0.940000, 3.000000e-001,0.940000, 0.000000e+000,
0.950000, 3.000000e-003,0.950000, 3.000000e-001,0.950000, 0.000000e+000,
0.960000, 3.000000e-003,0.960000, 3.000000e-001,0.960000, 0.000000e+000,
0.970000, 3.000000e-003,0.970000, 3.000000e-001,0.970000, 0.000000e+000,
0.980000, 3.000000e-003,0.980000, 3.000000e-001,0.980000, 0.000000e+000,
0.990000, 3.000000e-003,0.990000, 3.000000e-001,0.990000, 0.000000e+000,
1.000000, 3.000000e-003,1.000000, 3.000000e-001,1.000000, 0.000000e+000,
1.010000, 3.000000e-003,1.010000, 3.000000e-001,1.010000, 0.000000e+000,
1.020000, 3.000000e-003,1.020000, 3.000000e-001,1.020000, 0.000000e+000,
1.030000, 3.000000e-003,1.030000, 3.000000e-001,1.030000, 0.000000e+000,
1.040000, 3.000000e-003,1.040000, 3.000000e-001,1.040000, 0.000000e+000,
1.050000, 3.000000e-003,1.050000, 3.000000e-001,1.050000, 0.000000e+000,
1.060000, 3.000000e-003,1.060000, 3.000000e-001,1.060000, 0.000000e+000,
1.070000, 3.000000e-003,1.070000, 3.000000e-001,1.070000, 0.000000e+000,
1.080000, 3.000000e-003,1.080000, 3.000000e-001,1.080000, 0.000000e+000,
1.090000, 3.000000e-003,1.090000, 3.000000e-001,1.090000, 0.000000e+000,
1.100000, 3.000000e-003,1.100000, 3.000000e-001,1.100000, 0.000000e+000,
1.110000, 3.000000e-003,1.110000, 3.000000e-001,1.110000, 0.000000e+000,
1.120000, 3.000000e-003,1.120000, 3.000000e-001,1.120000, 0.000000e+000,
1.130000, 3.000000e-003,1.130000, 3.000000e-001,1.130000, 0.000000e+000,
1.140000, 3.000000e-003,1.140000, 3.000000e-001,1.140000, 0.000000e+000,
1.150000, 3.000000e-003,1.150000, 3.000000e-001,1.150000, 0.000000e+000,
1.160000, 3.000000e-003,1.160000, 3.000000e-001,1.160000, 0.000000e+000,
1.170000, 3.000000e-003,1.170000, 3.000000e-001,1.170000, 0.000000e+000,
1.180000, 3.000000e-003,1.180000, 3.000000e-001,1.180000, 0.000000e+000,
1.190000, 3.000000e-003,1.190000, 3.000000e-001,1.190000, 0.000000e+000,
1.200000, 3.000000e-003,1.200000, 3.000000e-001,1.200000, 0.000000e+000,
1.210000, 3.000000e-003,1.210000, 3.000000e-001,1.210000, 0.000000e+000,
1.220000, 3.000000e-003,1.220000, 3.000000e-001,1.220000, 0.000000e+000,
1.230000, 3.000000e-003,1.230000, 3.000000e-001,1.230000, 0.000000e+000,
1.240000, 3.000000e-003,1.240000, 3.000000e-001,1.240000, 0.000000e+000,
1.250000, 3.000000e-003,1.250000, 3.000000e-001,1.250000, 0.000000e+000,
1.260000, 3.000000e-003,1.260000, 3.000000e-001,1.260000, 0.000000e+000,
1.270000, 3.000000e-003,1.270000, 3.000000e-001,1.270000, 0.000000e+000,
1.280000, 3.000000e-003,1.280000, 3.000000e-001,1.280000, 0.000000e+000,
1.290000, 3.000000e-003,1.290000, 3.000000e-001,1.290000, 0.000000e+000,
1.300000, 3.000000e-003,1.300000, 3.000000e-001,1.300000, 0.000000e+000,
1.310000, 3.000000e-003,1.310000, 3.000000e-001,1.310000, 0.000000e+000,
1.320000, 3.000000e-003,1.320000, 3.000000e-001,1.320000, 0.000000e+000,
1.330000, 3.000000e-003,1.330000, 3.000000e-001,1.330000, 0.000000e+000,
1.340000, 3.000000e-003,1.340000, 3.000000e-001,1.340000, 0.000000e+000,
1.350000, 3.000000e-003,1.350000, 3.000000e-001,1.350000, 0.000000e+000,
1.360000, 3.000000e-003,1.360000, 3.000000e-001,1.360000, 0.000000e+000,
1.370000, 3.000000e-003,1.370000, 3.000000e-001,1.370000, 0.000000e+000,
1.380000, 3.000000e-003,1.380000, 3.000000e-001,1.380000, 0.000000e+000,
1.390000, 3.000000e-003,1.390000, 3.000000e-001,1.390000, 0.000000e+000,
1.400000, 3.000000e-003,1.400000, 3.000000e-001,1.400000, 0.000000e+000,
1.410000, 3.000000e-003,1.410000, 3.000000e-001,1.410000, 0.000000e+000,
1.420000, 3.000000e-003,1.420000, 3.000000e-001,1.420000, 0.000000e+000,
1.430000, 3.000000e-003,1.430000, 3.000000e-001,1.430000, 0.000000e+000,
1.440000, 3.000000e-003,1.440000, 3.000000e-001,1.440000, 0.000000e+000,
1.450000, 3.000000e-003,1.450000, 3.000000e-001,1.450000, 0.000000e+000,
1.460000, 3.000000e-003,1.460000, 3.000000e-001,1.460000, 0.000000e+000,
1.470000, 3.000000e-003,1.470000, 3.000000e-001,1.470000, 0.000000e+000,
1.480000, 3.000000e-003,1.480000, 3.000000e-001,1.480000, 0.000000e+000,
1.490000, 3.000000e-003,1.490000, 3.000000e-001,1.490000, 0.000000e+000,
1.500000, 3.000000e-003,1.500000, 3.000000e-001,1.500000, 0.000000e+000,
1.510000, 3.000000e-003,1.510000, 3.000000e-001,1.510000, 0.000000e+000,
1.520000, 3.000000e-003,1.520000, 3.000000e-001,1.520000, 0.000000e+000,
1.530000, 3.000000e-003,1.530000, 3.000000e-001,1.530000, 0.000000e+000,
1.540000, 3.000000e-003,1.540000, 3.000000e-001,1.540000, 0.000000e+000,
1.550000, 3.000000e-003,1.550000, 3.000000e-001,1.550000, 0.000000e+000,
1.560000, 3.000000e-003,1.560000, 3.000000e-001,1.560000, 0.000000e+000,
1.570000, 3.000000e-003,1.570000, 3.000000e-001,1.570000, 0.000000e+000,
1.580000, 3.000000e-003,1.580000, 3.000000e-001,1.580000, 0.000000e+000,
1.590000, 3.000000e-003,1.590000, 3.000000e-001,1.590000, 0.000000e+000,
1.600000, 3.000000e-003,1.600000, 3.000000e-001,1.600000, 0.000000e+000,
1.610000, 3.000000e-003,1.610000, 3.000000e-001,1.610000, 0.000000e+000,
1.620000, 3.000000e-003,1.620000, 3.000000e-001,1.620000, 0.000000e+000,
1.630000, 3.000000e-003,1.630000, 3.000000e-001,1.630000, 0.000000e+000,
1.640000, 3.000000e-003,1.640000, 3.000000e-001,1.640000, 0.000000e+000,
1.650000, 3.000000e-003,1.650000, 3.000000e-001,1.650000, 0.000000e+000,
1.660000, 3.000000e-003,1.660000, 3.000000e-001,1.660000, 0.000000e+000,
1.670000, 3.000000e-003,1.670000, 3.000000e-001,1.670000, 0.000000e+000,
1.680000, 3.000000e-003,1.680000, 3.000000e-001,1.680000, 0.000000e+000,
1.690000, 3.000000e-003,1.690000, 3.000000e-001,1.690000, 0.000000e+000,
1.700000, 3.000000e-003,1.700000, 3.000000e-001,1.700000, 0.000000e+000,
1.710000, 3.000000e-003,1.710000, 3.000000e-001,1.710000, 0.000000e+000,
1.720000, 3.000000e-003,1.720000, 3.000000e-001,1.720000, 0.000000e+000,
1.730000, 3.000000e-003,1.730000, 3.000000e-001,1.730000, 0.000000e+000,
1.740000, 3.000000e-003,1.740000, 3.000000e-001,1.740000, 0.000000e+000,
1.750000, 3.000000e-003,1.750000, 3.000000e-001,1.750000, 0.000000e+000,
1.760000, 3.000000e-003,1.760000, 3.000000e-001,1.760000, 0.000000e+000,
1.770000, 3.000000e-003,1.770000, 3.000000e-001,1.770000, 0.000000e+000,
1.780000, 3.000000e-003,1.780000, 3.000000e-001,1.780000, 0.000000e+000,
1.790000, 3.000000e-003,1.790000, 3.000000e-001,1.790000, 0.000000e+000,
1.800000, 3.000000e-003,1.800000, 3.000000e-001,1.800000, 0.000000e+000,
1.810000, 3.000000e-003,1.810000, 3.000000e-001,1.810000, 0.000000e+000,
1.820000, 3.000000e-003,1.820000, 3.000000e-001,1.820000, 0.000000e+000,
1.830000, 3.000000e-003,1.830000, 3.000000e-001,1.830000, 0.000000e+000,
1.840000, 3.000000e-003,1.840000, 3.000000e-001,1.840000, 0.000000e+000,
1.850000, 3.000000e-003,1.850000, 3.000000e-001,1.850000, 0.000000e+000,
1.860000, 3.000000e-003,1.860000, 3.000000e-001,1.860000, 0.000000e+000,
1.870000, 3.000000e-003,1.870000, 3.000000e-001,1.870000, 0.000000e+000,
1.880000, 3.000000e-003,1.880000, 3.000000e-001,1.880000, 0.000000e+000,
1.890000, 3.000000e-003,1.890000, 3.000000e-001,1.890000, 0.000000e+000,
1.900000, 3.000000e-003,1.900000, 3.000000e-001,1.900000, 0.000000e+000,
1.910000, 3.000000e-003,1.910000, 3.000000e-001,1.910000, 0.000000e+000,
1.920000, 3.000000e-003,1.920000, 3.000000e-001,1.920000, 0.000000e+000,
1.930000, 3.000000e-003,1.930000, 3.000000e-001,1.930000, 0.000000e+000,
1.940000, 3.000000e-003,1.940000, 3.000000e-001,1.940000, 0.000000e+000,
1.950000, 3.000000e-003,1.950000, 3.000000e-001,1.950000, 0.000000e+000,
1.960000, 3.000000e-003,1.960000, 3.000000e-001,1.960000, 0.000000e+000,
1.970000, 3.000000e-003,1.970000, 3.000000e-001,1.970000, 0.000000e+000,
1.980000, 3.000000e-003,1.980000, 3.000000e-001,1.980000, 0.000000e+000,
1.990000, 3.000000e-003,1.990000, 3.000000e-001,1.990000, 0.000000e+000,
2.000000, 3.000000e-003,2.000000, 3.000000e-001,2.000000, 0.000000e+000,
2.010000, 3.000000e-003,2.010000, 3.000000e-001,2.010000, 0.000000e+000,
2.020000, 3.000000e-003,2.020000, 3.000000e-001,2.020000, 0.000000e+000,
2.030000, 3.000000e-003,2.030000, 3.000000e-001,2.030000, 0.000000e+000,
2.040000, 3.000000e-003,2.040000, 3.000000e-001,2.040000, 0.000000e+000,
2.050000, 3.000000e-003,2.050000, 3.000000e-001,2.050000, 0.000000e+000,
2.060000, 3.000000e-003,2.060000, 3.000000e-001,2.060000, 0.000000e+000,
2.070000, 3.000000e-003,2.070000, 3.000000e-001,2.070000, 0.000000e+000,
2.080000, 3.000000e-003,2.080000, 3.000000e-001,2.080000, 0.000000e+000,
2.090000, 3.000000e-003,2.090000, 3.000000e-001,2.090000, 0.000000e+000,
2.100000, 3.000000e-003,2.100000, 3.000000e-001,2.100000, 0.000000e+000,
2.110000, 3.000000e-003,2.110000, 3.000000e-001,2.110000, 0.000000e+000,
2.120000, 3.000000e-003,2.120000, 3.000000e-001,2.120000, 0.000000e+000,
2.130000, 3.000000e-003,2.130000, 3.000000e-001,2.130000, 0.000000e+000,
2.140000, 3.000000e-003,2.140000, 3.000000e-001,2.140000, 0.000000e+000,
2.150000, 3.000000e-003,2.150000, 3.000000e-001,2.150000, 0.000000e+000,
2.160000, 3.000000e-003,2.160000, 3.000000e-001,2.160000, 0.000000e+000,
2.170000, 3.000000e-003,2.170000, 3.000000e-001,2.170000, 0.000000e+000,
2.180000, 3.000000e-003,2.180000, 3.000000e-001,2.180000, 0.000000e+000,
2.190000, 3.000000e-003,2.190000, 3.000000e-001,2.190000, 0.000000e+000,
2.200000, 3.000000e-003,2.200000, 3.000000e-001,2.200000, 0.000000e+000,
2.210000, 3.000000e-003,2.210000, 3.000000e-001,2.210000, 0.000000e+000,
2.220000, 3.000000e-003,2.220000, 3.000000e-001,2.220000, 0.000000e+000,
2.230000, 3.000000e-003,2.230000, 3.000000e-001,2.230000, 0.000000e+000,
2.240000, 3.000000e-003,2.240000, 3.000000e-001,2.240000, 0.000000e+000,
2.250000, 3.000000e-003,2.250000, 3.000000e-001,2.250000, 0.000000e+000,
2.260000, 3.000000e-003,2.260000, 3.000000e-001,2.260000, 0.000000e+000,
2.270000, 3.000000e-003,2.270000, 3.000000e-001,2.270000, 0.000000e+000,
2.280000, 3.000000e-003,2.280000, 3.000000e-001,2.280000, 0.000000e+000,
2.290000, 3.000000e-003,2.290000, 3.000000e-001,2.290000, 0.000000e+000,
2.300000, 3.000000e-003,2.300000, 3.000000e-001,2.300000, 0.000000e+000,
2.310000, 3.000000e-003,2.310000, 3.000000e-001,2.310000, 0.000000e+000,
2.320000, 3.000000e-003,2.320000, 3.000000e-001,2.320000, 0.000000e+000,
2.330000, 3.000000e-003,2.330000, 3.000000e-001,2.330000, 0.000000e+000,
2.340000, 3.000000e-003,2.340000, 3.000000e-001,2.340000, 0.000000e+000,
2.350000, 3.000000e-003,2.350000, 3.000000e-001,2.350000, 0.000000e+000,
2.360000, 3.000000e-003,2.360000, 3.000000e-001,2.360000, 0.000000e+000,
2.370000, 3.000000e-003,2.370000, 3.000000e-001,2.370000, 0.000000e+000,
2.380000, 3.000000e-003,2.380000, 3.000000e-001,2.380000, 0.000000e+000,
2.390000, 3.000000e-003,2.390000, 3.000000e-001,2.390000, 0.000000e+000,
2.400000, 3.000000e-003,2.400000, 3.000000e-001,2.400000, 0.000000e+000,
2.410000, 3.000000e-003,2.410000, 3.000000e-001,2.410000, 0.000000e+000,
2.420000, 3.000000e-003,2.420000, 3.000000e-001,2.420000, 0.000000e+000,
2.430000, 3.000000e-003,2.430000, 3.000000e-001,2.430000, 0.000000e+000,
2.440000, 3.000000e-003,2.440000, 3.000000e-001,2.440000, 0.000000e+000,
2.450000, 3.000000e-003,2.450000, 3.000000e-001,2.450000, 0.000000e+000,
2.460000, 3.000000e-003,2.460000, 3.000000e-001,2.460000, 0.000000e+000,
2.470000, 3.000000e-003,2.470000, 3.000000e-001,2.470000, 0.000000e+000,
2.480000, 3.000000e-003,2.480000, 3.000000e-001,2.480000, 0.000000e+000,
2.490000, 3.000000e-003,2.490000, 3.000000e-001,2.490000, 0.000000e+000,
2.500000, 3.000000e-003,2.500000, 3.000000e-001,2.500000, 0.000000e+000,
2.510000, 3.000000e-003,2.510000, 3.000000e-001,2.510000, 0.000000e+000,
2.520000, 3.000000e-003,2.520000, 3.000000e-001,2.520000, 0.000000e+000,
2.530000, 3.000000e-003,2.530000, 3.000000e-001,2.530000, 0.000000e+000,
2.540000, 3.000000e-003,2.540000, 3.000000e-001,2.540000, 0.000000e+000,
2.550000, 3.000000e-003,2.550000, 3.000000e-001,2.550000, 0.000000e+000,
2.560000, 3.000000e-003,2.560000, 3.000000e-001,2.560000, 0.000000e+000,
2.570000, 3.000000e-003,2.570000, 3.000000e-001,2.570000, 0.000000e+000,
2.580000, 3.000000e-003,2.580000, 3.000000e-001,2.580000, 0.000000e+000,
2.590000, 3.000000e-003,2.590000, 3.000000e-001,2.590000, 0.000000e+000,
2.600000, 3.000000e-003,2.600000, 3.000000e-001,2.600000, 0.000000e+000,
2.610000, 3.000000e-003,2.610000, 3.000000e-001,2.610000, 0.000000e+000,
2.620000, 3.000000e-003,2.620000, 3.000000e-001,2.620000, 0.000000e+000,
2.630000, 3.000000e-003,2.630000, 3.000000e-001,2.630000, 0.000000e+000,
2.640000, 3.000000e-003,2.640000, 3.000000e-001,2.640000, 0.000000e+000,
2.650000, 3.000000e-003,2.650000, 3.000000e-001,2.650000, 0.000000e+000,
2.660000, 3.000000e-003,2.660000, 3.000000e-001,2.660000, 0.000000e+000,
2.670000, 3.000000e-003,2.670000, 3.000000e-001,2.670000, 0.000000e+000,
2.680000, 3.000000e-003,2.680000, 3.000000e-001,2.680000, 0.000000e+000,
2.690000, 3.000000e-003,2.690000, 3.000000e-001,2.690000, 0.000000e+000,
2.700000, 3.000000e-003,2.700000, 3.000000e-001,2.700000, 0.000000e+000,
2.710000, 3.000000e-003,2.710000, 3.000000e-001,2.710000, 0.000000e+000,
2.720000, 3.000000e-003,2.720000, 3.000000e-001,2.720000, 0.000000e+000,
2.730000, 3.000000e-003,2.730000, 3.000000e-001,2.730000, 0.000000e+000,
2.740000, 3.000000e-003,2.740000, 3.000000e-001,2.740000, 0.000000e+000,
2.750000, 3.000000e-003,2.750000, 3.000000e-001,2.750000, 0.000000e+000,
2.760000, 3.000000e-003,2.760000, 3.000000e-001,2.760000, 0.000000e+000,
2.770000, 3.000000e-003,2.770000, 3.000000e-001,2.770000, 0.000000e+000,
2.780000, 3.000000e-003,2.780000, 3.000000e-001,2.780000, 0.000000e+000,
2.790000, 3.000000e-003,2.790000, 3.000000e-001,2.790000, 0.000000e+000,
2.800000, 3.000000e-003,2.800000, 3.000000e-001,2.800000, 0.000000e+000,
2.810000, 3.000000e-003,2.810000, 3.000000e-001,2.810000, 0.000000e+000,
2.820000, 3.000000e-003,2.820000, 3.000000e-001,2.820000, 0.000000e+000,
2.830000, 3.000000e-003,2.830000, 3.000000e-001,2.830000, 0.000000e+000,
2.840000, 3.000000e-003,2.840000, 3.000000e-001,2.840000, 0.000000e+000,
2.850000, 3.000000e-003,2.850000, 3.000000e-001,2.850000, 0.000000e+000,
2.860000, 3.000000e-003,2.860000, 3.000000e-001,2.860000, 0.000000e+000,
2.870000, 3.000000e-003,2.870000, 3.000000e-001,2.870000, 0.000000e+000,
2.880000, 3.000000e-003,2.880000, 3.000000e-001,2.880000, 0.000000e+000,
2.890000, 3.000000e-003,2.890000, 3.000000e-001,2.890000, 0.000000e+000,
2.900000, 3.000000e-003,2.900000, 3.000000e-001,2.900000, 0.000000e+000,
2.910000, 3.000000e-003,2.910000, 3.000000e-001,2.910000, 0.000000e+000,
2.920000, 3.000000e-003,2.920000, 3.000000e-001,2.920000, 0.000000e+000,
2.930000, 3.000000e-003,2.930000, 3.000000e-001,2.930000, 0.000000e+000,
2.940000, 3.000000e-003,2.940000, 3.000000e-001,2.940000, 0.000000e+000,
2.950000, 3.000000e-003,2.950000, 3.000000e-001,2.950000, 0.000000e+000,
2.960000, 3.000000e-003,2.960000, 3.000000e-001,2.960000, 0.000000e+000,
2.970000, 3.000000e-003,2.970000, 3.000000e-001,2.970000, 0.000000e+000,
2.980000, 3.000000e-003,2.980000, 3.000000e-001,2.980000, 0.000000e+000,
2.990000, 3.000000e-003,2.990000, 3.000000e-001,2.990000, 0.000000e+000,
3.000000, 3.000000e-003,3.000000, 3.000000e-001,3.000000, 0.000000e+000,
3.010000, 3.000000e-003,3.010000, 3.000000e-001,3.010000, 0.000000e+000,
3.020000, 3.000000e-003,3.020000, 3.000000e-001,3.020000, 0.000000e+000,
3.030000, 3.000000e-003,3.030000, 3.000000e-001,3.030000, 0.000000e+000,
3.040000, 3.000000e-003,3.040000, 3.000000e-001,3.040000, 0.000000e+000,
3.050000, 3.000000e-003,3.050000, 3.000000e-001,3.050000, 0.000000e+000,
3.060000, 3.000000e-003,3.060000, 3.000000e-001,3.060000, 0.000000e+000,
3.070000, 3.000000e-003,3.070000, 3.000000e-001,3.070000, 0.000000e+000,
3.080000, 3.000000e-003,3.080000, 3.000000e-001,3.080000, 0.000000e+000,
3.090000, 3.000000e-003,3.090000, 3.000000e-001,3.090000, 0.000000e+000,
3.100000, 3.000000e-003,3.100000, 3.000000e-001,3.100000, 0.000000e+000,
3.110000, 3.000000e-003,3.110000, 3.000000e-001,3.110000, 0.000000e+000,
3.120000, 3.000000e-003,3.120000, 3.000000e-001,3.120000, 0.000000e+000,
3.130000, 3.000000e-003,3.130000, 3.000000e-001,3.130000, 0.000000e+000,
3.140000, 3.000000e-003,3.140000, 3.000000e-001,3.140000, 0.000000e+000,
3.150000, 3.000000e-003,3.150000, 3.000000e-001,3.150000, 0.000000e+000,
3.160000, 3.000000e-003,3.160000, 3.000000e-001,3.160000, 0.000000e+000,
3.170000, 3.000000e-003,3.170000, 3.000000e-001,3.170000, 0.000000e+000,
3.180000, 3.000000e-003,3.180000, 3.000000e-001,3.180000, 0.000000e+000,
3.190000, 3.000000e-003,3.190000, 3.000000e-001,3.190000, 0.000000e+000,
3.200000, 3.000000e-003,3.200000, 3.000000e-001,3.200000, 0.000000e+000,
3.210000, 3.000000e-003,3.210000, 3.000000e-001,3.210000, 0.000000e+000,
3.220000, 3.000000e-003,3.220000, 3.000000e-001,3.220000, 0.000000e+000,
3.230000, 3.000000e-003,3.230000, 3.000000e-001,3.230000, 0.000000e+000,
3.240000, 3.000000e-003,3.240000, 3.000000e-001,3.240000, 0.000000e+000,
3.250000, 3.000000e-003,3.250000, 3.000000e-001,3.250000, 0.000000e+000,
3.260000, 3.000000e-003,3.260000, 3.000000e-001,3.260000, 0.000000e+000,
3.270000, 3.000000e-003,3.270000, 3.000000e-001,3.270000, 0.000000e+000,
3.280000, 3.000000e-003,3.280000, 3.000000e-001,3.280000, 0.000000e+000,
3.290000, 3.000000e-003,3.290000, 3.000000e-001,3.290000, 0.000000e+000,
3.300000, 3.000000e-003,3.300000, 3.000000e-001,3.300000, 0.000000e+000,
3.310000, 3.000000e-003,3.310000, 3.000000e-001,3.310000, 0.000000e+000,
3.320000, 3.000000e-003,3.320000, 3.000000e-001,3.320000, 0.000000e+000,
3.330000, 3.000000e-003,3.330000, 3.000000e-001,3.330000, 0.000000e+000,
3.340000, 3.000000e-003,3.340000, 3.000000e-001,3.340000, 0.000000e+000,
3.350000, 3.000000e-003,3.350000, 3.000000e-001,3.350000, 0.000000e+000,
3.360000, 3.000000e-003,3.360000, 3.000000e-001,3.360000, 0.000000e+000,
3.370000, 3.000000e-003,3.370000, 3.000000e-001,3.370000, 0.000000e+000,
3.380000, 3.000000e-003,3.380000, 3.000000e-001,3.380000, 0.000000e+000,
3.390000, 3.000000e-003,3.390000, 3.000000e-001,3.390000, 0.000000e+000,
3.400000, 3.000000e-003,3.400000, 3.000000e-001,3.400000, 0.000000e+000,
3.410000, 3.000000e-003,3.410000, 3.000000e-001,3.410000, 0.000000e+000,
3.420000, 3.000000e-003,3.420000, 3.000000e-001,3.420000, 0.000000e+000,
3.430000, 3.000000e-003,3.430000, 3.000000e-001,3.430000, 0.000000e+000,
3.440000, 3.000000e-003,3.440000, 3.000000e-001,3.440000, 0.000000e+000,
3.450000, 3.000000e-003,3.450000, 3.000000e-001,3.450000, 0.000000e+000,
3.460000, 3.000000e-003,3.460000, 3.000000e-001,3.460000, 0.000000e+000,
3.470000, 3.000000e-003,3.470000, 3.000000e-001,3.470000, 0.000000e+000,
3.480000, 3.000000e-003,3.480000, 3.000000e-001,3.480000, 0.000000e+000,
3.490000, 3.000000e-003,3.490000, 3.000000e-001,3.490000, 0.000000e+000,
3.500000, 3.000000e-003,3.500000, 3.000000e-001,3.500000, 0.000000e+000,
3.510000, 3.000000e-003,3.510000, 3.000000e-001,3.510000, 0.000000e+000,
3.520000, 3.000000e-003,3.520000, 3.000000e-001,3.520000, 0.000000e+000,
3.530000, 3.000000e-003,3.530000, 3.000000e-001,3.530000, 0.000000e+000,
3.540000, 3.000000e-003,3.540000, 3.000000e-001,3.540000, 0.000000e+000,
3.550000, 3.000000e-003,3.550000, 3.000000e-001,3.550000, 0.000000e+000,
3.560000, 3.000000e-003,3.560000, 3.000000e-001,3.560000, 0.000000e+000,
3.570000, 3.000000e-003,3.570000, 3.000000e-001,3.570000, 0.000000e+000,
3.580000, 3.000000e-003,3.580000, 3.000000e-001,3.580000, 0.000000e+000,
3.590000, 3.000000e-003,3.590000, 3.000000e-001,3.590000, 0.000000e+000,
3.600000, 3.000000e-003,3.600000, 3.000000e-001,3.600000, 0.000000e+000,
3.610000, 3.000000e-003,3.610000, 3.000000e-001,3.610000, 0.000000e+000,
3.620000, 3.000000e-003,3.620000, 3.000000e-001,3.620000, 0.000000e+000,
3.630000, 3.000000e-003,3.630000, 3.000000e-001,3.630000, 0.000000e+000,
3.640000, 3.000000e-003,3.640000, 3.000000e-001,3.640000, 0.000000e+000,
3.650000, 3.000000e-003,3.650000, 3.000000e-001,3.650000, 0.000000e+000,
3.660000, 3.000000e-003,3.660000, 3.000000e-001,3.660000, 0.000000e+000,
3.670000, 3.000000e-003,3.670000, 3.000000e-001,3.670000, 0.000000e+000,
3.680000, 3.000000e-003,3.680000, 3.000000e-001,3.680000, 0.000000e+000,
3.690000, 3.000000e-003,3.690000, 3.000000e-001,3.690000, 0.000000e+000,
3.700000, 3.000000e-003,3.700000, 3.000000e-001,3.700000, 0.000000e+000,
3.710000, 3.000000e-003,3.710000, 3.000000e-001,3.710000, 0.000000e+000,
3.720000, 3.000000e-003,3.720000, 3.000000e-001,3.720000, 0.000000e+000,
3.730000, 3.000000e-003,3.730000, 3.000000e-001,3.730000, 0.000000e+000,
3.740000, 3.000000e-003,3.740000, 3.000000e-001,3.740000, 0.000000e+000,
3.750000, 3.000000e-003,3.750000, 3.000000e-001,3.750000, 0.000000e+000,
3.760000, 3.000000e-003,3.760000, 3.000000e-001,3.760000, 0.000000e+000,
3.770000, 3.000000e-003,3.770000, 3.000000e-001,3.770000, 0.000000e+000,
3.780000, 3.000000e-003,3.780000, 3.000000e-001,3.780000, 0.000000e+000,
3.790000, 3.000000e-003,3.790000, 3.000000e-001,3.790000, 0.000000e+000,
3.800000, 3.000000e-003,3.800000, 3.000000e-001,3.800000, 0.000000e+000,
3.810000, 3.000000e-003,3.810000, 3.000000e-001,3.810000, 0.000000e+000,
3.820000, 3.000000e-003,3.820000, 3.000000e-001,3.820000, 0.000000e+000,
3.830000, 3.000000e-003,3.830000, 3.000000e-001,3.830000, 0.000000e+000,
3.840000, 3.000000e-003,3.840000, 3.000000e-001,3.840000, 0.000000e+000,
3.850000, 3.000000e-003,3.850000, 3.000000e-001,3.850000, 0.000000e+000,
3.860000, 3.000000e-003,3.860000, 3.000000e-001,3.860000, 0.000000e+000,
3.870000, 3.000000e-003,3.870000, 3.000000e-001,3.870000, 0.000000e+000,
3.880000, 3.000000e-003,3.880000, 3.000000e-001,3.880000, 0.000000e+000,
3.890000, 3.000000e-003,3.890000, 3.000000e-001,3.890000, 0.000000e+000,
3.900000, 3.000000e-003,3.900000, 3.000000e-001,3.900000, 0.000000e+000,
3.910000, 3.000000e-003,3.910000, 3.000000e-001,3.910000, 0.000000e+000,
3.920000, 3.000000e-003,3.920000, 3.000000e-001,3.920000, 0.000000e+000,
3.930000, 3.000000e-003,3.930000, 3.000000e-001,3.930000, 0.000000e+000,
3.940000, 3.000000e-003,3.940000, 3.000000e-001,3.940000, 0.000000e+000,
3.950000, 3.000000e-003,3.950000, 3.000000e-001,3.950000, 0.000000e+000,
3.960000, 3.000000e-003,3.960000, 3.000000e-001,3.960000, 0.000000e+000,
3.970000, 3.000000e-003,3.970000, 3.000000e-001,3.970000, 0.000000e+000,
3.980000, 3.000000e-003,3.980000, 3.000000e-001,3.980000, 0.000000e+000,
3.990000, 3.000000e-003,3.990000, 3.000000e-001,3.990000, 0.000000e+000,
4.000000, 3.000000e-003,4.000000, 3.000000e-001,4.000000, 0.000000e+000,
4.010000, 3.000000e-003,4.010000, 3.000000e-001,4.010000, 0.000000e+000,
4.020000, 3.000000e-003,4.020000, 3.000000e-001,4.020000, 0.000000e+000,
4.030000, 3.000000e-003,4.030000, 3.000000e-001,4.030000, 0.000000e+000,
4.040000, 3.000000e-003,4.040000, 3.000000e-001,4.040000, 0.000000e+000,
4.050000, 3.000000e-003,4.050000, 3.000000e-001,4.050000, 0.000000e+000,
4.060000, 3.000000e-003,4.060000, 3.000000e-001,4.060000, 0.000000e+000,
4.070000, 3.000000e-003,4.070000, 3.000000e-001,4.070000, 0.000000e+000,
4.080000, 3.000000e-003,4.080000, 3.000000e-001,4.080000, 0.000000e+000,
4.090000, 3.000000e-003,4.090000, 3.000000e-001,4.090000, 0.000000e+000,
4.100000, 3.000000e-003,4.100000, 3.000000e-001,4.100000, 0.000000e+000,
4.110000, 3.000000e-003,4.110000, 3.000000e-001,4.110000, 0.000000e+000,
4.120000, 3.000000e-003,4.120000, 3.000000e-001,4.120000, 0.000000e+000,
4.130000, 3.000000e-003,4.130000, 3.000000e-001,4.130000, 0.000000e+000,
4.140000, 3.000000e-003,4.140000, 3.000000e-001,4.140000, 0.000000e+000,
4.150000, 3.000000e-003,4.150000, 3.000000e-001,4.150000, 0.000000e+000,
4.160000, 3.000000e-003,4.160000, 3.000000e-001,4.160000, 0.000000e+000,
4.170000, 3.000000e-003,4.170000, 3.000000e-001,4.170000, 0.000000e+000,
4.180000, 3.000000e-003,4.180000, 3.000000e-001,4.180000, 0.000000e+000,
4.190000, 3.000000e-003,4.190000, 3.000000e-001,4.190000, 0.000000e+000,
4.200000, 3.000000e-003,4.200000, 3.000000e-001,4.200000, 0.000000e+000,
4.210000, 3.000000e-003,4.210000, 3.000000e-001,4.210000, 0.000000e+000,
4.220000, 3.000000e-003,4.220000, 3.000000e-001,4.220000, 0.000000e+000,
4.230000, 3.000000e-003,4.230000, 3.000000e-001,4.230000, 0.000000e+000,
4.240000, 3.000000e-003,4.240000, 3.000000e-001,4.240000, 0.000000e+000,
4.250000, 3.000000e-003,4.250000, 3.000000e-001,4.250000, 0.000000e+000,
4.260000, 3.000000e-003,4.260000, 3.000000e-001,4.260000, 0.000000e+000,
4.270000, 3.000000e-003,4.270000, 3.000000e-001,4.270000, 0.000000e+000,
4.280000, 3.000000e-003,4.280000, 3.000000e-001,4.280000, 0.000000e+000,
4.290000, 3.000000e-003,4.290000, 3.000000e-001,4.290000, 0.000000e+000,
4.300000, 3.000000e-003,4.300000, 3.000000e-001,4.300000, 0.000000e+000,
4.310000, 3.000000e-003,4.310000, 3.000000e-001,4.310000, 0.000000e+000,
4.320000, 3.000000e-003,4.320000, 3.000000e-001,4.320000, 0.000000e+000,
4.330000, 3.000000e-003,4.330000, 3.000000e-001,4.330000, 0.000000e+000,
4.340000, 3.000000e-003,4.340000, 3.000000e-001,4.340000, 0.000000e+000,
4.350000, 3.000000e-003,4.350000, 3.000000e-001,4.350000, 0.000000e+000,
4.360000, 3.000000e-003,4.360000, 3.000000e-001,4.360000, 0.000000e+000,
4.370000, 3.000000e-003,4.370000, 3.000000e-001,4.370000, 0.000000e+000,
4.380000, 3.000000e-003,4.380000, 3.000000e-001,4.380000, 0.000000e+000,
4.390000, 3.000000e-003,4.390000, 3.000000e-001,4.390000, 0.000000e+000,
4.400000, 3.000000e-003,4.400000, 3.000000e-001,4.400000, 0.000000e+000,
4.410000, 3.000000e-003,4.410000, 3.000000e-001,4.410000, 0.000000e+000,
4.420000, 3.000000e-003,4.420000, 3.000000e-001,4.420000, 0.000000e+000,
4.430000, 3.000000e-003,4.430000, 3.000000e-001,4.430000, 0.000000e+000,
4.440000, 3.000000e-003,4.440000, 3.000000e-001,4.440000, 0.000000e+000,
4.450000, 3.000000e-003,4.450000, 3.000000e-001,4.450000, 0.000000e+000,
4.460000, 3.000000e-003,4.460000, 3.000000e-001,4.460000, 0.000000e+000,
4.470000, 3.000000e-003,4.470000, 3.000000e-001,4.470000, 0.000000e+000,
4.480000, 3.000000e-003,4.480000, 3.000000e-001,4.480000, 0.000000e+000,
4.490000, 3.000000e-003,4.490000, 3.000000e-001,4.490000, 0.000000e+000,
4.500000, 3.000000e-003,4.500000, 3.000000e-001,4.500000, 0.000000e+000,
4.510000, 3.000000e-003,4.510000, 3.000000e-001,4.510000, 0.000000e+000,
4.520000, 3.000000e-003,4.520000, 3.000000e-001,4.520000, 0.000000e+000,
4.530000, 3.000000e-003,4.530000, 3.000000e-001,4.530000, 0.000000e+000,
4.540000, 3.000000e-003,4.540000, 3.000000e-001,4.540000, 0.000000e+000,
4.550000, 3.000000e-003,4.550000, 3.000000e-001,4.550000, 0.000000e+000,
4.560000, 3.000000e-003,4.560000, 3.000000e-001,4.560000, 0.000000e+000,
4.570000, 3.000000e-003,4.570000, 3.000000e-001,4.570000, 0.000000e+000,
4.580000, 3.000000e-003,4.580000, 3.000000e-001,4.580000, 0.000000e+000,
4.590000, 3.000000e-003,4.590000, 3.000000e-001,4.590000, 0.000000e+000,
4.600000, 3.000000e-003,4.600000, 3.000000e-001,4.600000, 0.000000e+000,
4.610000, 3.000000e-003,4.610000, 3.000000e-001,4.610000, 0.000000e+000,
4.620000, 3.000000e-003,4.620000, 3.000000e-001,4.620000, 0.000000e+000,
4.630000, 3.000000e-003,4.630000, 3.000000e-001,4.630000, 0.000000e+000,
4.640000, 3.000000e-003,4.640000, 3.000000e-001,4.640000, 0.000000e+000,
4.650000, 3.000000e-003,4.650000, 3.000000e-001,4.650000, 0.000000e+000,
4.660000, 3.000000e-003,4.660000, 3.000000e-001,4.660000, 0.000000e+000,
4.670000, 3.000000e-003,4.670000, 3.000000e-001,4.670000, 0.000000e+000,
4.680000, 3.000000e-003,4.680000, 3.000000e-001,4.680000, 0.000000e+000,
4.690000, 3.000000e-003,4.690000, 3.000000e-001,4.690000, 0.000000e+000,
4.700000, 3.000000e-003,4.700000, 3.000000e-001,4.700000, 0.000000e+000,
4.710000, 3.000000e-003,4.710000, 3.000000e-001,4.710000, 0.000000e+000,
4.720000, 3.000000e-003,4.720000, 3.000000e-001,4.720000, 0.000000e+000,
4.730000, 3.000000e-003,4.730000, 3.000000e-001,4.730000, 0.000000e+000,
4.740000, 3.000000e-003,4.740000, 3.000000e-001,4.740000, 0.000000e+000,
4.750000, 3.000000e-003,4.750000, 3.000000e-001,4.750000, 0.000000e+000,
4.760000, 3.000000e-003,4.760000, 3.000000e-001,4.760000, 0.000000e+000,
4.770000, 3.000000e-003,4.770000, 3.000000e-001,4.770000, 0.000000e+000,
4.780000, 3.000000e-003,4.780000, 3.000000e-001,4.780000, 0.000000e+000,
4.790000, 3.000000e-003,4.790000, 3.000000e-001,4.790000, 0.000000e+000,
4.800000, 3.000000e-003,4.800000, 3.000000e-001,4.800000, 0.000000e+000,
4.810000, 3.000000e-003,4.810000, 3.000000e-001,4.810000, 0.000000e+000,
4.820000, 3.000000e-003,4.820000, 3.000000e-001,4.820000, 0.000000e+000,
4.830000, 3.000000e-003,4.830000, 3.000000e-001,4.830000, 0.000000e+000,
4.840000, 3.000000e-003,4.840000, 3.000000e-001,4.840000, 0.000000e+000,
4.850000, 3.000000e-003,4.850000, 3.000000e-001,4.850000, 0.000000e+000,
4.860000, 3.000000e-003,4.860000, 3.000000e-001,4.860000, 0.000000e+000,
4.870000, 3.000000e-003,4.870000, 3.000000e-001,4.870000, 0.000000e+000,
4.880000, 3.000000e-003,4.880000, 3.000000e-001,4.880000, 0.000000e+000,
4.890000, 3.000000e-003,4.890000, 3.000000e-001,4.890000, 0.000000e+000,
4.900000, 3.000000e-003,4.900000, 3.000000e-001,4.900000, 0.000000e+000,
4.910000, 3.000000e-003,4.910000, 3.000000e-001,4.910000, 0.000000e+000,
4.920000, 3.000000e-003,4.920000, 3.000000e-001,4.920000, 0.000000e+000,
4.930000, 3.000000e-003,4.930000, 3.000000e-001,4.930000, 0.000000e+000,
4.940000, 3.000000e-003,4.940000, 3.000000e-001,4.940000, 0.000000e+000,
4.950000, 3.000000e-003,4.950000, 3.000000e-001,4.950000, 0.000000e+000,
4.960000, 3.000000e-003,4.960000, 3.000000e-001,4.960000, 0.000000e+000,
4.970000, 3.000000e-003,4.970000, 3.000000e-001,4.970000, 0.000000e+000,
4.980000, 3.000000e-003,4.980000, 3.000000e-001,4.980000, 0.000000e+000,
4.990000, 3.000000e-003,4.990000, 3.000000e-001,4.990000, 0.000000e+000,
5.000000, 3.000000e-003,5.000000, 3.000000e-001,5.000000, 0.000000e+000,
5.010000, 3.000000e-003,5.010000, 3.000000e-001,5.010000, 0.000000e+000,
5.020000, 3.000000e-003,5.020000, 3.000000e-001,5.020000, 0.000000e+000,
5.030000, 3.000000e-003,5.030000, 3.000000e-001,5.030000, 0.000000e+000,
5.040000, 3.000000e-003,5.040000, 3.000000e-001,5.040000, 0.000000e+000,
5.050000, 3.000000e-003,5.050000, 3.000000e-001,5.050000, 0.000000e+000,
5.060000, 3.000000e-003,5.060000, 3.000000e-001,5.060000, 0.000000e+000,
5.070000, 3.000000e-003,5.070000, 3.000000e-001,5.070000, 0.000000e+000,
5.080000, 3.000000e-003,5.080000, 3.000000e-001,5.080000, 0.000000e+000,
5.090000, 3.000000e-003,5.090000, 3.000000e-001,5.090000, 0.000000e+000,
5.100000, 3.000000e-003,5.100000, 3.000000e-001,5.100000, 0.000000e+000,
5.110000, 3.000000e-003,5.110000, 3.000000e-001,5.110000, 0.000000e+000,
5.120000, 3.000000e-003,5.120000, 3.000000e-001,5.120000, 0.000000e+000,
5.130000, 3.000000e-003,5.130000, 3.000000e-001,5.130000, 0.000000e+000,
5.140000, 3.000000e-003,5.140000, 3.000000e-001,5.140000, 0.000000e+000,
5.150000, 3.000000e-003,5.150000, 3.000000e-001,5.150000, 0.000000e+000,
5.160000, 3.000000e-003,5.160000, 3.000000e-001,5.160000, 0.000000e+000,
5.170000, 3.000000e-003,5.170000, 3.000000e-001,5.170000, 0.000000e+000,
5.180000, 3.000000e-003,5.180000, 3.000000e-001,5.180000, 0.000000e+000,
5.190000, 3.000000e-003,5.190000, 3.000000e-001,5.190000, 0.000000e+000,
5.200000, 3.000000e-003,5.200000, 3.000000e-001,5.200000, 0.000000e+000,
5.210000, 3.000000e-003,5.210000, 3.000000e-001,5.210000, 0.000000e+000,
5.220000, 3.000000e-003,5.220000, 3.000000e-001,5.220000, 0.000000e+000,
5.230000, 3.000000e-003,5.230000, 3.000000e-001,5.230000, 0.000000e+000,
5.240000, 3.000000e-003,5.240000, 3.000000e-001,5.240000, 0.000000e+000,
5.250000, 3.000000e-003,5.250000, 3.000000e-001,5.250000, 0.000000e+000,
5.260000, 3.000000e-003,5.260000, 3.000000e-001,5.260000, 0.000000e+000,
5.270000, 3.000000e-003,5.270000, 3.000000e-001,5.270000, 0.000000e+000,
5.280000, 3.000000e-003,5.280000, 3.000000e-001,5.280000, 0.000000e+000,
5.290000, 3.000000e-003,5.290000, 3.000000e-001,5.290000, 0.000000e+000,
5.300000, 3.000000e-003,5.300000, 3.000000e-001,5.300000, 0.000000e+000,
5.310000, 3.000000e-003,5.310000, 3.000000e-001,5.310000, 0.000000e+000,
5.320000, 3.000000e-003,5.320000, 3.000000e-001,5.320000, 0.000000e+000,
5.330000, 3.000000e-003,5.330000, 3.000000e-001,5.330000, 0.000000e+000,
5.340000, 3.000000e-003,5.340000, 3.000000e-001,5.340000, 0.000000e+000,
5.350000, 3.000000e-003,5.350000, 3.000000e-001,5.350000, 0.000000e+000,
5.360000, 3.000000e-003,5.360000, 3.000000e-001,5.360000, 0.000000e+000,
5.370000, 3.000000e-003,5.370000, 3.000000e-001,5.370000, 0.000000e+000,
5.380000, 3.000000e-003,5.380000, 3.000000e-001,5.380000, 0.000000e+000,
5.390000, 3.000000e-003,5.390000, 3.000000e-001,5.390000, 0.000000e+000,
5.400000, 3.000000e-003,5.400000, 3.000000e-001,5.400000, 0.000000e+000,
5.410000, 3.000000e-003,5.410000, 3.000000e-001,5.410000, 0.000000e+000,
5.420000, 3.000000e-003,5.420000, 3.000000e-001,5.420000, 0.000000e+000,
5.430000, 3.000000e-003,5.430000, 3.000000e-001,5.430000, 0.000000e+000,
5.440000, 3.000000e-003,5.440000, 3.000000e-001,5.440000, 0.000000e+000,
5.450000, 3.000000e-003,5.450000, 3.000000e-001,5.450000, 0.000000e+000,
5.460000, 3.000000e-003,5.460000, 3.000000e-001,5.460000, 0.000000e+000,
5.470000, 3.000000e-003,5.470000, 3.000000e-001,5.470000, 0.000000e+000,
5.480000, 3.000000e-003,5.480000, 3.000000e-001,5.480000, 0.000000e+000,
5.490000, 3.000000e-003,5.490000, 3.000000e-001,5.490000, 0.000000e+000,
5.500000, 3.000000e-003,5.500000, 3.000000e-001,5.500000, 0.000000e+000,
5.510000, 3.000000e-003,5.510000, 3.000000e-001,5.510000, 0.000000e+000,
5.520000, 3.000000e-003,5.520000, 3.000000e-001,5.520000, 0.000000e+000,
5.530000, 3.000000e-003,5.530000, 3.000000e-001,5.530000, 0.000000e+000,
5.540000, 3.000000e-003,5.540000, 3.000000e-001,5.540000, 0.000000e+000,
5.550000, 3.000000e-003,5.550000, 3.000000e-001,5.550000, 0.000000e+000,
5.560000, 3.000000e-003,5.560000, 3.000000e-001,5.560000, 0.000000e+000,
5.570000, 3.000000e-003,5.570000, 3.000000e-001,5.570000, 0.000000e+000,
5.580000, 3.000000e-003,5.580000, 3.000000e-001,5.580000, 0.000000e+000,
5.590000, 3.000000e-003,5.590000, 3.000000e-001,5.590000, 0.000000e+000,
5.600000, 3.000000e-003,5.600000, 3.000000e-001,5.600000, 0.000000e+000,
5.610000, 3.000000e-003,5.610000, 3.000000e-001,5.610000, 0.000000e+000,
5.620000, 3.000000e-003,5.620000, 3.000000e-001,5.620000, 0.000000e+000,
5.630000, 3.000000e-003,5.630000, 3.000000e-001,5.630000, 0.000000e+000,
5.640000, 3.000000e-003,5.640000, 3.000000e-001,5.640000, 0.000000e+000,
5.650000, 3.000000e-003,5.650000, 3.000000e-001,5.650000, 0.000000e+000,
5.660000, 3.000000e-003,5.660000, 3.000000e-001,5.660000, 0.000000e+000,
5.670000, 3.000000e-003,5.670000, 3.000000e-001,5.670000, 0.000000e+000,
5.680000, 3.000000e-003,5.680000, 3.000000e-001,5.680000, 0.000000e+000,
5.690000, 3.000000e-003,5.690000, 3.000000e-001,5.690000, 0.000000e+000,
5.700000, 3.000000e-003,5.700000, 3.000000e-001,5.700000, 0.000000e+000,
5.710000, 3.000000e-003,5.710000, 3.000000e-001,5.710000, 0.000000e+000,
5.720000, 3.000000e-003,5.720000, 3.000000e-001,5.720000, 0.000000e+000,
5.730000, 3.000000e-003,5.730000, 3.000000e-001,5.730000, 0.000000e+000,
5.740000, 3.000000e-003,5.740000, 3.000000e-001,5.740000, 0.000000e+000,
5.750000, 3.000000e-003,5.750000, 3.000000e-001,5.750000, 0.000000e+000,
5.760000, 3.000000e-003,5.760000, 3.000000e-001,5.760000, 0.000000e+000,
5.770000, 3.000000e-003,5.770000, 3.000000e-001,5.770000, 0.000000e+000,
5.780000, 3.000000e-003,5.780000, 3.000000e-001,5.780000, 0.000000e+000,
5.790000, 3.000000e-003,5.790000, 3.000000e-001,5.790000, 0.000000e+000,
5.800000, 3.000000e-003,5.800000, 3.000000e-001,5.800000, 0.000000e+000,
5.810000, 3.000000e-003,5.810000, 3.000000e-001,5.810000, 0.000000e+000,
5.820000, 3.000000e-003,5.820000, 3.000000e-001,5.820000, 0.000000e+000,
5.830000, 3.000000e-003,5.830000, 3.000000e-001,5.830000, 0.000000e+000,
5.840000, 3.000000e-003,5.840000, 3.000000e-001,5.840000, 0.000000e+000,
5.850000, 3.000000e-003,5.850000, 3.000000e-001,5.850000, 0.000000e+000,
5.860000, 3.000000e-003,5.860000, 3.000000e-001,5.860000, 0.000000e+000,
5.870000, 3.000000e-003,5.870000, 3.000000e-001,5.870000, 0.000000e+000,
5.880000, 3.000000e-003,5.880000, 3.000000e-001,5.880000, 0.000000e+000,
5.890000, 3.000000e-003,5.890000, 3.000000e-001,5.890000, 0.000000e+000,
5.900000, 3.000000e-003,5.900000, 3.000000e-001,5.900000, 0.000000e+000,
5.910000, 3.000000e-003,5.910000, 3.000000e-001,5.910000, 0.000000e+000,
5.920000, 3.000000e-003,5.920000, 3.000000e-001,5.920000, 0.000000e+000,
5.930000, 3.000000e-003,5.930000, 3.000000e-001,5.930000, 0.000000e+000,
5.940000, 3.000000e-003,5.940000, 3.000000e-001,5.940000, 0.000000e+000,
5.950000, 3.000000e-003,5.950000, 3.000000e-001,5.950000, 0.000000e+000,
5.960000, 3.000000e-003,5.960000, 3.000000e-001,5.960000, 0.000000e+000,
5.970000, 3.000000e-003,5.970000, 3.000000e-001,5.970000, 0.000000e+000,
5.980000, 3.000000e-003,5.980000, 3.000000e-001,5.980000, 0.000000e+000,
5.990000, 3.000000e-003,5.990000, 3.000000e-001,5.990000, 0.000000e+000,
6.000000, 3.000000e-003,6.000000, 3.000000e-001,6.000000, 0.000000e+000,
6.010000, 3.000000e-003,6.010000, 3.000000e-001,6.010000, 0.000000e+000,
6.020000, 3.000000e-003,6.020000, 3.000000e-001,6.020000, 0.000000e+000,
6.030000, 3.000000e-003,6.030000, 3.000000e-001,6.030000, 0.000000e+000,
6.040000, 3.000000e-003,6.040000, 3.000000e-001,6.040000, 0.000000e+000,
6.050000, 3.000000e-003,6.050000, 3.000000e-001,6.050000, 0.000000e+000,
6.060000, 3.000000e-003,6.060000, 3.000000e-001,6.060000, 0.000000e+000,
6.070000, 3.000000e-003,6.070000, 3.000000e-001,6.070000, 0.000000e+000,
6.080000, 3.000000e-003,6.080000, 3.000000e-001,6.080000, 0.000000e+000,
6.090000, 3.000000e-003,6.090000, 3.000000e-001,6.090000, 0.000000e+000,
6.100000, 3.000000e-003,6.100000, 3.000000e-001,6.100000, 0.000000e+000,
6.110000, 3.000000e-003,6.110000, 3.000000e-001,6.110000, 0.000000e+000,
6.120000, 3.000000e-003,6.120000, 3.000000e-001,6.120000, 0.000000e+000,
6.130000, 3.000000e-003,6.130000, 3.000000e-001,6.130000, 0.000000e+000,
6.140000, 3.000000e-003,6.140000, 3.000000e-001,6.140000, 0.000000e+000,
6.150000, 3.000000e-003,6.150000, 3.000000e-001,6.150000, 0.000000e+000,
6.160000, 3.000000e-003,6.160000, 3.000000e-001,6.160000, 0.000000e+000,
6.170000, 3.000000e-003,6.170000, 3.000000e-001,6.170000, 0.000000e+000,
6.180000, 3.000000e-003,6.180000, 3.000000e-001,6.180000, 0.000000e+000,
6.190000, 3.000000e-003,6.190000, 3.000000e-001,6.190000, 0.000000e+000,
6.200000, 3.000000e-003,6.200000, 3.000000e-001,6.200000, 0.000000e+000,
6.210000, 3.000000e-003,6.210000, 3.000000e-001,6.210000, 0.000000e+000,
6.220000, 3.000000e-003,6.220000, 3.000000e-001,6.220000, 0.000000e+000,
6.230000, 3.000000e-003,6.230000, 3.000000e-001,6.230000, 0.000000e+000,
6.240000, 3.000000e-003,6.240000, 3.000000e-001,6.240000, 0.000000e+000,
6.250000, 3.000000e-003,6.250000, 3.000000e-001,6.250000, 0.000000e+000,
6.260000, 3.000000e-003,6.260000, 3.000000e-001,6.260000, 0.000000e+000,
6.270000, 3.000000e-003,6.270000, 3.000000e-001,6.270000, 0.000000e+000,
6.280000, 3.000000e-003,6.280000, 3.000000e-001,6.280000, 0.000000e+000,
6.290000, 3.000000e-003,6.290000, 3.000000e-001,6.290000, 0.000000e+000,
6.300000, 3.000000e-003,6.300000, 3.000000e-001,6.300000, 0.000000e+000,
6.310000, 3.000000e-003,6.310000, 3.000000e-001,6.310000, 0.000000e+000,
6.320000, 3.000000e-003,6.320000, 3.000000e-001,6.320000, 0.000000e+000,
6.330000, 3.000000e-003,6.330000, 3.000000e-001,6.330000, 0.000000e+000,
6.340000, 3.000000e-003,6.340000, 3.000000e-001,6.340000, 0.000000e+000,
6.350000, 3.000000e-003,6.350000, 3.000000e-001,6.350000, 0.000000e+000,
6.360000, 3.000000e-003,6.360000, 3.000000e-001,6.360000, 0.000000e+000,
6.370000, 3.000000e-003,6.370000, 3.000000e-001,6.370000, 0.000000e+000,
6.380000, 3.000000e-003,6.380000, 3.000000e-001,6.380000, 0.000000e+000,
6.390000, 3.000000e-003,6.390000, 3.000000e-001,6.390000, 0.000000e+000,
6.400000, 3.000000e-003,6.400000, 3.000000e-001,6.400000, 0.000000e+000,
6.410000, 3.000000e-003,6.410000, 3.000000e-001,6.410000, 0.000000e+000,
6.420000, 3.000000e-003,6.420000, 3.000000e-001,6.420000, 0.000000e+000,
6.430000, 3.000000e-003,6.430000, 3.000000e-001,6.430000, 0.000000e+000,
6.440000, 3.000000e-003,6.440000, 3.000000e-001,6.440000, 0.000000e+000,
6.450000, 3.000000e-003,6.450000, 3.000000e-001,6.450000, 0.000000e+000,
6.460000, 3.000000e-003,6.460000, 3.000000e-001,6.460000, 0.000000e+000,
6.470000, 3.000000e-003,6.470000, 3.000000e-001,6.470000, 0.000000e+000,
6.480000, 3.000000e-003,6.480000, 3.000000e-001,6.480000, 0.000000e+000,
6.490000, 3.000000e-003,6.490000, 3.000000e-001,6.490000, 0.000000e+000,
6.500000, 3.000000e-003,6.500000, 3.000000e-001,6.500000, 0.000000e+000,
6.510000, 3.000000e-003,6.510000, 3.000000e-001,6.510000, 0.000000e+000,
6.520000, 3.000000e-003,6.520000, 3.000000e-001,6.520000, 0.000000e+000,
6.530000, 3.000000e-003,6.530000, 3.000000e-001,6.530000, 0.000000e+000,
6.540000, 3.000000e-003,6.540000, 3.000000e-001,6.540000, 0.000000e+000,
6.550000, 3.000000e-003,6.550000, 3.000000e-001,6.550000, 0.000000e+000,
6.560000, 3.000000e-003,6.560000, 3.000000e-001,6.560000, 0.000000e+000,
6.570000, 3.000000e-003,6.570000, 3.000000e-001,6.570000, 0.000000e+000,
6.580000, 3.000000e-003,6.580000, 3.000000e-001,6.580000, 0.000000e+000,
6.590000, 3.000000e-003,6.590000, 3.000000e-001,6.590000, 0.000000e+000,
6.600000, 3.000000e-003,6.600000, 3.000000e-001,6.600000, 0.000000e+000,
6.610000, 3.000000e-003,6.610000, 3.000000e-001,6.610000, 0.000000e+000,
6.620000, 3.000000e-003,6.620000, 3.000000e-001,6.620000, 0.000000e+000,
6.630000, 3.000000e-003,6.630000, 3.000000e-001,6.630000, 0.000000e+000,
6.640000, 3.000000e-003,6.640000, 3.000000e-001,6.640000, 0.000000e+000,
6.650000, 3.000000e-003,6.650000, 3.000000e-001,6.650000, 0.000000e+000,
6.660000, 3.000000e-003,6.660000, 3.000000e-001,6.660000, 0.000000e+000,
6.670000, 3.000000e-003,6.670000, 3.000000e-001,6.670000, 0.000000e+000,
6.680000, 3.000000e-003,6.680000, 3.000000e-001,6.680000, 0.000000e+000,
6.690000, 3.000000e-003,6.690000, 3.000000e-001,6.690000, 0.000000e+000,
6.700000, 3.000000e-003,6.700000, 3.000000e-001,6.700000, 0.000000e+000,
6.710000, 3.000000e-003,6.710000, 3.000000e-001,6.710000, 0.000000e+000,
6.720000, 3.000000e-003,6.720000, 3.000000e-001,6.720000, 0.000000e+000,
6.730000, 3.000000e-003,6.730000, 3.000000e-001,6.730000, 0.000000e+000,
6.740000, 3.000000e-003,6.740000, 3.000000e-001,6.740000, 0.000000e+000,
6.750000, 3.000000e-003,6.750000, 3.000000e-001,6.750000, 0.000000e+000,
6.760000, 3.000000e-003,6.760000, 3.000000e-001,6.760000, 0.000000e+000,
6.770000, 3.000000e-003,6.770000, 3.000000e-001,6.770000, 0.000000e+000,
6.780000, 3.000000e-003,6.780000, 3.000000e-001,6.780000, 0.000000e+000,
6.790000, 3.000000e-003,6.790000, 3.000000e-001,6.790000, 0.000000e+000,
6.800000, 3.000000e-003,6.800000, 3.000000e-001,6.800000, 0.000000e+000,
6.810000, 3.000000e-003,6.810000, 3.000000e-001,6.810000, 0.000000e+000,
6.820000, 3.000000e-003,6.820000, 3.000000e-001,6.820000, 0.000000e+000,
6.830000, 3.000000e-003,6.830000, 3.000000e-001,6.830000, 0.000000e+000,
6.840000, 3.000000e-003,6.840000, 3.000000e-001,6.840000, 0.000000e+000,
6.850000, 3.000000e-003,6.850000, 3.000000e-001,6.850000, 0.000000e+000,
6.860000, 3.000000e-003,6.860000, 3.000000e-001,6.860000, 0.000000e+000,
6.870000, 3.000000e-003,6.870000, 3.000000e-001,6.870000, 0.000000e+000,
6.880000, 3.000000e-003,6.880000, 3.000000e-001,6.880000, 0.000000e+000,
6.890000, 3.000000e-003,6.890000, 3.000000e-001,6.890000, 0.000000e+000,
6.900000, 3.000000e-003,6.900000, 3.000000e-001,6.900000, 0.000000e+000,
6.910000, 3.000000e-003,6.910000, 3.000000e-001,6.910000, 0.000000e+000,
6.920000, 3.000000e-003,6.920000, 3.000000e-001,6.920000, 0.000000e+000,
6.930000, 3.000000e-003,6.930000, 3.000000e-001,6.930000, 0.000000e+000,
6.940000, 3.000000e-003,6.940000, 3.000000e-001,6.940000, 0.000000e+000,
6.950000, 3.000000e-003,6.950000, 3.000000e-001,6.950000, 0.000000e+000,
6.960000, 3.000000e-003,6.960000, 3.000000e-001,6.960000, 0.000000e+000,
6.970000, 3.000000e-003,6.970000, 3.000000e-001,6.970000, 0.000000e+000,
6.980000, 3.000000e-003,6.980000, 3.000000e-001,6.980000, 0.000000e+000,
6.990000, 3.000000e-003,6.990000, 3.000000e-001,6.990000, 0.000000e+000,
7.000000, 3.000000e-003,7.000000, 3.000000e-001,7.000000, 0.000000e+000,
7.010000, 3.000000e-003,7.010000, 3.000000e-001,7.010000, 0.000000e+000,
7.020000, 3.000000e-003,7.020000, 3.000000e-001,7.020000, 0.000000e+000,
7.030000, 3.000000e-003,7.030000, 3.000000e-001,7.030000, 0.000000e+000,
7.040000, 3.000000e-003,7.040000, 3.000000e-001,7.040000, 0.000000e+000,
7.050000, 3.000000e-003,7.050000, 3.000000e-001,7.050000, 0.000000e+000,
7.060000, 3.000000e-003,7.060000, 3.000000e-001,7.060000, 0.000000e+000,
7.070000, 3.000000e-003,7.070000, 3.000000e-001,7.070000, 0.000000e+000,
7.080000, 3.000000e-003,7.080000, 3.000000e-001,7.080000, 0.000000e+000,
7.090000, 3.000000e-003,7.090000, 3.000000e-001,7.090000, 0.000000e+000,
7.100000, 3.000000e-003,7.100000, 3.000000e-001,7.100000, 0.000000e+000,
7.110000, 3.000000e-003,7.110000, 3.000000e-001,7.110000, 0.000000e+000,
7.120000, 3.000000e-003,7.120000, 3.000000e-001,7.120000, 0.000000e+000,
7.130000, 3.000000e-003,7.130000, 3.000000e-001,7.130000, 0.000000e+000,
7.140000, 3.000000e-003,7.140000, 3.000000e-001,7.140000, 0.000000e+000,
7.150000, 3.000000e-003,7.150000, 3.000000e-001,7.150000, 0.000000e+000,
7.160000, 3.000000e-003,7.160000, 3.000000e-001,7.160000, 0.000000e+000,
7.170000, 3.000000e-003,7.170000, 3.000000e-001,7.170000, 0.000000e+000,
7.180000, 3.000000e-003,7.180000, 3.000000e-001,7.180000, 0.000000e+000,
7.190000, 3.000000e-003,7.190000, 3.000000e-001,7.190000, 0.000000e+000,
7.200000, 3.000000e-003,7.200000, 3.000000e-001,7.200000, 0.000000e+000,
7.210000, 3.000000e-003,7.210000, 3.000000e-001,7.210000, 0.000000e+000,
7.220000, 3.000000e-003,7.220000, 3.000000e-001,7.220000, 0.000000e+000,
7.230000, 3.000000e-003,7.230000, 3.000000e-001,7.230000, 0.000000e+000,
7.240000, 3.000000e-003,7.240000, 3.000000e-001,7.240000, 0.000000e+000,
7.250000, 3.000000e-003,7.250000, 3.000000e-001,7.250000, 0.000000e+000,
7.260000, 3.000000e-003,7.260000, 3.000000e-001,7.260000, 0.000000e+000,
7.270000, 3.000000e-003,7.270000, 3.000000e-001,7.270000, 0.000000e+000,
7.280000, 3.000000e-003,7.280000, 3.000000e-001,7.280000, 0.000000e+000,
7.290000, 3.000000e-003,7.290000, 3.000000e-001,7.290000, 0.000000e+000,
7.300000, 3.000000e-003,7.300000, 3.000000e-001,7.300000, 0.000000e+000,
7.310000, 3.000000e-003,7.310000, 3.000000e-001,7.310000, 0.000000e+000,
7.320000, 3.000000e-003,7.320000, 3.000000e-001,7.320000, 0.000000e+000,
7.330000, 3.000000e-003,7.330000, 3.000000e-001,7.330000, 0.000000e+000,
7.340000, 3.000000e-003,7.340000, 3.000000e-001,7.340000, 0.000000e+000,
7.350000, 3.000000e-003,7.350000, 3.000000e-001,7.350000, 0.000000e+000,
7.360000, 3.000000e-003,7.360000, 3.000000e-001,7.360000, 0.000000e+000,
7.370000, 3.000000e-003,7.370000, 3.000000e-001,7.370000, 0.000000e+000,
7.380000, 3.000000e-003,7.380000, 3.000000e-001,7.380000, 0.000000e+000,
7.390000, 3.000000e-003,7.390000, 3.000000e-001,7.390000, 0.000000e+000,
7.400000, 3.000000e-003,7.400000, 3.000000e-001,7.400000, 0.000000e+000,
7.410000, 3.000000e-003,7.410000, 3.000000e-001,7.410000, 0.000000e+000,
7.420000, 3.000000e-003,7.420000, 3.000000e-001,7.420000, 0.000000e+000,
7.430000, 3.000000e-003,7.430000, 3.000000e-001,7.430000, 0.000000e+000,
7.440000, 3.000000e-003,7.440000, 3.000000e-001,7.440000, 0.000000e+000,
7.450000, 3.000000e-003,7.450000, 3.000000e-001,7.450000, 0.000000e+000,
7.460000, 3.000000e-003,7.460000, 3.000000e-001,7.460000, 0.000000e+000,
7.470000, 3.000000e-003,7.470000, 3.000000e-001,7.470000, 0.000000e+000,
7.480000, 3.000000e-003,7.480000, 3.000000e-001,7.480000, 0.000000e+000,
7.490000, 3.000000e-003,7.490000, 3.000000e-001,7.490000, 0.000000e+000,
7.500000, 3.000000e-003,7.500000, 3.000000e-001,7.500000, 0.000000e+000,
7.510000, 3.000000e-003,7.510000, 3.000000e-001,7.510000, 0.000000e+000,
7.520000, 3.000000e-003,7.520000, 3.000000e-001,7.520000, 0.000000e+000,
7.530000, 3.000000e-003,7.530000, 3.000000e-001,7.530000, 0.000000e+000,
7.540000, 3.000000e-003,7.540000, 3.000000e-001,7.540000, 0.000000e+000,
7.550000, 3.000000e-003,7.550000, 3.000000e-001,7.550000, 0.000000e+000,
7.560000, 3.000000e-003,7.560000, 3.000000e-001,7.560000, 0.000000e+000,
7.570000, 3.000000e-003,7.570000, 3.000000e-001,7.570000, 0.000000e+000,
7.580000, 3.000000e-003,7.580000, 3.000000e-001,7.580000, 0.000000e+000,
7.590000, 3.000000e-003,7.590000, 3.000000e-001,7.590000, 0.000000e+000,
7.600000, 3.000000e-003,7.600000, 3.000000e-001,7.600000, 0.000000e+000,
7.610000, 3.000000e-003,7.610000, 3.000000e-001,7.610000, 0.000000e+000,
7.620000, 3.000000e-003,7.620000, 3.000000e-001,7.620000, 0.000000e+000,
7.630000, 3.000000e-003,7.630000, 3.000000e-001,7.630000, 0.000000e+000,
7.640000, 3.000000e-003,7.640000, 3.000000e-001,7.640000, 0.000000e+000,
7.650000, 3.000000e-003,7.650000, 3.000000e-001,7.650000, 0.000000e+000,
7.660000, 3.000000e-003,7.660000, 3.000000e-001,7.660000, 0.000000e+000,
7.670000, 3.000000e-003,7.670000, 3.000000e-001,7.670000, 0.000000e+000,
7.680000, 3.000000e-003,7.680000, 3.000000e-001,7.680000, 0.000000e+000,
7.690000, 3.000000e-003,7.690000, 3.000000e-001,7.690000, 0.000000e+000,
7.700000, 3.000000e-003,7.700000, 3.000000e-001,7.700000, 0.000000e+000,
7.710000, 3.000000e-003,7.710000, 3.000000e-001,7.710000, 0.000000e+000,
7.720000, 3.000000e-003,7.720000, 3.000000e-001,7.720000, 0.000000e+000,
7.730000, 3.000000e-003,7.730000, 3.000000e-001,7.730000, 0.000000e+000,
7.740000, 3.000000e-003,7.740000, 3.000000e-001,7.740000, 0.000000e+000,
7.750000, 3.000000e-003,7.750000, 3.000000e-001,7.750000, 0.000000e+000,
7.760000, 3.000000e-003,7.760000, 3.000000e-001,7.760000, 0.000000e+000,
7.770000, 3.000000e-003,7.770000, 3.000000e-001,7.770000, 0.000000e+000,
7.780000, 3.000000e-003,7.780000, 3.000000e-001,7.780000, 0.000000e+000,
7.790000, 3.000000e-003,7.790000, 3.000000e-001,7.790000, 0.000000e+000,
7.800000, 3.000000e-003,7.800000, 3.000000e-001,7.800000, 0.000000e+000,
7.810000, 3.000000e-003,7.810000, 3.000000e-001,7.810000, 0.000000e+000,
7.820000, 3.000000e-003,7.820000, 3.000000e-001,7.820000, 0.000000e+000,
7.830000, 3.000000e-003,7.830000, 3.000000e-001,7.830000, 0.000000e+000,
7.840000, 3.000000e-003,7.840000, 3.000000e-001,7.840000, 0.000000e+000,
7.850000, 3.000000e-003,7.850000, 3.000000e-001,7.850000, 0.000000e+000,
7.860000, 3.000000e-003,7.860000, 3.000000e-001,7.860000, 0.000000e+000,
7.870000, 3.000000e-003,7.870000, 3.000000e-001,7.870000, 0.000000e+000,
7.880000, 3.000000e-003,7.880000, 3.000000e-001,7.880000, 0.000000e+000,
7.890000, 3.000000e-003,7.890000, 3.000000e-001,7.890000, 0.000000e+000,
7.900000, 3.000000e-003,7.900000, 3.000000e-001,7.900000, 0.000000e+000,
7.910000, 3.000000e-003,7.910000, 3.000000e-001,7.910000, 0.000000e+000,
7.920000, 3.000000e-003,7.920000, 3.000000e-001,7.920000, 0.000000e+000,
7.930000, 3.000000e-003,7.930000, 3.000000e-001,7.930000, 0.000000e+000,
7.940000, 3.000000e-003,7.940000, 3.000000e-001,7.940000, 0.000000e+000,
7.950000, 3.000000e-003,7.950000, 3.000000e-001,7.950000, 0.000000e+000,
7.960000, 3.000000e-003,7.960000, 3.000000e-001,7.960000, 0.000000e+000,
7.970000, 3.000000e-003,7.970000, 3.000000e-001,7.970000, 0.000000e+000,
7.980000, 3.000000e-003,7.980000, 3.000000e-001,7.980000, 0.000000e+000,
7.990000, 3.000000e-003,7.990000, 3.000000e-001,7.990000, 0.000000e+000,
8.000000, 3.000000e-003,8.000000, 3.000000e-001,8.000000, 0.000000e+000,
8.010000, 3.000000e-003,8.010000, 3.000000e-001,8.010000, 0.000000e+000,
8.020000, 3.000000e-003,8.020000, 3.000000e-001,8.020000, 0.000000e+000,
8.030000, 3.000000e-003,8.030000, 3.000000e-001,8.030000, 0.000000e+000,
8.040000, 3.000000e-003,8.040000, 3.000000e-001,8.040000, 0.000000e+000,
8.050000, 3.000000e-003,8.050000, 3.000000e-001,8.050000, 0.000000e+000,
8.060000, 3.000000e-003,8.060000, 3.000000e-001,8.060000, 0.000000e+000,
8.070000, 3.000000e-003,8.070000, 3.000000e-001,8.070000, 0.000000e+000,
8.080000, 3.000000e-003,8.080000, 3.000000e-001,8.080000, 0.000000e+000,
8.090000, 3.000000e-003,8.090000, 3.000000e-001,8.090000, 0.000000e+000,
8.100000, 3.000000e-003,8.100000, 3.000000e-001,8.100000, 0.000000e+000,
8.110000, 3.000000e-003,8.110000, 3.000000e-001,8.110000, 0.000000e+000,
8.120000, 3.000000e-003,8.120000, 3.000000e-001,8.120000, 0.000000e+000,
8.130000, 3.000000e-003,8.130000, 3.000000e-001,8.130000, 0.000000e+000,
8.140000, 3.000000e-003,8.140000, 3.000000e-001,8.140000, 0.000000e+000,
8.150000, 3.000000e-003,8.150000, 3.000000e-001,8.150000, 0.000000e+000,
8.160000, 3.000000e-003,8.160000, 3.000000e-001,8.160000, 0.000000e+000,
8.170000, 3.000000e-003,8.170000, 3.000000e-001,8.170000, 0.000000e+000,
8.180000, 3.000000e-003,8.180000, 3.000000e-001,8.180000, 0.000000e+000,
8.190000, 3.000000e-003,8.190000, 3.000000e-001,8.190000, 0.000000e+000,
8.200000, 3.000000e-003,8.200000, 3.000000e-001,8.200000, 0.000000e+000,
8.210000, 3.000000e-003,8.210000, 3.000000e-001,8.210000, 0.000000e+000,
8.220000, 3.000000e-003,8.220000, 3.000000e-001,8.220000, 0.000000e+000,
8.230000, 3.000000e-003,8.230000, 3.000000e-001,8.230000, 0.000000e+000,
8.240000, 3.000000e-003,8.240000, 3.000000e-001,8.240000, 0.000000e+000,
8.250000, 3.000000e-003,8.250000, 3.000000e-001,8.250000, 0.000000e+000,
8.260000, 3.000000e-003,8.260000, 3.000000e-001,8.260000, 0.000000e+000,
8.270000, 3.000000e-003,8.270000, 3.000000e-001,8.270000, 0.000000e+000,
8.280000, 3.000000e-003,8.280000, 3.000000e-001,8.280000, 0.000000e+000,
8.290000, 3.000000e-003,8.290000, 3.000000e-001,8.290000, 0.000000e+000,
8.300000, 3.000000e-003,8.300000, 3.000000e-001,8.300000, 0.000000e+000,
8.310000, 3.000000e-003,8.310000, 3.000000e-001,8.310000, 0.000000e+000,
8.320000, 3.000000e-003,8.320000, 3.000000e-001,8.320000, 0.000000e+000,
8.330000, 3.000000e-003,8.330000, 3.000000e-001,8.330000, 0.000000e+000,
8.340000, 3.000000e-003,8.340000, 3.000000e-001,8.340000, 0.000000e+000,
8.350000, 3.000000e-003,8.350000, 3.000000e-001,8.350000, 0.000000e+000,
8.360000, 3.000000e-003,8.360000, 3.000000e-001,8.360000, 0.000000e+000,
8.370000, 3.000000e-003,8.370000, 3.000000e-001,8.370000, 0.000000e+000,
8.380000, 3.000000e-003,8.380000, 3.000000e-001,8.380000, 0.000000e+000,
8.390000, 3.000000e-003,8.390000, 3.000000e-001,8.390000, 0.000000e+000,
8.400000, 3.000000e-003,8.400000, 3.000000e-001,8.400000, 0.000000e+000,
8.410000, 3.000000e-003,8.410000, 3.000000e-001,8.410000, 0.000000e+000,
8.420000, 3.000000e-003,8.420000, 3.000000e-001,8.420000, 0.000000e+000,
8.430000, 3.000000e-003,8.430000, 3.000000e-001,8.430000, 0.000000e+000,
8.440000, 3.000000e-003,8.440000, 3.000000e-001,8.440000, 0.000000e+000,
8.450000, 3.000000e-003,8.450000, 3.000000e-001,8.450000, 0.000000e+000,
8.460000, 3.000000e-003,8.460000, 3.000000e-001,8.460000, 0.000000e+000,
8.470000, 3.000000e-003,8.470000, 3.000000e-001,8.470000, 0.000000e+000,
8.480000, 3.000000e-003,8.480000, 3.000000e-001,8.480000, 0.000000e+000,
8.490000, 3.000000e-003,8.490000, 3.000000e-001,8.490000, 0.000000e+000,
8.500000, 3.000000e-003,8.500000, 3.000000e-001,8.500000, 0.000000e+000,
8.510000, 3.000000e-003,8.510000, 3.000000e-001,8.510000, 0.000000e+000,
8.520000, 3.000000e-003,8.520000, 3.000000e-001,8.520000, 0.000000e+000,
8.530000, 3.000000e-003,8.530000, 3.000000e-001,8.530000, 0.000000e+000,
8.540000, 3.000000e-003,8.540000, 3.000000e-001,8.540000, 0.000000e+000,
8.550000, 3.000000e-003,8.550000, 3.000000e-001,8.550000, 0.000000e+000,
8.560000, 3.000000e-003,8.560000, 3.000000e-001,8.560000, 0.000000e+000,
8.570000, 3.000000e-003,8.570000, 3.000000e-001,8.570000, 0.000000e+000,
8.580000, 3.000000e-003,8.580000, 3.000000e-001,8.580000, 0.000000e+000,
8.590000, 3.000000e-003,8.590000, 3.000000e-001,8.590000, 0.000000e+000,
8.600000, 3.000000e-003,8.600000, 3.000000e-001,8.600000, 0.000000e+000,
8.610000, 3.000000e-003,8.610000, 3.000000e-001,8.610000, 0.000000e+000,
8.620000, 3.000000e-003,8.620000, 3.000000e-001,8.620000, 0.000000e+000,
8.630000, 3.000000e-003,8.630000, 3.000000e-001,8.630000, 0.000000e+000,
8.640000, 3.000000e-003,8.640000, 3.000000e-001,8.640000, 0.000000e+000,
8.650000, 3.000000e-003,8.650000, 3.000000e-001,8.650000, 0.000000e+000,
8.660000, 3.000000e-003,8.660000, 3.000000e-001,8.660000, 0.000000e+000,
8.670000, 3.000000e-003,8.670000, 3.000000e-001,8.670000, 0.000000e+000,
8.680000, 3.000000e-003,8.680000, 3.000000e-001,8.680000, 0.000000e+000,
8.690000, 3.000000e-003,8.690000, 3.000000e-001,8.690000, 0.000000e+000,
8.700000, 3.000000e-003,8.700000, 3.000000e-001,8.700000, 0.000000e+000,
8.710000, 3.000000e-003,8.710000, 3.000000e-001,8.710000, 0.000000e+000,
8.720000, 3.000000e-003,8.720000, 3.000000e-001,8.720000, 0.000000e+000,
8.730000, 3.000000e-003,8.730000, 3.000000e-001,8.730000, 0.000000e+000,
8.740000, 3.000000e-003,8.740000, 3.000000e-001,8.740000, 0.000000e+000,
8.750000, 3.000000e-003,8.750000, 3.000000e-001,8.750000, 0.000000e+000,
8.760000, 3.000000e-003,8.760000, 3.000000e-001,8.760000, 0.000000e+000,
8.770000, 3.000000e-003,8.770000, 3.000000e-001,8.770000, 0.000000e+000,
8.780000, 3.000000e-003,8.780000, 3.000000e-001,8.780000, 0.000000e+000,
8.790000, 3.000000e-003,8.790000, 3.000000e-001,8.790000, 0.000000e+000,
8.800000, 3.000000e-003,8.800000, 3.000000e-001,8.800000, 0.000000e+000,
8.810000, 3.000000e-003,8.810000, 3.000000e-001,8.810000, 0.000000e+000,
8.820000, 3.000000e-003,8.820000, 3.000000e-001,8.820000, 0.000000e+000,
8.830000, 3.000000e-003,8.830000, 3.000000e-001,8.830000, 0.000000e+000,
8.840000, 3.000000e-003,8.840000, 3.000000e-001,8.840000, 0.000000e+000,
8.850000, 3.000000e-003,8.850000, 3.000000e-001,8.850000, 0.000000e+000,
8.860000, 3.000000e-003,8.860000, 3.000000e-001,8.860000, 0.000000e+000,
8.870000, 3.000000e-003,8.870000, 3.000000e-001,8.870000, 0.000000e+000,
8.880000, 3.000000e-003,8.880000, 3.000000e-001,8.880000, 0.000000e+000,
8.890000, 3.000000e-003,8.890000, 3.000000e-001,8.890000, 0.000000e+000,
8.900000, 3.000000e-003,8.900000, 3.000000e-001,8.900000, 0.000000e+000,
8.910000, 3.000000e-003,8.910000, 3.000000e-001,8.910000, 0.000000e+000,
8.920000, 3.000000e-003,8.920000, 3.000000e-001,8.920000, 0.000000e+000,
8.930000, 3.000000e-003,8.930000, 3.000000e-001,8.930000, 0.000000e+000,
8.940000, 3.000000e-003,8.940000, 3.000000e-001,8.940000, 0.000000e+000,
8.950000, 3.000000e-003,8.950000, 3.000000e-001,8.950000, 0.000000e+000,
8.960000, 3.000000e-003,8.960000, 3.000000e-001,8.960000, 0.000000e+000,
8.970000, 3.000000e-003,8.970000, 3.000000e-001,8.970000, 0.000000e+000,
8.980000, 3.000000e-003,8.980000, 3.000000e-001,8.980000, 0.000000e+000,
8.990000, 3.000000e-003,8.990000, 3.000000e-001,8.990000, 0.000000e+000,
9.000000, 3.000000e-003,9.000000, 3.000000e-001,9.000000, 0.000000e+000,
9.010000, 3.000000e-003,9.010000, 3.000000e-001,9.010000, 0.000000e+000,
9.020000, 3.000000e-003,9.020000, 3.000000e-001,9.020000, 0.000000e+000,
9.030000, 3.000000e-003,9.030000, 3.000000e-001,9.030000, 0.000000e+000,
