//t, DO_Pond (1)_aq, t, BOD_Pond (1)_aq, t, DO_Pond (1)_sorbed, t, BOD_Pond (1)_sorbed, 
0.000000, 7.000000e+000,0.000000, 2.500000e+001,0.000000, 0.000000e+000,0.000000, 0.000000e+000,
0.010000, 6.921268e+000,0.010000, 2.494824e+001,0.010000, 0.000000e+000,0.010000, 0.000000e+000,
0.020000, 6.843979e+000,0.020000, 2.489662e+001,0.020000, 0.000000e+000,0.020000, 0.000000e+000,
0.030000, 6.767612e+000,0.030000, 2.484509e+001,0.030000, 0.000000e+000,0.030000, 0.000000e+000,
0.040000, 6.693160e+000,0.040000, 2.479374e+001,0.040000, 0.000000e+000,0.040000, 0.000000e+000,
0.050000, 6.619382e+000,0.050000, 2.474246e+001,0.050000, 0.000000e+000,0.050000, 0.000000e+000,
0.060000, 6.547802e+000,0.060000, 2.469140e+001,0.060000, 0.000000e+000,0.060000, 0.000000e+000,
0.070000, 6.476222e+000,0.070000, 2.464035e+001,0.070000, 0.000000e+000,0.070000, 0.000000e+000,
0.080000, 6.407400e+000,0.080000, 2.458957e+001,0.080000, 0.000000e+000,0.080000, 0.000000e+000,
0.090000, 6.339297e+000,0.090000, 2.453887e+001,0.090000, 0.000000e+000,0.090000, 0.000000e+000,
0.100000, 6.271195e+000,0.100000, 2.448817e+001,0.100000, 0.000000e+000,0.100000, 0.000000e+000,
0.110000, 6.206186e+000,0.110000, 2.443780e+001,0.110000, 0.000000e+000,0.110000, 0.000000e+000,
0.120000, 6.142257e+000,0.120000, 2.438754e+001,0.120000, 0.000000e+000,0.120000, 0.000000e+000,
0.130000, 6.078328e+000,0.130000, 2.433729e+001,0.130000, 0.000000e+000,0.130000, 0.000000e+000,
0.140000, 6.014399e+000,0.140000, 2.428703e+001,0.140000, 0.000000e+000,0.140000, 0.000000e+000,
0.150000, 5.955062e+000,0.150000, 2.423729e+001,0.150000, 0.000000e+000,0.150000, 0.000000e+000,
0.160000, 5.896088e+000,0.160000, 2.418758e+001,0.160000, 0.000000e+000,0.160000, 0.000000e+000,
0.170000, 5.837115e+000,0.170000, 2.413788e+001,0.170000, 0.000000e+000,0.170000, 0.000000e+000,
0.180000, 5.778142e+000,0.180000, 2.408818e+001,0.180000, 0.000000e+000,0.180000, 0.000000e+000,
0.190000, 5.720509e+000,0.190000, 2.403863e+001,0.190000, 0.000000e+000,0.190000, 0.000000e+000,
0.200000, 5.670011e+000,0.200000, 2.398996e+001,0.200000, 0.000000e+000,0.200000, 0.000000e+000,
0.210000, 5.619513e+000,0.210000, 2.394128e+001,0.210000, 0.000000e+000,0.210000, 0.000000e+000,
0.220000, 5.569015e+000,0.220000, 2.389261e+001,0.220000, 0.000000e+000,0.220000, 0.000000e+000,
0.230000, 5.518518e+000,0.230000, 2.384393e+001,0.230000, 0.000000e+000,0.230000, 0.000000e+000,
0.240000, 5.468020e+000,0.240000, 2.379526e+001,0.240000, 0.000000e+000,0.240000, 0.000000e+000,
0.250000, 5.418872e+000,0.250000, 2.374676e+001,0.250000, 0.000000e+000,0.250000, 0.000000e+000,
0.260000, 5.375201e+000,0.260000, 2.369896e+001,0.260000, 0.000000e+000,0.260000, 0.000000e+000,
0.270000, 5.331530e+000,0.270000, 2.365117e+001,0.270000, 0.000000e+000,0.270000, 0.000000e+000,
0.280000, 5.287860e+000,0.280000, 2.360337e+001,0.280000, 0.000000e+000,0.280000, 0.000000e+000,
0.290000, 5.244189e+000,0.290000, 2.355558e+001,0.290000, 0.000000e+000,0.290000, 0.000000e+000,
0.300000, 5.200518e+000,0.300000, 2.350778e+001,0.300000, 0.000000e+000,0.300000, 0.000000e+000,
0.310000, 5.156848e+000,0.310000, 2.345998e+001,0.310000, 0.000000e+000,0.310000, 0.000000e+000,
0.320000, 5.113177e+000,0.320000, 2.341219e+001,0.320000, 0.000000e+000,0.320000, 0.000000e+000,
0.330000, 5.075060e+000,0.330000, 2.336516e+001,0.330000, 0.000000e+000,0.330000, 0.000000e+000,
0.340000, 5.038823e+000,0.340000, 2.331839e+001,0.340000, 0.000000e+000,0.340000, 0.000000e+000,
0.350000, 5.002586e+000,0.350000, 2.327163e+001,0.350000, 0.000000e+000,0.350000, 0.000000e+000,
0.360000, 4.966349e+000,0.360000, 2.322486e+001,0.360000, 0.000000e+000,0.360000, 0.000000e+000,
0.370000, 4.930112e+000,0.370000, 2.317809e+001,0.370000, 0.000000e+000,0.370000, 0.000000e+000,
0.380000, 4.893875e+000,0.380000, 2.313132e+001,0.380000, 0.000000e+000,0.380000, 0.000000e+000,
0.390000, 4.857638e+000,0.390000, 2.308456e+001,0.390000, 0.000000e+000,0.390000, 0.000000e+000,
0.400000, 4.821401e+000,0.400000, 2.303779e+001,0.400000, 0.000000e+000,0.400000, 0.000000e+000,
0.410000, 4.785164e+000,0.410000, 2.299102e+001,0.410000, 0.000000e+000,0.410000, 0.000000e+000,
0.420000, 4.752295e+000,0.420000, 2.294476e+001,0.420000, 0.000000e+000,0.420000, 0.000000e+000,
0.430000, 4.723821e+000,0.430000, 2.289915e+001,0.430000, 0.000000e+000,0.430000, 0.000000e+000,
0.440000, 4.695347e+000,0.440000, 2.285354e+001,0.440000, 0.000000e+000,0.440000, 0.000000e+000,
0.450000, 4.666873e+000,0.450000, 2.280793e+001,0.450000, 0.000000e+000,0.450000, 0.000000e+000,
0.460000, 4.638399e+000,0.460000, 2.276233e+001,0.460000, 0.000000e+000,0.460000, 0.000000e+000,
0.470000, 4.609926e+000,0.470000, 2.271672e+001,0.470000, 0.000000e+000,0.470000, 0.000000e+000,
0.480000, 4.581452e+000,0.480000, 2.267111e+001,0.480000, 0.000000e+000,0.480000, 0.000000e+000,
0.490000, 4.552978e+000,0.490000, 2.262550e+001,0.490000, 0.000000e+000,0.490000, 0.000000e+000,
0.500000, 4.524504e+000,0.500000, 2.257990e+001,0.500000, 0.000000e+000,0.500000, 0.000000e+000,
0.510000, 4.496030e+000,0.510000, 2.253429e+001,0.510000, 0.000000e+000,0.510000, 0.000000e+000,
0.520000, 4.467556e+000,0.520000, 2.248868e+001,0.520000, 0.000000e+000,0.520000, 0.000000e+000,
0.530000, 4.439082e+000,0.530000, 2.244307e+001,0.530000, 0.000000e+000,0.530000, 0.000000e+000,
0.540000, 4.416680e+000,0.540000, 2.239845e+001,0.540000, 0.000000e+000,0.540000, 0.000000e+000,
0.550000, 4.395870e+000,0.550000, 2.235409e+001,0.550000, 0.000000e+000,0.550000, 0.000000e+000,
0.560000, 4.375060e+000,0.560000, 2.230973e+001,0.560000, 0.000000e+000,0.560000, 0.000000e+000,
0.570000, 4.354250e+000,0.570000, 2.226537e+001,0.570000, 0.000000e+000,0.570000, 0.000000e+000,
0.580000, 4.333439e+000,0.580000, 2.222100e+001,0.580000, 0.000000e+000,0.580000, 0.000000e+000,
0.590000, 4.312629e+000,0.590000, 2.217664e+001,0.590000, 0.000000e+000,0.590000, 0.000000e+000,
0.600000, 4.291819e+000,0.600000, 2.213228e+001,0.600000, 0.000000e+000,0.600000, 0.000000e+000,
0.610000, 4.271009e+000,0.610000, 2.208792e+001,0.610000, 0.000000e+000,0.610000, 0.000000e+000,
0.620000, 4.250199e+000,0.620000, 2.204356e+001,0.620000, 0.000000e+000,0.620000, 0.000000e+000,
0.630000, 4.229388e+000,0.630000, 2.199919e+001,0.630000, 0.000000e+000,0.630000, 0.000000e+000,
0.640000, 4.208578e+000,0.640000, 2.195483e+001,0.640000, 0.000000e+000,0.640000, 0.000000e+000,
0.650000, 4.187768e+000,0.650000, 2.191047e+001,0.650000, 0.000000e+000,0.650000, 0.000000e+000,
0.660000, 4.166958e+000,0.660000, 2.186611e+001,0.660000, 0.000000e+000,0.660000, 0.000000e+000,
0.670000, 4.146147e+000,0.670000, 2.182175e+001,0.670000, 0.000000e+000,0.670000, 0.000000e+000,
0.680000, 4.127024e+000,0.680000, 2.177768e+001,0.680000, 0.000000e+000,0.680000, 0.000000e+000,
0.690000, 4.113231e+000,0.690000, 2.173457e+001,0.690000, 0.000000e+000,0.690000, 0.000000e+000,
0.700000, 4.099437e+000,0.700000, 2.169146e+001,0.700000, 0.000000e+000,0.700000, 0.000000e+000,
0.710000, 4.085644e+000,0.710000, 2.164835e+001,0.710000, 0.000000e+000,0.710000, 0.000000e+000,
0.720000, 4.071850e+000,0.720000, 2.160524e+001,0.720000, 0.000000e+000,0.720000, 0.000000e+000,
0.730000, 4.058057e+000,0.730000, 2.156213e+001,0.730000, 0.000000e+000,0.730000, 0.000000e+000,
0.740000, 4.044264e+000,0.740000, 2.151902e+001,0.740000, 0.000000e+000,0.740000, 0.000000e+000,
0.750000, 4.030470e+000,0.750000, 2.147591e+001,0.750000, 0.000000e+000,0.750000, 0.000000e+000,
0.760000, 4.016677e+000,0.760000, 2.143280e+001,0.760000, 0.000000e+000,0.760000, 0.000000e+000,
0.770000, 4.002883e+000,0.770000, 2.138968e+001,0.770000, 0.000000e+000,0.770000, 0.000000e+000,
0.780000, 3.989090e+000,0.780000, 2.134657e+001,0.780000, 0.000000e+000,0.780000, 0.000000e+000,
0.790000, 3.975296e+000,0.790000, 2.130346e+001,0.790000, 0.000000e+000,0.790000, 0.000000e+000,
0.800000, 3.961503e+000,0.800000, 2.126035e+001,0.800000, 0.000000e+000,0.800000, 0.000000e+000,
0.810000, 3.947709e+000,0.810000, 2.121724e+001,0.810000, 0.000000e+000,0.810000, 0.000000e+000,
0.820000, 3.933916e+000,0.820000, 2.117413e+001,0.820000, 0.000000e+000,0.820000, 0.000000e+000,
0.830000, 3.920123e+000,0.830000, 2.113102e+001,0.830000, 0.000000e+000,0.830000, 0.000000e+000,
0.840000, 3.906329e+000,0.840000, 2.108791e+001,0.840000, 0.000000e+000,0.840000, 0.000000e+000,
0.850000, 3.892536e+000,0.850000, 2.104480e+001,0.850000, 0.000000e+000,0.850000, 0.000000e+000,
0.860000, 3.879036e+000,0.860000, 2.100174e+001,0.860000, 0.000000e+000,0.860000, 0.000000e+000,
0.870000, 3.871066e+000,0.870000, 2.095979e+001,0.870000, 0.000000e+000,0.870000, 0.000000e+000,
0.880000, 3.863096e+000,0.880000, 2.091784e+001,0.880000, 0.000000e+000,0.880000, 0.000000e+000,
0.890000, 3.855127e+000,0.890000, 2.087589e+001,0.890000, 0.000000e+000,0.890000, 0.000000e+000,
0.900000, 3.847157e+000,0.900000, 2.083394e+001,0.900000, 0.000000e+000,0.900000, 0.000000e+000,
0.910000, 3.839187e+000,0.910000, 2.079199e+001,0.910000, 0.000000e+000,0.910000, 0.000000e+000,
0.920000, 3.831217e+000,0.920000, 2.075004e+001,0.920000, 0.000000e+000,0.920000, 0.000000e+000,
0.930000, 3.823247e+000,0.930000, 2.070808e+001,0.930000, 0.000000e+000,0.930000, 0.000000e+000,
0.940000, 3.815277e+000,0.940000, 2.066613e+001,0.940000, 0.000000e+000,0.940000, 0.000000e+000,
0.950000, 3.807307e+000,0.950000, 2.062418e+001,0.950000, 0.000000e+000,0.950000, 0.000000e+000,
0.960000, 3.799337e+000,0.960000, 2.058223e+001,0.960000, 0.000000e+000,0.960000, 0.000000e+000,
0.970000, 3.791367e+000,0.970000, 2.054028e+001,0.970000, 0.000000e+000,0.970000, 0.000000e+000,
0.980000, 3.783397e+000,0.980000, 2.049833e+001,0.980000, 0.000000e+000,0.980000, 0.000000e+000,
0.990000, 3.775427e+000,0.990000, 2.045638e+001,0.990000, 0.000000e+000,0.990000, 0.000000e+000,
1.000000, 3.767457e+000,1.000000, 2.041443e+001,1.000000, 0.000000e+000,1.000000, 0.000000e+000,
1.010000, 3.759487e+000,1.010000, 2.037247e+001,1.010000, 0.000000e+000,1.010000, 0.000000e+000,
1.020000, 3.751517e+000,1.020000, 2.033052e+001,1.020000, 0.000000e+000,1.020000, 0.000000e+000,
1.030000, 3.743547e+000,1.030000, 2.028857e+001,1.030000, 0.000000e+000,1.030000, 0.000000e+000,
1.040000, 3.735577e+000,1.040000, 2.024662e+001,1.040000, 0.000000e+000,1.040000, 0.000000e+000,
1.050000, 3.727607e+000,1.050000, 2.020467e+001,1.050000, 0.000000e+000,1.050000, 0.000000e+000,
1.060000, 3.719637e+000,1.060000, 2.016272e+001,1.060000, 0.000000e+000,1.060000, 0.000000e+000,
1.070000, 3.711667e+000,1.070000, 2.012077e+001,1.070000, 0.000000e+000,1.070000, 0.000000e+000,
1.080000, 3.703697e+000,1.080000, 2.007882e+001,1.080000, 0.000000e+000,1.080000, 0.000000e+000,
1.090000, 3.696283e+000,1.090000, 2.003699e+001,1.090000, 0.000000e+000,1.090000, 0.000000e+000,
1.100000, 3.690089e+000,1.100000, 1.999545e+001,1.100000, 0.000000e+000,1.100000, 0.000000e+000,
1.110000, 3.683895e+000,1.110000, 1.995391e+001,1.110000, 0.000000e+000,1.110000, 0.000000e+000,
1.120000, 3.677701e+000,1.120000, 1.991237e+001,1.120000, 0.000000e+000,1.120000, 0.000000e+000,
1.130000, 3.671506e+000,1.130000, 1.987082e+001,1.130000, 0.000000e+000,1.130000, 0.000000e+000,
1.140000, 3.665312e+000,1.140000, 1.982928e+001,1.140000, 0.000000e+000,1.140000, 0.000000e+000,
1.150000, 3.659118e+000,1.150000, 1.978774e+001,1.150000, 0.000000e+000,1.150000, 0.000000e+000,
1.160000, 3.652924e+000,1.160000, 1.974620e+001,1.160000, 0.000000e+000,1.160000, 0.000000e+000,
1.170000, 3.646730e+000,1.170000, 1.970466e+001,1.170000, 0.000000e+000,1.170000, 0.000000e+000,
1.180000, 3.640536e+000,1.180000, 1.966311e+001,1.180000, 0.000000e+000,1.180000, 0.000000e+000,
1.190000, 3.634342e+000,1.190000, 1.962157e+001,1.190000, 0.000000e+000,1.190000, 0.000000e+000,
1.200000, 3.628148e+000,1.200000, 1.958003e+001,1.200000, 0.000000e+000,1.200000, 0.000000e+000,
1.210000, 3.621954e+000,1.210000, 1.953849e+001,1.210000, 0.000000e+000,1.210000, 0.000000e+000,
1.220000, 3.615760e+000,1.220000, 1.949694e+001,1.220000, 0.000000e+000,1.220000, 0.000000e+000,
1.230000, 3.609566e+000,1.230000, 1.945540e+001,1.230000, 0.000000e+000,1.230000, 0.000000e+000,
1.240000, 3.603371e+000,1.240000, 1.941386e+001,1.240000, 0.000000e+000,1.240000, 0.000000e+000,
1.250000, 3.597177e+000,1.250000, 1.937232e+001,1.250000, 0.000000e+000,1.250000, 0.000000e+000,
1.260000, 3.590983e+000,1.260000, 1.933078e+001,1.260000, 0.000000e+000,1.260000, 0.000000e+000,
1.270000, 3.584789e+000,1.270000, 1.928923e+001,1.270000, 0.000000e+000,1.270000, 0.000000e+000,
1.280000, 3.578595e+000,1.280000, 1.924769e+001,1.280000, 0.000000e+000,1.280000, 0.000000e+000,
1.290000, 3.572401e+000,1.290000, 1.920615e+001,1.290000, 0.000000e+000,1.290000, 0.000000e+000,
1.300000, 3.566207e+000,1.300000, 1.916461e+001,1.300000, 0.000000e+000,1.300000, 0.000000e+000,
1.310000, 3.560013e+000,1.310000, 1.912306e+001,1.310000, 0.000000e+000,1.310000, 0.000000e+000,
1.320000, 3.553819e+000,1.320000, 1.908152e+001,1.320000, 0.000000e+000,1.320000, 0.000000e+000,
1.330000, 3.547625e+000,1.330000, 1.903998e+001,1.330000, 0.000000e+000,1.330000, 0.000000e+000,
1.340000, 3.541431e+000,1.340000, 1.899844e+001,1.340000, 0.000000e+000,1.340000, 0.000000e+000,
1.350000, 3.535236e+000,1.350000, 1.895690e+001,1.350000, 0.000000e+000,1.350000, 0.000000e+000,
1.360000, 3.529042e+000,1.360000, 1.891535e+001,1.360000, 0.000000e+000,1.360000, 0.000000e+000,
1.370000, 3.522848e+000,1.370000, 1.887381e+001,1.370000, 0.000000e+000,1.370000, 0.000000e+000,
1.380000, 3.521285e+000,1.380000, 1.883335e+001,1.380000, 0.000000e+000,1.380000, 0.000000e+000,
1.390000, 3.520285e+000,1.390000, 1.879302e+001,1.390000, 0.000000e+000,1.390000, 0.000000e+000,
1.400000, 3.519285e+000,1.400000, 1.875270e+001,1.400000, 0.000000e+000,1.400000, 0.000000e+000,
1.410000, 3.518285e+000,1.410000, 1.871237e+001,1.410000, 0.000000e+000,1.410000, 0.000000e+000,
1.420000, 3.517285e+000,1.420000, 1.867204e+001,1.420000, 0.000000e+000,1.420000, 0.000000e+000,
1.430000, 3.516285e+000,1.430000, 1.863171e+001,1.430000, 0.000000e+000,1.430000, 0.000000e+000,
1.440000, 3.515285e+000,1.440000, 1.859139e+001,1.440000, 0.000000e+000,1.440000, 0.000000e+000,
1.450000, 3.514285e+000,1.450000, 1.855106e+001,1.450000, 0.000000e+000,1.450000, 0.000000e+000,
1.460000, 3.513285e+000,1.460000, 1.851073e+001,1.460000, 0.000000e+000,1.460000, 0.000000e+000,
1.470000, 3.512285e+000,1.470000, 1.847040e+001,1.470000, 0.000000e+000,1.470000, 0.000000e+000,
1.480000, 3.511285e+000,1.480000, 1.843008e+001,1.480000, 0.000000e+000,1.480000, 0.000000e+000,
1.490000, 3.510285e+000,1.490000, 1.838975e+001,1.490000, 0.000000e+000,1.490000, 0.000000e+000,
1.500000, 3.509285e+000,1.500000, 1.834942e+001,1.500000, 0.000000e+000,1.500000, 0.000000e+000,
1.510000, 3.508285e+000,1.510000, 1.830909e+001,1.510000, 0.000000e+000,1.510000, 0.000000e+000,
1.520000, 3.507285e+000,1.520000, 1.826877e+001,1.520000, 0.000000e+000,1.520000, 0.000000e+000,
1.530000, 3.506285e+000,1.530000, 1.822844e+001,1.530000, 0.000000e+000,1.530000, 0.000000e+000,
1.540000, 3.505285e+000,1.540000, 1.818811e+001,1.540000, 0.000000e+000,1.540000, 0.000000e+000,
1.550000, 3.504285e+000,1.550000, 1.814778e+001,1.550000, 0.000000e+000,1.550000, 0.000000e+000,
1.560000, 3.503285e+000,1.560000, 1.810745e+001,1.560000, 0.000000e+000,1.560000, 0.000000e+000,
1.570000, 3.502286e+000,1.570000, 1.806713e+001,1.570000, 0.000000e+000,1.570000, 0.000000e+000,
1.580000, 3.501286e+000,1.580000, 1.802680e+001,1.580000, 0.000000e+000,1.580000, 0.000000e+000,
1.590000, 3.500286e+000,1.590000, 1.798647e+001,1.590000, 0.000000e+000,1.590000, 0.000000e+000,
1.600000, 3.499286e+000,1.600000, 1.794614e+001,1.600000, 0.000000e+000,1.600000, 0.000000e+000,
1.610000, 3.498286e+000,1.610000, 1.790582e+001,1.610000, 0.000000e+000,1.610000, 0.000000e+000,
1.620000, 3.497286e+000,1.620000, 1.786549e+001,1.620000, 0.000000e+000,1.620000, 0.000000e+000,
1.630000, 3.496286e+000,1.630000, 1.782516e+001,1.630000, 0.000000e+000,1.630000, 0.000000e+000,
1.640000, 3.495286e+000,1.640000, 1.778483e+001,1.640000, 0.000000e+000,1.640000, 0.000000e+000,
1.650000, 3.494286e+000,1.650000, 1.774451e+001,1.650000, 0.000000e+000,1.650000, 0.000000e+000,
1.660000, 3.493286e+000,1.660000, 1.770418e+001,1.660000, 0.000000e+000,1.660000, 0.000000e+000,
1.670000, 3.492286e+000,1.670000, 1.766385e+001,1.670000, 0.000000e+000,1.670000, 0.000000e+000,
1.680000, 3.491286e+000,1.680000, 1.762352e+001,1.680000, 0.000000e+000,1.680000, 0.000000e+000,
1.690000, 3.490286e+000,1.690000, 1.758320e+001,1.690000, 0.000000e+000,1.690000, 0.000000e+000,
1.700000, 3.489286e+000,1.700000, 1.754287e+001,1.700000, 0.000000e+000,1.700000, 0.000000e+000,
1.710000, 3.488286e+000,1.710000, 1.750254e+001,1.710000, 0.000000e+000,1.710000, 0.000000e+000,
1.720000, 3.487286e+000,1.720000, 1.746221e+001,1.720000, 0.000000e+000,1.720000, 0.000000e+000,
1.730000, 3.487087e+000,1.730000, 1.742219e+001,1.730000, 0.000000e+000,1.730000, 0.000000e+000,
1.740000, 3.488285e+000,1.740000, 1.738269e+001,1.740000, 0.000000e+000,1.740000, 0.000000e+000,
1.750000, 3.489484e+000,1.750000, 1.734318e+001,1.750000, 0.000000e+000,1.750000, 0.000000e+000,
1.760000, 3.490682e+000,1.760000, 1.730368e+001,1.760000, 0.000000e+000,1.760000, 0.000000e+000,
1.770000, 3.491880e+000,1.770000, 1.726418e+001,1.770000, 0.000000e+000,1.770000, 0.000000e+000,
1.780000, 3.493079e+000,1.780000, 1.722468e+001,1.780000, 0.000000e+000,1.780000, 0.000000e+000,
1.790000, 3.494277e+000,1.790000, 1.718518e+001,1.790000, 0.000000e+000,1.790000, 0.000000e+000,
1.800000, 3.495475e+000,1.800000, 1.714568e+001,1.800000, 0.000000e+000,1.800000, 0.000000e+000,
1.810000, 3.496673e+000,1.810000, 1.710617e+001,1.810000, 0.000000e+000,1.810000, 0.000000e+000,
1.820000, 3.497872e+000,1.820000, 1.706667e+001,1.820000, 0.000000e+000,1.820000, 0.000000e+000,
1.830000, 3.499070e+000,1.830000, 1.702717e+001,1.830000, 0.000000e+000,1.830000, 0.000000e+000,
1.840000, 3.500268e+000,1.840000, 1.698767e+001,1.840000, 0.000000e+000,1.840000, 0.000000e+000,
1.850000, 3.501466e+000,1.850000, 1.694817e+001,1.850000, 0.000000e+000,1.850000, 0.000000e+000,
1.860000, 3.502665e+000,1.860000, 1.690867e+001,1.860000, 0.000000e+000,1.860000, 0.000000e+000,
1.870000, 3.503863e+000,1.870000, 1.686916e+001,1.870000, 0.000000e+000,1.870000, 0.000000e+000,
1.880000, 3.505061e+000,1.880000, 1.682966e+001,1.880000, 0.000000e+000,1.880000, 0.000000e+000,
1.890000, 3.506259e+000,1.890000, 1.679016e+001,1.890000, 0.000000e+000,1.890000, 0.000000e+000,
1.900000, 3.507458e+000,1.900000, 1.675066e+001,1.900000, 0.000000e+000,1.900000, 0.000000e+000,
1.910000, 3.508656e+000,1.910000, 1.671116e+001,1.910000, 0.000000e+000,1.910000, 0.000000e+000,
1.920000, 3.509854e+000,1.920000, 1.667166e+001,1.920000, 0.000000e+000,1.920000, 0.000000e+000,
1.930000, 3.511052e+000,1.930000, 1.663215e+001,1.930000, 0.000000e+000,1.930000, 0.000000e+000,
1.940000, 3.512251e+000,1.940000, 1.659265e+001,1.940000, 0.000000e+000,1.940000, 0.000000e+000,
1.950000, 3.513449e+000,1.950000, 1.655315e+001,1.950000, 0.000000e+000,1.950000, 0.000000e+000,
1.960000, 3.514647e+000,1.960000, 1.651365e+001,1.960000, 0.000000e+000,1.960000, 0.000000e+000,
1.970000, 3.515845e+000,1.970000, 1.647415e+001,1.970000, 0.000000e+000,1.970000, 0.000000e+000,
1.980000, 3.517044e+000,1.980000, 1.643465e+001,1.980000, 0.000000e+000,1.980000, 0.000000e+000,
1.990000, 3.518242e+000,1.990000, 1.639514e+001,1.990000, 0.000000e+000,1.990000, 0.000000e+000,
2.000000, 3.519440e+000,2.000000, 1.635564e+001,2.000000, 0.000000e+000,2.000000, 0.000000e+000,
2.010000, 3.520639e+000,2.010000, 1.631614e+001,2.010000, 0.000000e+000,2.010000, 0.000000e+000,
2.020000, 3.521837e+000,2.020000, 1.627664e+001,2.020000, 0.000000e+000,2.020000, 0.000000e+000,
2.030000, 3.523035e+000,2.030000, 1.623714e+001,2.030000, 0.000000e+000,2.030000, 0.000000e+000,
2.040000, 3.524233e+000,2.040000, 1.619764e+001,2.040000, 0.000000e+000,2.040000, 0.000000e+000,
2.050000, 3.525432e+000,2.050000, 1.615813e+001,2.050000, 0.000000e+000,2.050000, 0.000000e+000,
2.060000, 3.526630e+000,2.060000, 1.611863e+001,2.060000, 0.000000e+000,2.060000, 0.000000e+000,
2.070000, 3.527828e+000,2.070000, 1.607913e+001,2.070000, 0.000000e+000,2.070000, 0.000000e+000,
2.080000, 3.529026e+000,2.080000, 1.603963e+001,2.080000, 0.000000e+000,2.080000, 0.000000e+000,
2.090000, 3.530225e+000,2.090000, 1.600013e+001,2.090000, 0.000000e+000,2.090000, 0.000000e+000,
2.100000, 3.531423e+000,2.100000, 1.596063e+001,2.100000, 0.000000e+000,2.100000, 0.000000e+000,
2.110000, 3.532621e+000,2.110000, 1.592112e+001,2.110000, 0.000000e+000,2.110000, 0.000000e+000,
2.120000, 3.533819e+000,2.120000, 1.588162e+001,2.120000, 0.000000e+000,2.120000, 0.000000e+000,
2.130000, 3.535018e+000,2.130000, 1.584212e+001,2.130000, 0.000000e+000,2.130000, 0.000000e+000,
2.140000, 3.536216e+000,2.140000, 1.580262e+001,2.140000, 0.000000e+000,2.140000, 0.000000e+000,
2.150000, 3.537414e+000,2.150000, 1.576312e+001,2.150000, 0.000000e+000,2.150000, 0.000000e+000,
2.160000, 3.538612e+000,2.160000, 1.572362e+001,2.160000, 0.000000e+000,2.160000, 0.000000e+000,
2.170000, 3.539811e+000,2.170000, 1.568411e+001,2.170000, 0.000000e+000,2.170000, 0.000000e+000,
2.180000, 3.541618e+000,2.180000, 1.564533e+001,2.180000, 0.000000e+000,2.180000, 0.000000e+000,
2.190000, 3.543454e+000,2.190000, 1.560657e+001,2.190000, 0.000000e+000,2.190000, 0.000000e+000,
2.200000, 3.545290e+000,2.200000, 1.556782e+001,2.200000, 0.000000e+000,2.200000, 0.000000e+000,
2.210000, 3.547126e+000,2.210000, 1.552906e+001,2.210000, 0.000000e+000,2.210000, 0.000000e+000,
2.220000, 3.548962e+000,2.220000, 1.549031e+001,2.220000, 0.000000e+000,2.220000, 0.000000e+000,
2.230000, 3.550798e+000,2.230000, 1.545156e+001,2.230000, 0.000000e+000,2.230000, 0.000000e+000,
2.240000, 3.552634e+000,2.240000, 1.541280e+001,2.240000, 0.000000e+000,2.240000, 0.000000e+000,
2.250000, 3.554469e+000,2.250000, 1.537405e+001,2.250000, 0.000000e+000,2.250000, 0.000000e+000,
2.260000, 3.556305e+000,2.260000, 1.533529e+001,2.260000, 0.000000e+000,2.260000, 0.000000e+000,
2.270000, 3.558141e+000,2.270000, 1.529654e+001,2.270000, 0.000000e+000,2.270000, 0.000000e+000,
2.280000, 3.559977e+000,2.280000, 1.525779e+001,2.280000, 0.000000e+000,2.280000, 0.000000e+000,
2.290000, 3.561813e+000,2.290000, 1.521903e+001,2.290000, 0.000000e+000,2.290000, 0.000000e+000,
2.300000, 3.563649e+000,2.300000, 1.518028e+001,2.300000, 0.000000e+000,2.300000, 0.000000e+000,
2.310000, 3.565485e+000,2.310000, 1.514152e+001,2.310000, 0.000000e+000,2.310000, 0.000000e+000,
2.320000, 3.567321e+000,2.320000, 1.510277e+001,2.320000, 0.000000e+000,2.320000, 0.000000e+000,
2.330000, 3.569157e+000,2.330000, 1.506402e+001,2.330000, 0.000000e+000,2.330000, 0.000000e+000,
2.340000, 3.570992e+000,2.340000, 1.502526e+001,2.340000, 0.000000e+000,2.340000, 0.000000e+000,
2.350000, 3.572828e+000,2.350000, 1.498651e+001,2.350000, 0.000000e+000,2.350000, 0.000000e+000,
2.360000, 3.574664e+000,2.360000, 1.494776e+001,2.360000, 0.000000e+000,2.360000, 0.000000e+000,
2.370000, 3.576500e+000,2.370000, 1.490900e+001,2.370000, 0.000000e+000,2.370000, 0.000000e+000,
2.380000, 3.578336e+000,2.380000, 1.487025e+001,2.380000, 0.000000e+000,2.380000, 0.000000e+000,
2.390000, 3.580172e+000,2.390000, 1.483149e+001,2.390000, 0.000000e+000,2.390000, 0.000000e+000,
2.400000, 3.582008e+000,2.400000, 1.479274e+001,2.400000, 0.000000e+000,2.400000, 0.000000e+000,
2.410000, 3.583844e+000,2.410000, 1.475399e+001,2.410000, 0.000000e+000,2.410000, 0.000000e+000,
2.420000, 3.585680e+000,2.420000, 1.471523e+001,2.420000, 0.000000e+000,2.420000, 0.000000e+000,
2.430000, 3.587516e+000,2.430000, 1.467648e+001,2.430000, 0.000000e+000,2.430000, 0.000000e+000,
2.440000, 3.589351e+000,2.440000, 1.463772e+001,2.440000, 0.000000e+000,2.440000, 0.000000e+000,
2.450000, 3.591187e+000,2.450000, 1.459897e+001,2.450000, 0.000000e+000,2.450000, 0.000000e+000,
2.460000, 3.593023e+000,2.460000, 1.456022e+001,2.460000, 0.000000e+000,2.460000, 0.000000e+000,
2.470000, 3.594859e+000,2.470000, 1.452146e+001,2.470000, 0.000000e+000,2.470000, 0.000000e+000,
2.480000, 3.596695e+000,2.480000, 1.448271e+001,2.480000, 0.000000e+000,2.480000, 0.000000e+000,
2.490000, 3.598531e+000,2.490000, 1.444395e+001,2.490000, 0.000000e+000,2.490000, 0.000000e+000,
2.500000, 3.600367e+000,2.500000, 1.440520e+001,2.500000, 0.000000e+000,2.500000, 0.000000e+000,
2.510000, 3.602203e+000,2.510000, 1.436645e+001,2.510000, 0.000000e+000,2.510000, 0.000000e+000,
2.520000, 3.604039e+000,2.520000, 1.432769e+001,2.520000, 0.000000e+000,2.520000, 0.000000e+000,
2.530000, 3.605875e+000,2.530000, 1.428894e+001,2.530000, 0.000000e+000,2.530000, 0.000000e+000,
2.540000, 3.607710e+000,2.540000, 1.425018e+001,2.540000, 0.000000e+000,2.540000, 0.000000e+000,
2.550000, 3.609546e+000,2.550000, 1.421143e+001,2.550000, 0.000000e+000,2.550000, 0.000000e+000,
2.560000, 3.611382e+000,2.560000, 1.417268e+001,2.560000, 0.000000e+000,2.560000, 0.000000e+000,
2.570000, 3.613218e+000,2.570000, 1.413392e+001,2.570000, 0.000000e+000,2.570000, 0.000000e+000,
2.580000, 3.615054e+000,2.580000, 1.409517e+001,2.580000, 0.000000e+000,2.580000, 0.000000e+000,
2.590000, 3.616890e+000,2.590000, 1.405641e+001,2.590000, 0.000000e+000,2.590000, 0.000000e+000,
2.600000, 3.618726e+000,2.600000, 1.401766e+001,2.600000, 0.000000e+000,2.600000, 0.000000e+000,
2.610000, 3.620562e+000,2.610000, 1.397891e+001,2.610000, 0.000000e+000,2.610000, 0.000000e+000,
2.620000, 3.622398e+000,2.620000, 1.394015e+001,2.620000, 0.000000e+000,2.620000, 0.000000e+000,
2.630000, 3.624233e+000,2.630000, 1.390140e+001,2.630000, 0.000000e+000,2.630000, 0.000000e+000,
2.640000, 3.626069e+000,2.640000, 1.386264e+001,2.640000, 0.000000e+000,2.640000, 0.000000e+000,
2.650000, 3.627905e+000,2.650000, 1.382389e+001,2.650000, 0.000000e+000,2.650000, 0.000000e+000,
2.660000, 3.629741e+000,2.660000, 1.378514e+001,2.660000, 0.000000e+000,2.660000, 0.000000e+000,
2.670000, 3.631577e+000,2.670000, 1.374638e+001,2.670000, 0.000000e+000,2.670000, 0.000000e+000,
2.680000, 3.633413e+000,2.680000, 1.370763e+001,2.680000, 0.000000e+000,2.680000, 0.000000e+000,
2.690000, 3.635249e+000,2.690000, 1.366887e+001,2.690000, 0.000000e+000,2.690000, 0.000000e+000,
2.700000, 3.637085e+000,2.700000, 1.363012e+001,2.700000, 0.000000e+000,2.700000, 0.000000e+000,
2.710000, 3.638921e+000,2.710000, 1.359137e+001,2.710000, 0.000000e+000,2.710000, 0.000000e+000,
2.720000, 3.640757e+000,2.720000, 1.355261e+001,2.720000, 0.000000e+000,2.720000, 0.000000e+000,
2.730000, 3.642801e+000,2.730000, 1.351433e+001,2.730000, 0.000000e+000,2.730000, 0.000000e+000,
2.740000, 3.645108e+000,2.740000, 1.347663e+001,2.740000, 0.000000e+000,2.740000, 0.000000e+000,
2.750000, 3.647415e+000,2.750000, 1.343892e+001,2.750000, 0.000000e+000,2.750000, 0.000000e+000,
2.760000, 3.649721e+000,2.760000, 1.340122e+001,2.760000, 0.000000e+000,2.760000, 0.000000e+000,
2.770000, 3.652028e+000,2.770000, 1.336352e+001,2.770000, 0.000000e+000,2.770000, 0.000000e+000,
2.780000, 3.654334e+000,2.780000, 1.332582e+001,2.780000, 0.000000e+000,2.780000, 0.000000e+000,
2.790000, 3.656641e+000,2.790000, 1.328812e+001,2.790000, 0.000000e+000,2.790000, 0.000000e+000,
2.800000, 3.658947e+000,2.800000, 1.325042e+001,2.800000, 0.000000e+000,2.800000, 0.000000e+000,
2.810000, 3.661254e+000,2.810000, 1.321272e+001,2.810000, 0.000000e+000,2.810000, 0.000000e+000,
2.820000, 3.663560e+000,2.820000, 1.317502e+001,2.820000, 0.000000e+000,2.820000, 0.000000e+000,
2.830000, 3.665867e+000,2.830000, 1.313732e+001,2.830000, 0.000000e+000,2.830000, 0.000000e+000,
2.840000, 3.668174e+000,2.840000, 1.309962e+001,2.840000, 0.000000e+000,2.840000, 0.000000e+000,
2.850000, 3.670480e+000,2.850000, 1.306191e+001,2.850000, 0.000000e+000,2.850000, 0.000000e+000,
2.860000, 3.672787e+000,2.860000, 1.302421e+001,2.860000, 0.000000e+000,2.860000, 0.000000e+000,
2.870000, 3.675093e+000,2.870000, 1.298651e+001,2.870000, 0.000000e+000,2.870000, 0.000000e+000,
2.880000, 3.677400e+000,2.880000, 1.294881e+001,2.880000, 0.000000e+000,2.880000, 0.000000e+000,
2.890000, 3.679706e+000,2.890000, 1.291111e+001,2.890000, 0.000000e+000,2.890000, 0.000000e+000,
2.900000, 3.682013e+000,2.900000, 1.287341e+001,2.900000, 0.000000e+000,2.900000, 0.000000e+000,
2.910000, 3.684319e+000,2.910000, 1.283571e+001,2.910000, 0.000000e+000,2.910000, 0.000000e+000,
2.920000, 3.686626e+000,2.920000, 1.279801e+001,2.920000, 0.000000e+000,2.920000, 0.000000e+000,
2.930000, 3.688933e+000,2.930000, 1.276031e+001,2.930000, 0.000000e+000,2.930000, 0.000000e+000,
2.940000, 3.691239e+000,2.940000, 1.272261e+001,2.940000, 0.000000e+000,2.940000, 0.000000e+000,
2.950000, 3.693546e+000,2.950000, 1.268490e+001,2.950000, 0.000000e+000,2.950000, 0.000000e+000,
2.960000, 3.695852e+000,2.960000, 1.264720e+001,2.960000, 0.000000e+000,2.960000, 0.000000e+000,
2.970000, 3.698159e+000,2.970000, 1.260950e+001,2.970000, 0.000000e+000,2.970000, 0.000000e+000,
2.980000, 3.700465e+000,2.980000, 1.257180e+001,2.980000, 0.000000e+000,2.980000, 0.000000e+000,
2.990000, 3.702772e+000,2.990000, 1.253410e+001,2.990000, 0.000000e+000,2.990000, 0.000000e+000,
3.000000, 3.705078e+000,3.000000, 1.249640e+001,3.000000, 0.000000e+000,3.000000, 0.000000e+000,
3.010000, 3.707385e+000,3.010000, 1.245870e+001,3.010000, 0.000000e+000,3.010000, 0.000000e+000,
3.020000, 3.709691e+000,3.020000, 1.242100e+001,3.020000, 0.000000e+000,3.020000, 0.000000e+000,
3.030000, 3.711998e+000,3.030000, 1.238330e+001,3.030000, 0.000000e+000,3.030000, 0.000000e+000,
3.040000, 3.714305e+000,3.040000, 1.234560e+001,3.040000, 0.000000e+000,3.040000, 0.000000e+000,
3.050000, 3.716611e+000,3.050000, 1.230790e+001,3.050000, 0.000000e+000,3.050000, 0.000000e+000,
3.060000, 3.718918e+000,3.060000, 1.227019e+001,3.060000, 0.000000e+000,3.060000, 0.000000e+000,
3.070000, 3.721224e+000,3.070000, 1.223249e+001,3.070000, 0.000000e+000,3.070000, 0.000000e+000,
3.080000, 3.723531e+000,3.080000, 1.219479e+001,3.080000, 0.000000e+000,3.080000, 0.000000e+000,
3.090000, 3.725837e+000,3.090000, 1.215709e+001,3.090000, 0.000000e+000,3.090000, 0.000000e+000,
3.100000, 3.728144e+000,3.100000, 1.211939e+001,3.100000, 0.000000e+000,3.100000, 0.000000e+000,
3.110000, 3.730450e+000,3.110000, 1.208169e+001,3.110000, 0.000000e+000,3.110000, 0.000000e+000,
3.120000, 3.732757e+000,3.120000, 1.204399e+001,3.120000, 0.000000e+000,3.120000, 0.000000e+000,
3.130000, 3.735064e+000,3.130000, 1.200629e+001,3.130000, 0.000000e+000,3.130000, 0.000000e+000,
3.140000, 3.737370e+000,3.140000, 1.196859e+001,3.140000, 0.000000e+000,3.140000, 0.000000e+000,
3.150000, 3.739677e+000,3.150000, 1.193089e+001,3.150000, 0.000000e+000,3.150000, 0.000000e+000,
3.160000, 3.741983e+000,3.160000, 1.189318e+001,3.160000, 0.000000e+000,3.160000, 0.000000e+000,
3.170000, 3.744290e+000,3.170000, 1.185548e+001,3.170000, 0.000000e+000,3.170000, 0.000000e+000,
3.180000, 3.746596e+000,3.180000, 1.181778e+001,3.180000, 0.000000e+000,3.180000, 0.000000e+000,
3.190000, 3.748903e+000,3.190000, 1.178008e+001,3.190000, 0.000000e+000,3.190000, 0.000000e+000,
3.200000, 3.751209e+000,3.200000, 1.174238e+001,3.200000, 0.000000e+000,3.200000, 0.000000e+000,
3.210000, 3.753516e+000,3.210000, 1.170468e+001,3.210000, 0.000000e+000,3.210000, 0.000000e+000,
3.220000, 3.755822e+000,3.220000, 1.166698e+001,3.220000, 0.000000e+000,3.220000, 0.000000e+000,
3.230000, 3.758129e+000,3.230000, 1.162928e+001,3.230000, 0.000000e+000,3.230000, 0.000000e+000,
3.240000, 3.760436e+000,3.240000, 1.159158e+001,3.240000, 0.000000e+000,3.240000, 0.000000e+000,
3.250000, 3.762742e+000,3.250000, 1.155388e+001,3.250000, 0.000000e+000,3.250000, 0.000000e+000,
3.260000, 3.765049e+000,3.260000, 1.151617e+001,3.260000, 0.000000e+000,3.260000, 0.000000e+000,
3.270000, 3.767355e+000,3.270000, 1.147847e+001,3.270000, 0.000000e+000,3.270000, 0.000000e+000,
3.280000, 3.769662e+000,3.280000, 1.144077e+001,3.280000, 0.000000e+000,3.280000, 0.000000e+000,
3.290000, 3.771968e+000,3.290000, 1.140307e+001,3.290000, 0.000000e+000,3.290000, 0.000000e+000,
3.300000, 3.774275e+000,3.300000, 1.136537e+001,3.300000, 0.000000e+000,3.300000, 0.000000e+000,
3.310000, 3.776581e+000,3.310000, 1.132767e+001,3.310000, 0.000000e+000,3.310000, 0.000000e+000,
3.320000, 3.778888e+000,3.320000, 1.128997e+001,3.320000, 0.000000e+000,3.320000, 0.000000e+000,
3.330000, 3.781195e+000,3.330000, 1.125227e+001,3.330000, 0.000000e+000,3.330000, 0.000000e+000,
3.340000, 3.783501e+000,3.340000, 1.121457e+001,3.340000, 0.000000e+000,3.340000, 0.000000e+000,
3.350000, 3.785808e+000,3.350000, 1.117687e+001,3.350000, 0.000000e+000,3.350000, 0.000000e+000,
3.360000, 3.788114e+000,3.360000, 1.113916e+001,3.360000, 0.000000e+000,3.360000, 0.000000e+000,
3.370000, 3.790421e+000,3.370000, 1.110146e+001,3.370000, 0.000000e+000,3.370000, 0.000000e+000,
3.380000, 3.792727e+000,3.380000, 1.106376e+001,3.380000, 0.000000e+000,3.380000, 0.000000e+000,
3.390000, 3.795034e+000,3.390000, 1.102606e+001,3.390000, 0.000000e+000,3.390000, 0.000000e+000,
3.400000, 3.797340e+000,3.400000, 1.098836e+001,3.400000, 0.000000e+000,3.400000, 0.000000e+000,
3.410000, 3.799647e+000,3.410000, 1.095066e+001,3.410000, 0.000000e+000,3.410000, 0.000000e+000,
3.420000, 3.802005e+000,3.420000, 1.091306e+001,3.420000, 0.000000e+000,3.420000, 0.000000e+000,
3.430000, 3.805246e+000,3.430000, 1.087711e+001,3.430000, 0.000000e+000,3.430000, 0.000000e+000,
3.440000, 3.808488e+000,3.440000, 1.084116e+001,3.440000, 0.000000e+000,3.440000, 0.000000e+000,
3.450000, 3.811729e+000,3.450000, 1.080521e+001,3.450000, 0.000000e+000,3.450000, 0.000000e+000,
3.460000, 3.814970e+000,3.460000, 1.076926e+001,3.460000, 0.000000e+000,3.460000, 0.000000e+000,
3.470000, 3.818211e+000,3.470000, 1.073331e+001,3.470000, 0.000000e+000,3.470000, 0.000000e+000,
3.480000, 3.821453e+000,3.480000, 1.069736e+001,3.480000, 0.000000e+000,3.480000, 0.000000e+000,
3.490000, 3.824694e+000,3.490000, 1.066142e+001,3.490000, 0.000000e+000,3.490000, 0.000000e+000,
3.500000, 3.827935e+000,3.500000, 1.062547e+001,3.500000, 0.000000e+000,3.500000, 0.000000e+000,
3.510000, 3.831176e+000,3.510000, 1.058952e+001,3.510000, 0.000000e+000,3.510000, 0.000000e+000,
3.520000, 3.834417e+000,3.520000, 1.055357e+001,3.520000, 0.000000e+000,3.520000, 0.000000e+000,
3.530000, 3.837659e+000,3.530000, 1.051762e+001,3.530000, 0.000000e+000,3.530000, 0.000000e+000,
3.540000, 3.840900e+000,3.540000, 1.048167e+001,3.540000, 0.000000e+000,3.540000, 0.000000e+000,
3.550000, 3.844141e+000,3.550000, 1.044572e+001,3.550000, 0.000000e+000,3.550000, 0.000000e+000,
3.560000, 3.847382e+000,3.560000, 1.040978e+001,3.560000, 0.000000e+000,3.560000, 0.000000e+000,
3.570000, 3.850624e+000,3.570000, 1.037383e+001,3.570000, 0.000000e+000,3.570000, 0.000000e+000,
3.580000, 3.853865e+000,3.580000, 1.033788e+001,3.580000, 0.000000e+000,3.580000, 0.000000e+000,
3.590000, 3.857106e+000,3.590000, 1.030193e+001,3.590000, 0.000000e+000,3.590000, 0.000000e+000,
3.600000, 3.860347e+000,3.600000, 1.026598e+001,3.600000, 0.000000e+000,3.600000, 0.000000e+000,
3.610000, 3.863589e+000,3.610000, 1.023003e+001,3.610000, 0.000000e+000,3.610000, 0.000000e+000,
3.620000, 3.866830e+000,3.620000, 1.019408e+001,3.620000, 0.000000e+000,3.620000, 0.000000e+000,
3.630000, 3.870071e+000,3.630000, 1.015814e+001,3.630000, 0.000000e+000,3.630000, 0.000000e+000,
3.640000, 3.873312e+000,3.640000, 1.012219e+001,3.640000, 0.000000e+000,3.640000, 0.000000e+000,
3.650000, 3.876554e+000,3.650000, 1.008624e+001,3.650000, 0.000000e+000,3.650000, 0.000000e+000,
3.660000, 3.879795e+000,3.660000, 1.005029e+001,3.660000, 0.000000e+000,3.660000, 0.000000e+000,
3.670000, 3.883036e+000,3.670000, 1.001434e+001,3.670000, 0.000000e+000,3.670000, 0.000000e+000,
3.680000, 3.886277e+000,3.680000, 9.978393e+000,3.680000, 0.000000e+000,3.680000, 0.000000e+000,
3.690000, 3.889518e+000,3.690000, 9.942444e+000,3.690000, 0.000000e+000,3.690000, 0.000000e+000,
3.700000, 3.892760e+000,3.700000, 9.906496e+000,3.700000, 0.000000e+000,3.700000, 0.000000e+000,
3.710000, 3.896001e+000,3.710000, 9.870547e+000,3.710000, 0.000000e+000,3.710000, 0.000000e+000,
3.720000, 3.899242e+000,3.720000, 9.834599e+000,3.720000, 0.000000e+000,3.720000, 0.000000e+000,
3.730000, 3.902483e+000,3.730000, 9.798650e+000,3.730000, 0.000000e+000,3.730000, 0.000000e+000,
3.740000, 3.905725e+000,3.740000, 9.762702e+000,3.740000, 0.000000e+000,3.740000, 0.000000e+000,
3.750000, 3.908966e+000,3.750000, 9.726753e+000,3.750000, 0.000000e+000,3.750000, 0.000000e+000,
3.760000, 3.912207e+000,3.760000, 9.690804e+000,3.760000, 0.000000e+000,3.760000, 0.000000e+000,
3.770000, 3.915448e+000,3.770000, 9.654856e+000,3.770000, 0.000000e+000,3.770000, 0.000000e+000,
3.780000, 3.918690e+000,3.780000, 9.618907e+000,3.780000, 0.000000e+000,3.780000, 0.000000e+000,
3.790000, 3.921931e+000,3.790000, 9.582959e+000,3.790000, 0.000000e+000,3.790000, 0.000000e+000,
3.800000, 3.925172e+000,3.800000, 9.547010e+000,3.800000, 0.000000e+000,3.800000, 0.000000e+000,
3.810000, 3.928413e+000,3.810000, 9.511062e+000,3.810000, 0.000000e+000,3.810000, 0.000000e+000,
3.820000, 3.931654e+000,3.820000, 9.475113e+000,3.820000, 0.000000e+000,3.820000, 0.000000e+000,
3.830000, 3.934896e+000,3.830000, 9.439164e+000,3.830000, 0.000000e+000,3.830000, 0.000000e+000,
3.840000, 3.938137e+000,3.840000, 9.403216e+000,3.840000, 0.000000e+000,3.840000, 0.000000e+000,
3.850000, 3.941378e+000,3.850000, 9.367267e+000,3.850000, 0.000000e+000,3.850000, 0.000000e+000,
3.860000, 3.944619e+000,3.860000, 9.331319e+000,3.860000, 0.000000e+000,3.860000, 0.000000e+000,
3.870000, 3.947861e+000,3.870000, 9.295370e+000,3.870000, 0.000000e+000,3.870000, 0.000000e+000,
3.880000, 3.951102e+000,3.880000, 9.259422e+000,3.880000, 0.000000e+000,3.880000, 0.000000e+000,
3.890000, 3.954343e+000,3.890000, 9.223473e+000,3.890000, 0.000000e+000,3.890000, 0.000000e+000,
3.900000, 3.957584e+000,3.900000, 9.187524e+000,3.900000, 0.000000e+000,3.900000, 0.000000e+000,
3.910000, 3.960826e+000,3.910000, 9.151576e+000,3.910000, 0.000000e+000,3.910000, 0.000000e+000,
3.920000, 3.964067e+000,3.920000, 9.115627e+000,3.920000, 0.000000e+000,3.920000, 0.000000e+000,
3.930000, 3.967308e+000,3.930000, 9.079679e+000,3.930000, 0.000000e+000,3.930000, 0.000000e+000,
3.940000, 3.970549e+000,3.940000, 9.043730e+000,3.940000, 0.000000e+000,3.940000, 0.000000e+000,
3.950000, 3.973790e+000,3.950000, 9.007782e+000,3.950000, 0.000000e+000,3.950000, 0.000000e+000,
3.960000, 3.977032e+000,3.960000, 8.971833e+000,3.960000, 0.000000e+000,3.960000, 0.000000e+000,
3.970000, 3.980273e+000,3.970000, 8.935884e+000,3.970000, 0.000000e+000,3.970000, 0.000000e+000,
3.980000, 3.983514e+000,3.980000, 8.899936e+000,3.980000, 0.000000e+000,3.980000, 0.000000e+000,
3.990000, 3.986755e+000,3.990000, 8.863987e+000,3.990000, 0.000000e+000,3.990000, 0.000000e+000,
4.000000, 3.989997e+000,4.000000, 8.828039e+000,4.000000, 0.000000e+000,4.000000, 0.000000e+000,
4.010000, 3.993238e+000,4.010000, 8.792090e+000,4.010000, 0.000000e+000,4.010000, 0.000000e+000,
4.020000, 3.996479e+000,4.020000, 8.756142e+000,4.020000, 0.000000e+000,4.020000, 0.000000e+000,
4.030000, 3.999720e+000,4.030000, 8.720193e+000,4.030000, 0.000000e+000,4.030000, 0.000000e+000,
4.040000, 4.002962e+000,4.040000, 8.684244e+000,4.040000, 0.000000e+000,4.040000, 0.000000e+000,
4.050000, 4.006203e+000,4.050000, 8.648296e+000,4.050000, 0.000000e+000,4.050000, 0.000000e+000,
4.060000, 4.009444e+000,4.060000, 8.612347e+000,4.060000, 0.000000e+000,4.060000, 0.000000e+000,
4.070000, 4.012685e+000,4.070000, 8.576399e+000,4.070000, 0.000000e+000,4.070000, 0.000000e+000,
4.080000, 4.015926e+000,4.080000, 8.540450e+000,4.080000, 0.000000e+000,4.080000, 0.000000e+000,
4.090000, 4.019168e+000,4.090000, 8.504502e+000,4.090000, 0.000000e+000,4.090000, 0.000000e+000,
4.100000, 4.022409e+000,4.100000, 8.468553e+000,4.100000, 0.000000e+000,4.100000, 0.000000e+000,
4.110000, 4.025650e+000,4.110000, 8.432604e+000,4.110000, 0.000000e+000,4.110000, 0.000000e+000,
4.120000, 4.028891e+000,4.120000, 8.396656e+000,4.120000, 0.000000e+000,4.120000, 0.000000e+000,
4.130000, 4.032133e+000,4.130000, 8.360707e+000,4.130000, 0.000000e+000,4.130000, 0.000000e+000,
4.140000, 4.035374e+000,4.140000, 8.324759e+000,4.140000, 0.000000e+000,4.140000, 0.000000e+000,
4.150000, 4.038615e+000,4.150000, 8.288810e+000,4.150000, 0.000000e+000,4.150000, 0.000000e+000,
4.160000, 4.041856e+000,4.160000, 8.252862e+000,4.160000, 0.000000e+000,4.160000, 0.000000e+000,
4.170000, 4.045098e+000,4.170000, 8.216913e+000,4.170000, 0.000000e+000,4.170000, 0.000000e+000,
4.180000, 4.048339e+000,4.180000, 8.180964e+000,4.180000, 0.000000e+000,4.180000, 0.000000e+000,
4.190000, 4.051580e+000,4.190000, 8.145016e+000,4.190000, 0.000000e+000,4.190000, 0.000000e+000,
4.200000, 4.054821e+000,4.200000, 8.109067e+000,4.200000, 0.000000e+000,4.200000, 0.000000e+000,
4.210000, 4.058062e+000,4.210000, 8.073119e+000,4.210000, 0.000000e+000,4.210000, 0.000000e+000,
4.220000, 4.061304e+000,4.220000, 8.037170e+000,4.220000, 0.000000e+000,4.220000, 0.000000e+000,
4.230000, 4.064545e+000,4.230000, 8.001222e+000,4.230000, 0.000000e+000,4.230000, 0.000000e+000,
4.240000, 4.067786e+000,4.240000, 7.965273e+000,4.240000, 0.000000e+000,4.240000, 0.000000e+000,
4.250000, 4.071027e+000,4.250000, 7.929324e+000,4.250000, 0.000000e+000,4.250000, 0.000000e+000,
4.260000, 4.074269e+000,4.260000, 7.893376e+000,4.260000, 0.000000e+000,4.260000, 0.000000e+000,
4.270000, 4.077510e+000,4.270000, 7.857427e+000,4.270000, 0.000000e+000,4.270000, 0.000000e+000,
4.280000, 4.080751e+000,4.280000, 7.821479e+000,4.280000, 0.000000e+000,4.280000, 0.000000e+000,
4.290000, 4.084856e+000,4.290000, 7.787498e+000,4.290000, 0.000000e+000,4.290000, 0.000000e+000,
4.300000, 4.090805e+000,4.300000, 7.757716e+000,4.300000, 0.000000e+000,4.300000, 0.000000e+000,
4.310000, 4.096753e+000,4.310000, 7.727933e+000,4.310000, 0.000000e+000,4.310000, 0.000000e+000,
4.320000, 4.102702e+000,4.320000, 7.698151e+000,4.320000, 0.000000e+000,4.320000, 0.000000e+000,
4.330000, 4.108650e+000,4.330000, 7.668369e+000,4.330000, 0.000000e+000,4.330000, 0.000000e+000,
4.340000, 4.114599e+000,4.340000, 7.638586e+000,4.340000, 0.000000e+000,4.340000, 0.000000e+000,
4.350000, 4.120547e+000,4.350000, 7.608804e+000,4.350000, 0.000000e+000,4.350000, 0.000000e+000,
4.360000, 4.126496e+000,4.360000, 7.579022e+000,4.360000, 0.000000e+000,4.360000, 0.000000e+000,
4.370000, 4.132444e+000,4.370000, 7.549239e+000,4.370000, 0.000000e+000,4.370000, 0.000000e+000,
4.380000, 4.138393e+000,4.380000, 7.519457e+000,4.380000, 0.000000e+000,4.380000, 0.000000e+000,
4.390000, 4.144342e+000,4.390000, 7.489675e+000,4.390000, 0.000000e+000,4.390000, 0.000000e+000,
4.400000, 4.150290e+000,4.400000, 7.459893e+000,4.400000, 0.000000e+000,4.400000, 0.000000e+000,
4.410000, 4.156239e+000,4.410000, 7.430110e+000,4.410000, 0.000000e+000,4.410000, 0.000000e+000,
4.420000, 4.162187e+000,4.420000, 7.400328e+000,4.420000, 0.000000e+000,4.420000, 0.000000e+000,
4.430000, 4.168136e+000,4.430000, 7.370546e+000,4.430000, 0.000000e+000,4.430000, 0.000000e+000,
4.440000, 4.174084e+000,4.440000, 7.340763e+000,4.440000, 0.000000e+000,4.440000, 0.000000e+000,
4.450000, 4.180033e+000,4.450000, 7.310981e+000,4.450000, 0.000000e+000,4.450000, 0.000000e+000,
4.460000, 4.185981e+000,4.460000, 7.281199e+000,4.460000, 0.000000e+000,4.460000, 0.000000e+000,
4.470000, 4.191930e+000,4.470000, 7.251416e+000,4.470000, 0.000000e+000,4.470000, 0.000000e+000,
4.480000, 4.197878e+000,4.480000, 7.221634e+000,4.480000, 0.000000e+000,4.480000, 0.000000e+000,
4.490000, 4.203827e+000,4.490000, 7.191852e+000,4.490000, 0.000000e+000,4.490000, 0.000000e+000,
4.500000, 4.209775e+000,4.500000, 7.162069e+000,4.500000, 0.000000e+000,4.500000, 0.000000e+000,
4.510000, 4.215724e+000,4.510000, 7.132287e+000,4.510000, 0.000000e+000,4.510000, 0.000000e+000,
4.520000, 4.221672e+000,4.520000, 7.102505e+000,4.520000, 0.000000e+000,4.520000, 0.000000e+000,
4.530000, 4.227621e+000,4.530000, 7.072722e+000,4.530000, 0.000000e+000,4.530000, 0.000000e+000,
4.540000, 4.233569e+000,4.540000, 7.042940e+000,4.540000, 0.000000e+000,4.540000, 0.000000e+000,
4.550000, 4.239518e+000,4.550000, 7.013158e+000,4.550000, 0.000000e+000,4.550000, 0.000000e+000,
4.560000, 4.245466e+000,4.560000, 6.983375e+000,4.560000, 0.000000e+000,4.560000, 0.000000e+000,
4.570000, 4.251415e+000,4.570000, 6.953593e+000,4.570000, 0.000000e+000,4.570000, 0.000000e+000,
4.580000, 4.257363e+000,4.580000, 6.923811e+000,4.580000, 0.000000e+000,4.580000, 0.000000e+000,
4.590000, 4.263312e+000,4.590000, 6.894029e+000,4.590000, 0.000000e+000,4.590000, 0.000000e+000,
4.600000, 4.269260e+000,4.600000, 6.864246e+000,4.600000, 0.000000e+000,4.600000, 0.000000e+000,
4.610000, 4.275209e+000,4.610000, 6.834464e+000,4.610000, 0.000000e+000,4.610000, 0.000000e+000,
4.620000, 4.281157e+000,4.620000, 6.804682e+000,4.620000, 0.000000e+000,4.620000, 0.000000e+000,
4.630000, 4.287106e+000,4.630000, 6.774899e+000,4.630000, 0.000000e+000,4.630000, 0.000000e+000,
4.640000, 4.293055e+000,4.640000, 6.745117e+000,4.640000, 0.000000e+000,4.640000, 0.000000e+000,
4.650000, 4.299003e+000,4.650000, 6.715335e+000,4.650000, 0.000000e+000,4.650000, 0.000000e+000,
4.660000, 4.304952e+000,4.660000, 6.685552e+000,4.660000, 0.000000e+000,4.660000, 0.000000e+000,
4.670000, 4.310900e+000,4.670000, 6.655770e+000,4.670000, 0.000000e+000,4.670000, 0.000000e+000,
4.680000, 4.316849e+000,4.680000, 6.625988e+000,4.680000, 0.000000e+000,4.680000, 0.000000e+000,
4.690000, 4.322797e+000,4.690000, 6.596205e+000,4.690000, 0.000000e+000,4.690000, 0.000000e+000,
4.700000, 4.328746e+000,4.700000, 6.566423e+000,4.700000, 0.000000e+000,4.700000, 0.000000e+000,
4.710000, 4.334694e+000,4.710000, 6.536641e+000,4.710000, 0.000000e+000,4.710000, 0.000000e+000,
4.720000, 4.340643e+000,4.720000, 6.506858e+000,4.720000, 0.000000e+000,4.720000, 0.000000e+000,
4.730000, 4.346591e+000,4.730000, 6.477076e+000,4.730000, 0.000000e+000,4.730000, 0.000000e+000,
4.740000, 4.352540e+000,4.740000, 6.447294e+000,4.740000, 0.000000e+000,4.740000, 0.000000e+000,
4.750000, 4.358488e+000,4.750000, 6.417511e+000,4.750000, 0.000000e+000,4.750000, 0.000000e+000,
4.760000, 4.364437e+000,4.760000, 6.387729e+000,4.760000, 0.000000e+000,4.760000, 0.000000e+000,
4.770000, 4.370385e+000,4.770000, 6.357947e+000,4.770000, 0.000000e+000,4.770000, 0.000000e+000,
4.780000, 4.376334e+000,4.780000, 6.328164e+000,4.780000, 0.000000e+000,4.780000, 0.000000e+000,
4.790000, 4.382282e+000,4.790000, 6.298382e+000,4.790000, 0.000000e+000,4.790000, 0.000000e+000,
4.800000, 4.388231e+000,4.800000, 6.268600e+000,4.800000, 0.000000e+000,4.800000, 0.000000e+000,
4.810000, 4.394179e+000,4.810000, 6.238818e+000,4.810000, 0.000000e+000,4.810000, 0.000000e+000,
4.820000, 4.400128e+000,4.820000, 6.209035e+000,4.820000, 0.000000e+000,4.820000, 0.000000e+000,
4.830000, 4.406076e+000,4.830000, 6.179253e+000,4.830000, 0.000000e+000,4.830000, 0.000000e+000,
4.840000, 4.412025e+000,4.840000, 6.149471e+000,4.840000, 0.000000e+000,4.840000, 0.000000e+000,
4.850000, 4.417973e+000,4.850000, 6.119688e+000,4.850000, 0.000000e+000,4.850000, 0.000000e+000,
4.860000, 4.423922e+000,4.860000, 6.089906e+000,4.860000, 0.000000e+000,4.860000, 0.000000e+000,
4.870000, 4.429870e+000,4.870000, 6.060124e+000,4.870000, 0.000000e+000,4.870000, 0.000000e+000,
4.880000, 4.435819e+000,4.880000, 6.030341e+000,4.880000, 0.000000e+000,4.880000, 0.000000e+000,
4.890000, 4.441768e+000,4.890000, 6.000559e+000,4.890000, 0.000000e+000,4.890000, 0.000000e+000,
4.900000, 4.447716e+000,4.900000, 5.970777e+000,4.900000, 0.000000e+000,4.900000, 0.000000e+000,
4.910000, 4.453665e+000,4.910000, 5.940994e+000,4.910000, 0.000000e+000,4.910000, 0.000000e+000,
4.920000, 4.459613e+000,4.920000, 5.911212e+000,4.920000, 0.000000e+000,4.920000, 0.000000e+000,
4.930000, 4.465562e+000,4.930000, 5.881430e+000,4.930000, 0.000000e+000,4.930000, 0.000000e+000,
4.940000, 4.471510e+000,4.940000, 5.851647e+000,4.940000, 0.000000e+000,4.940000, 0.000000e+000,
4.950000, 4.477459e+000,4.950000, 5.821865e+000,4.950000, 0.000000e+000,4.950000, 0.000000e+000,
4.960000, 4.483407e+000,4.960000, 5.792083e+000,4.960000, 0.000000e+000,4.960000, 0.000000e+000,
4.970000, 4.489356e+000,4.970000, 5.762300e+000,4.970000, 0.000000e+000,4.970000, 0.000000e+000,
4.980000, 4.495304e+000,4.980000, 5.732518e+000,4.980000, 0.000000e+000,4.980000, 0.000000e+000,
4.990000, 4.501253e+000,4.990000, 5.702736e+000,4.990000, 0.000000e+000,4.990000, 0.000000e+000,
5.000000, 4.507201e+000,5.000000, 5.672954e+000,5.000000, 0.000000e+000,5.000000, 0.000000e+000,
5.010000, 4.513150e+000,5.010000, 5.643171e+000,5.010000, 0.000000e+000,5.010000, 0.000000e+000,
5.020000, 4.519098e+000,5.020000, 5.613389e+000,5.020000, 0.000000e+000,5.020000, 0.000000e+000,
5.030000, 4.525047e+000,5.030000, 5.583607e+000,5.030000, 0.000000e+000,5.030000, 0.000000e+000,
5.040000, 4.530995e+000,5.040000, 5.553824e+000,5.040000, 0.000000e+000,5.040000, 0.000000e+000,
5.050000, 4.536944e+000,5.050000, 5.524042e+000,5.050000, 0.000000e+000,5.050000, 0.000000e+000,
5.060000, 4.542892e+000,5.060000, 5.494260e+000,5.060000, 0.000000e+000,5.060000, 0.000000e+000,
5.070000, 4.548841e+000,5.070000, 5.464477e+000,5.070000, 0.000000e+000,5.070000, 0.000000e+000,
5.080000, 4.554789e+000,5.080000, 5.434695e+000,5.080000, 0.000000e+000,5.080000, 0.000000e+000,
5.090000, 4.560738e+000,5.090000, 5.404913e+000,5.090000, 0.000000e+000,5.090000, 0.000000e+000,
5.100000, 4.566686e+000,5.100000, 5.375130e+000,5.100000, 0.000000e+000,5.100000, 0.000000e+000,
5.110000, 4.572635e+000,5.110000, 5.345348e+000,5.110000, 0.000000e+000,5.110000, 0.000000e+000,
5.120000, 4.578583e+000,5.120000, 5.315566e+000,5.120000, 0.000000e+000,5.120000, 0.000000e+000,
5.130000, 4.584532e+000,5.130000, 5.285783e+000,5.130000, 0.000000e+000,5.130000, 0.000000e+000,
5.140000, 4.590480e+000,5.140000, 5.256001e+000,5.140000, 0.000000e+000,5.140000, 0.000000e+000,
5.150000, 4.596429e+000,5.150000, 5.226219e+000,5.150000, 0.000000e+000,5.150000, 0.000000e+000,
5.160000, 4.602378e+000,5.160000, 5.196436e+000,5.160000, 0.000000e+000,5.160000, 0.000000e+000,
5.170000, 4.608326e+000,5.170000, 5.166654e+000,5.170000, 0.000000e+000,5.170000, 0.000000e+000,
5.180000, 4.614275e+000,5.180000, 5.136872e+000,5.180000, 0.000000e+000,5.180000, 0.000000e+000,
5.190000, 4.620223e+000,5.190000, 5.107089e+000,5.190000, 0.000000e+000,5.190000, 0.000000e+000,
5.200000, 4.626172e+000,5.200000, 5.077307e+000,5.200000, 0.000000e+000,5.200000, 0.000000e+000,
5.210000, 4.632120e+000,5.210000, 5.047525e+000,5.210000, 0.000000e+000,5.210000, 0.000000e+000,
5.220000, 4.638069e+000,5.220000, 5.017743e+000,5.220000, 0.000000e+000,5.220000, 0.000000e+000,
5.230000, 4.644017e+000,5.230000, 4.987960e+000,5.230000, 0.000000e+000,5.230000, 0.000000e+000,
5.240000, 4.649966e+000,5.240000, 4.958178e+000,5.240000, 0.000000e+000,5.240000, 0.000000e+000,
5.250000, 4.655914e+000,5.250000, 4.928396e+000,5.250000, 0.000000e+000,5.250000, 0.000000e+000,
5.260000, 4.661863e+000,5.260000, 4.898613e+000,5.260000, 0.000000e+000,5.260000, 0.000000e+000,
5.270000, 4.667811e+000,5.270000, 4.868831e+000,5.270000, 0.000000e+000,5.270000, 0.000000e+000,
5.280000, 4.673760e+000,5.280000, 4.839049e+000,5.280000, 0.000000e+000,5.280000, 0.000000e+000,
5.290000, 4.679708e+000,5.290000, 4.809266e+000,5.290000, 0.000000e+000,5.290000, 0.000000e+000,
5.300000, 4.685657e+000,5.300000, 4.779484e+000,5.300000, 0.000000e+000,5.300000, 0.000000e+000,
5.310000, 4.691605e+000,5.310000, 4.749702e+000,5.310000, 0.000000e+000,5.310000, 0.000000e+000,
5.320000, 4.697554e+000,5.320000, 4.719919e+000,5.320000, 0.000000e+000,5.320000, 0.000000e+000,
5.330000, 4.703502e+000,5.330000, 4.690137e+000,5.330000, 0.000000e+000,5.330000, 0.000000e+000,
5.340000, 4.709451e+000,5.340000, 4.660355e+000,5.340000, 0.000000e+000,5.340000, 0.000000e+000,
5.350000, 4.715399e+000,5.350000, 4.630572e+000,5.350000, 0.000000e+000,5.350000, 0.000000e+000,
5.360000, 4.721348e+000,5.360000, 4.600790e+000,5.360000, 0.000000e+000,5.360000, 0.000000e+000,
5.370000, 4.727296e+000,5.370000, 4.571008e+000,5.370000, 0.000000e+000,5.370000, 0.000000e+000,
5.380000, 4.736450e+000,5.380000, 4.549548e+000,5.380000, 0.000000e+000,5.380000, 0.000000e+000,
5.390000, 4.745964e+000,5.390000, 4.529024e+000,5.390000, 0.000000e+000,5.390000, 0.000000e+000,
5.400000, 4.755478e+000,5.400000, 4.508501e+000,5.400000, 0.000000e+000,5.400000, 0.000000e+000,
5.410000, 4.764992e+000,5.410000, 4.487977e+000,5.410000, 0.000000e+000,5.410000, 0.000000e+000,
5.420000, 4.774506e+000,5.420000, 4.467453e+000,5.420000, 0.000000e+000,5.420000, 0.000000e+000,
5.430000, 4.784020e+000,5.430000, 4.446930e+000,5.430000, 0.000000e+000,5.430000, 0.000000e+000,
5.440000, 4.793534e+000,5.440000, 4.426406e+000,5.440000, 0.000000e+000,5.440000, 0.000000e+000,
5.450000, 4.803047e+000,5.450000, 4.405882e+000,5.450000, 0.000000e+000,5.450000, 0.000000e+000,
5.460000, 4.812561e+000,5.460000, 4.385359e+000,5.460000, 0.000000e+000,5.460000, 0.000000e+000,
5.470000, 4.822075e+000,5.470000, 4.364835e+000,5.470000, 0.000000e+000,5.470000, 0.000000e+000,
5.480000, 4.831589e+000,5.480000, 4.344311e+000,5.480000, 0.000000e+000,5.480000, 0.000000e+000,
5.490000, 4.841103e+000,5.490000, 4.323788e+000,5.490000, 0.000000e+000,5.490000, 0.000000e+000,
5.500000, 4.850617e+000,5.500000, 4.303264e+000,5.500000, 0.000000e+000,5.500000, 0.000000e+000,
5.510000, 4.860131e+000,5.510000, 4.282740e+000,5.510000, 0.000000e+000,5.510000, 0.000000e+000,
5.520000, 4.869645e+000,5.520000, 4.262217e+000,5.520000, 0.000000e+000,5.520000, 0.000000e+000,
5.530000, 4.879159e+000,5.530000, 4.241693e+000,5.530000, 0.000000e+000,5.530000, 0.000000e+000,
5.540000, 4.888673e+000,5.540000, 4.221169e+000,5.540000, 0.000000e+000,5.540000, 0.000000e+000,
5.550000, 4.898187e+000,5.550000, 4.200646e+000,5.550000, 0.000000e+000,5.550000, 0.000000e+000,
5.560000, 4.907701e+000,5.560000, 4.180122e+000,5.560000, 0.000000e+000,5.560000, 0.000000e+000,
5.570000, 4.917215e+000,5.570000, 4.159598e+000,5.570000, 0.000000e+000,5.570000, 0.000000e+000,
5.580000, 4.926728e+000,5.580000, 4.139075e+000,5.580000, 0.000000e+000,5.580000, 0.000000e+000,
5.590000, 4.936242e+000,5.590000, 4.118551e+000,5.590000, 0.000000e+000,5.590000, 0.000000e+000,
5.600000, 4.945756e+000,5.600000, 4.098027e+000,5.600000, 0.000000e+000,5.600000, 0.000000e+000,
5.610000, 4.955270e+000,5.610000, 4.077504e+000,5.610000, 0.000000e+000,5.610000, 0.000000e+000,
5.620000, 4.964784e+000,5.620000, 4.056980e+000,5.620000, 0.000000e+000,5.620000, 0.000000e+000,
5.630000, 4.974298e+000,5.630000, 4.036456e+000,5.630000, 0.000000e+000,5.630000, 0.000000e+000,
5.640000, 4.983812e+000,5.640000, 4.015932e+000,5.640000, 0.000000e+000,5.640000, 0.000000e+000,
5.650000, 4.993326e+000,5.650000, 3.995409e+000,5.650000, 0.000000e+000,5.650000, 0.000000e+000,
5.660000, 5.002840e+000,5.660000, 3.974885e+000,5.660000, 0.000000e+000,5.660000, 0.000000e+000,
5.670000, 5.012354e+000,5.670000, 3.954361e+000,5.670000, 0.000000e+000,5.670000, 0.000000e+000,
5.680000, 5.021868e+000,5.680000, 3.933838e+000,5.680000, 0.000000e+000,5.680000, 0.000000e+000,
5.690000, 5.031382e+000,5.690000, 3.913314e+000,5.690000, 0.000000e+000,5.690000, 0.000000e+000,
5.700000, 5.040896e+000,5.700000, 3.892790e+000,5.700000, 0.000000e+000,5.700000, 0.000000e+000,
5.710000, 5.050410e+000,5.710000, 3.872267e+000,5.710000, 0.000000e+000,5.710000, 0.000000e+000,
5.720000, 5.059923e+000,5.720000, 3.851743e+000,5.720000, 0.000000e+000,5.720000, 0.000000e+000,
5.730000, 5.069437e+000,5.730000, 3.831219e+000,5.730000, 0.000000e+000,5.730000, 0.000000e+000,
5.740000, 5.078951e+000,5.740000, 3.810696e+000,5.740000, 0.000000e+000,5.740000, 0.000000e+000,
5.750000, 5.088465e+000,5.750000, 3.790172e+000,5.750000, 0.000000e+000,5.750000, 0.000000e+000,
5.760000, 5.097979e+000,5.760000, 3.769648e+000,5.760000, 0.000000e+000,5.760000, 0.000000e+000,
5.770000, 5.107493e+000,5.770000, 3.749125e+000,5.770000, 0.000000e+000,5.770000, 0.000000e+000,
5.780000, 5.117007e+000,5.780000, 3.728601e+000,5.780000, 0.000000e+000,5.780000, 0.000000e+000,
5.790000, 5.126521e+000,5.790000, 3.708077e+000,5.790000, 0.000000e+000,5.790000, 0.000000e+000,
5.800000, 5.136035e+000,5.800000, 3.687554e+000,5.800000, 0.000000e+000,5.800000, 0.000000e+000,
5.810000, 5.145549e+000,5.810000, 3.667030e+000,5.810000, 0.000000e+000,5.810000, 0.000000e+000,
5.820000, 5.155063e+000,5.820000, 3.646506e+000,5.820000, 0.000000e+000,5.820000, 0.000000e+000,
5.830000, 5.164577e+000,5.830000, 3.625983e+000,5.830000, 0.000000e+000,5.830000, 0.000000e+000,
5.840000, 5.174091e+000,5.840000, 3.605459e+000,5.840000, 0.000000e+000,5.840000, 0.000000e+000,
5.850000, 5.183605e+000,5.850000, 3.584935e+000,5.850000, 0.000000e+000,5.850000, 0.000000e+000,
5.860000, 5.193118e+000,5.860000, 3.564411e+000,5.860000, 0.000000e+000,5.860000, 0.000000e+000,
5.870000, 5.202632e+000,5.870000, 3.543888e+000,5.870000, 0.000000e+000,5.870000, 0.000000e+000,
5.880000, 5.212146e+000,5.880000, 3.523364e+000,5.880000, 0.000000e+000,5.880000, 0.000000e+000,
5.890000, 5.221660e+000,5.890000, 3.502840e+000,5.890000, 0.000000e+000,5.890000, 0.000000e+000,
5.900000, 5.231174e+000,5.900000, 3.482317e+000,5.900000, 0.000000e+000,5.900000, 0.000000e+000,
5.910000, 5.240688e+000,5.910000, 3.461793e+000,5.910000, 0.000000e+000,5.910000, 0.000000e+000,
5.920000, 5.250202e+000,5.920000, 3.441269e+000,5.920000, 0.000000e+000,5.920000, 0.000000e+000,
5.930000, 5.259716e+000,5.930000, 3.420746e+000,5.930000, 0.000000e+000,5.930000, 0.000000e+000,
5.940000, 5.269230e+000,5.940000, 3.400222e+000,5.940000, 0.000000e+000,5.940000, 0.000000e+000,
5.950000, 5.278744e+000,5.950000, 3.379698e+000,5.950000, 0.000000e+000,5.950000, 0.000000e+000,
5.960000, 5.288258e+000,5.960000, 3.359175e+000,5.960000, 0.000000e+000,5.960000, 0.000000e+000,
5.970000, 5.297772e+000,5.970000, 3.338651e+000,5.970000, 0.000000e+000,5.970000, 0.000000e+000,
5.980000, 5.307286e+000,5.980000, 3.318127e+000,5.980000, 0.000000e+000,5.980000, 0.000000e+000,
5.990000, 5.316799e+000,5.990000, 3.297604e+000,5.990000, 0.000000e+000,5.990000, 0.000000e+000,
6.000000, 5.326313e+000,6.000000, 3.277080e+000,6.000000, 0.000000e+000,6.000000, 0.000000e+000,
6.010000, 5.335827e+000,6.010000, 3.256556e+000,6.010000, 0.000000e+000,6.010000, 0.000000e+000,
6.020000, 5.345341e+000,6.020000, 3.236033e+000,6.020000, 0.000000e+000,6.020000, 0.000000e+000,
6.030000, 5.354855e+000,6.030000, 3.215509e+000,6.030000, 0.000000e+000,6.030000, 0.000000e+000,
6.040000, 5.364369e+000,6.040000, 3.194985e+000,6.040000, 0.000000e+000,6.040000, 0.000000e+000,
6.050000, 5.373883e+000,6.050000, 3.174462e+000,6.050000, 0.000000e+000,6.050000, 0.000000e+000,
6.060000, 5.383397e+000,6.060000, 3.153938e+000,6.060000, 0.000000e+000,6.060000, 0.000000e+000,
6.070000, 5.392911e+000,6.070000, 3.133414e+000,6.070000, 0.000000e+000,6.070000, 0.000000e+000,
6.080000, 5.402425e+000,6.080000, 3.112891e+000,6.080000, 0.000000e+000,6.080000, 0.000000e+000,
6.090000, 5.411939e+000,6.090000, 3.092367e+000,6.090000, 0.000000e+000,6.090000, 0.000000e+000,
6.100000, 5.421453e+000,6.100000, 3.071843e+000,6.100000, 0.000000e+000,6.100000, 0.000000e+000,
6.110000, 5.430967e+000,6.110000, 3.051319e+000,6.110000, 0.000000e+000,6.110000, 0.000000e+000,
6.120000, 5.440481e+000,6.120000, 3.030796e+000,6.120000, 0.000000e+000,6.120000, 0.000000e+000,
6.130000, 5.449994e+000,6.130000, 3.010272e+000,6.130000, 0.000000e+000,6.130000, 0.000000e+000,
6.140000, 5.459508e+000,6.140000, 2.989748e+000,6.140000, 0.000000e+000,6.140000, 0.000000e+000,
6.150000, 5.469022e+000,6.150000, 2.969225e+000,6.150000, 0.000000e+000,6.150000, 0.000000e+000,
6.160000, 5.478536e+000,6.160000, 2.948701e+000,6.160000, 0.000000e+000,6.160000, 0.000000e+000,
6.170000, 5.488050e+000,6.170000, 2.928177e+000,6.170000, 0.000000e+000,6.170000, 0.000000e+000,
6.180000, 5.497564e+000,6.180000, 2.907654e+000,6.180000, 0.000000e+000,6.180000, 0.000000e+000,
6.190000, 5.507078e+000,6.190000, 2.887130e+000,6.190000, 0.000000e+000,6.190000, 0.000000e+000,
6.200000, 5.516592e+000,6.200000, 2.866606e+000,6.200000, 0.000000e+000,6.200000, 0.000000e+000,
6.210000, 5.526106e+000,6.210000, 2.846083e+000,6.210000, 0.000000e+000,6.210000, 0.000000e+000,
6.220000, 5.535620e+000,6.220000, 2.825559e+000,6.220000, 0.000000e+000,6.220000, 0.000000e+000,
6.230000, 5.545134e+000,6.230000, 2.805035e+000,6.230000, 0.000000e+000,6.230000, 0.000000e+000,
6.240000, 5.554648e+000,6.240000, 2.784512e+000,6.240000, 0.000000e+000,6.240000, 0.000000e+000,
6.250000, 5.564162e+000,6.250000, 2.763988e+000,6.250000, 0.000000e+000,6.250000, 0.000000e+000,
6.260000, 5.573676e+000,6.260000, 2.743464e+000,6.260000, 0.000000e+000,6.260000, 0.000000e+000,
6.270000, 5.583189e+000,6.270000, 2.722941e+000,6.270000, 0.000000e+000,6.270000, 0.000000e+000,
6.280000, 5.592703e+000,6.280000, 2.702417e+000,6.280000, 0.000000e+000,6.280000, 0.000000e+000,
6.290000, 5.602217e+000,6.290000, 2.681893e+000,6.290000, 0.000000e+000,6.290000, 0.000000e+000,
6.300000, 5.611731e+000,6.300000, 2.661370e+000,6.300000, 0.000000e+000,6.300000, 0.000000e+000,
6.310000, 5.621245e+000,6.310000, 2.640846e+000,6.310000, 0.000000e+000,6.310000, 0.000000e+000,
6.320000, 5.630759e+000,6.320000, 2.620322e+000,6.320000, 0.000000e+000,6.320000, 0.000000e+000,
6.330000, 5.640273e+000,6.330000, 2.599799e+000,6.330000, 0.000000e+000,6.330000, 0.000000e+000,
6.340000, 5.649787e+000,6.340000, 2.579275e+000,6.340000, 0.000000e+000,6.340000, 0.000000e+000,
6.350000, 5.659301e+000,6.350000, 2.558751e+000,6.350000, 0.000000e+000,6.350000, 0.000000e+000,
6.360000, 5.668815e+000,6.360000, 2.538227e+000,6.360000, 0.000000e+000,6.360000, 0.000000e+000,
6.370000, 5.678329e+000,6.370000, 2.517704e+000,6.370000, 0.000000e+000,6.370000, 0.000000e+000,
6.380000, 5.687843e+000,6.380000, 2.497180e+000,6.380000, 0.000000e+000,6.380000, 0.000000e+000,
6.390000, 5.697357e+000,6.390000, 2.476656e+000,6.390000, 0.000000e+000,6.390000, 0.000000e+000,
6.400000, 5.706870e+000,6.400000, 2.456133e+000,6.400000, 0.000000e+000,6.400000, 0.000000e+000,
6.410000, 5.716384e+000,6.410000, 2.435609e+000,6.410000, 0.000000e+000,6.410000, 0.000000e+000,
6.420000, 5.725898e+000,6.420000, 2.415085e+000,6.420000, 0.000000e+000,6.420000, 0.000000e+000,
6.430000, 5.735412e+000,6.430000, 2.394562e+000,6.430000, 0.000000e+000,6.430000, 0.000000e+000,
6.440000, 5.744926e+000,6.440000, 2.374038e+000,6.440000, 0.000000e+000,6.440000, 0.000000e+000,
6.450000, 5.754440e+000,6.450000, 2.353514e+000,6.450000, 0.000000e+000,6.450000, 0.000000e+000,
6.460000, 5.763954e+000,6.460000, 2.332991e+000,6.460000, 0.000000e+000,6.460000, 0.000000e+000,
6.470000, 5.773468e+000,6.470000, 2.312467e+000,6.470000, 0.000000e+000,6.470000, 0.000000e+000,
6.480000, 5.782982e+000,6.480000, 2.291943e+000,6.480000, 0.000000e+000,6.480000, 0.000000e+000,
6.490000, 5.792496e+000,6.490000, 2.271420e+000,6.490000, 0.000000e+000,6.490000, 0.000000e+000,
6.500000, 5.802010e+000,6.500000, 2.250896e+000,6.500000, 0.000000e+000,6.500000, 0.000000e+000,
6.510000, 5.811524e+000,6.510000, 2.230372e+000,6.510000, 0.000000e+000,6.510000, 0.000000e+000,
6.520000, 5.821038e+000,6.520000, 2.209849e+000,6.520000, 0.000000e+000,6.520000, 0.000000e+000,
6.530000, 5.830552e+000,6.530000, 2.189325e+000,6.530000, 0.000000e+000,6.530000, 0.000000e+000,
6.540000, 5.840065e+000,6.540000, 2.168801e+000,6.540000, 0.000000e+000,6.540000, 0.000000e+000,
6.550000, 5.849579e+000,6.550000, 2.148278e+000,6.550000, 0.000000e+000,6.550000, 0.000000e+000,
6.560000, 5.859093e+000,6.560000, 2.127754e+000,6.560000, 0.000000e+000,6.560000, 0.000000e+000,
6.570000, 5.868607e+000,6.570000, 2.107230e+000,6.570000, 0.000000e+000,6.570000, 0.000000e+000,
6.580000, 5.878121e+000,6.580000, 2.086706e+000,6.580000, 0.000000e+000,6.580000, 0.000000e+000,
6.590000, 5.887635e+000,6.590000, 2.066183e+000,6.590000, 0.000000e+000,6.590000, 0.000000e+000,
6.600000, 5.897149e+000,6.600000, 2.045659e+000,6.600000, 0.000000e+000,6.600000, 0.000000e+000,
6.610000, 5.906663e+000,6.610000, 2.025135e+000,6.610000, 0.000000e+000,6.610000, 0.000000e+000,
6.620000, 5.916177e+000,6.620000, 2.004612e+000,6.620000, 0.000000e+000,6.620000, 0.000000e+000,
6.630000, 5.925691e+000,6.630000, 1.984088e+000,6.630000, 0.000000e+000,6.630000, 0.000000e+000,
6.640000, 5.935205e+000,6.640000, 1.963564e+000,6.640000, 0.000000e+000,6.640000, 0.000000e+000,
6.650000, 5.944719e+000,6.650000, 1.943041e+000,6.650000, 0.000000e+000,6.650000, 0.000000e+000,
6.660000, 5.954233e+000,6.660000, 1.922517e+000,6.660000, 0.000000e+000,6.660000, 0.000000e+000,
6.670000, 5.963747e+000,6.670000, 1.901993e+000,6.670000, 0.000000e+000,6.670000, 0.000000e+000,
6.680000, 5.973260e+000,6.680000, 1.881470e+000,6.680000, 0.000000e+000,6.680000, 0.000000e+000,
6.690000, 5.982774e+000,6.690000, 1.860946e+000,6.690000, 0.000000e+000,6.690000, 0.000000e+000,
6.700000, 5.992288e+000,6.700000, 1.840422e+000,6.700000, 0.000000e+000,6.700000, 0.000000e+000,
6.710000, 6.001802e+000,6.710000, 1.819899e+000,6.710000, 0.000000e+000,6.710000, 0.000000e+000,
6.720000, 6.011316e+000,6.720000, 1.799375e+000,6.720000, 0.000000e+000,6.720000, 0.000000e+000,
6.730000, 6.020599e+000,6.730000, 1.783012e+000,6.730000, 0.000000e+000,6.730000, 0.000000e+000,
6.740000, 6.029493e+000,6.740000, 1.773625e+000,6.740000, 0.000000e+000,6.740000, 0.000000e+000,
6.750000, 6.038387e+000,6.750000, 1.764237e+000,6.750000, 0.000000e+000,6.750000, 0.000000e+000,
6.760000, 6.047282e+000,6.760000, 1.754850e+000,6.760000, 0.000000e+000,6.760000, 0.000000e+000,
6.770000, 6.056176e+000,6.770000, 1.745462e+000,6.770000, 0.000000e+000,6.770000, 0.000000e+000,
6.780000, 6.065071e+000,6.780000, 1.736075e+000,6.780000, 0.000000e+000,6.780000, 0.000000e+000,
6.790000, 6.073965e+000,6.790000, 1.726687e+000,6.790000, 0.000000e+000,6.790000, 0.000000e+000,
6.800000, 6.082860e+000,6.800000, 1.717300e+000,6.800000, 0.000000e+000,6.800000, 0.000000e+000,
6.810000, 6.091754e+000,6.810000, 1.707912e+000,6.810000, 0.000000e+000,6.810000, 0.000000e+000,
6.820000, 6.100649e+000,6.820000, 1.698525e+000,6.820000, 0.000000e+000,6.820000, 0.000000e+000,
6.830000, 6.109543e+000,6.830000, 1.689138e+000,6.830000, 0.000000e+000,6.830000, 0.000000e+000,
6.840000, 6.118437e+000,6.840000, 1.679750e+000,6.840000, 0.000000e+000,6.840000, 0.000000e+000,
6.850000, 6.127332e+000,6.850000, 1.670363e+000,6.850000, 0.000000e+000,6.850000, 0.000000e+000,
6.860000, 6.136226e+000,6.860000, 1.660975e+000,6.860000, 0.000000e+000,6.860000, 0.000000e+000,
6.870000, 6.145121e+000,6.870000, 1.651588e+000,6.870000, 0.000000e+000,6.870000, 0.000000e+000,
6.880000, 6.154015e+000,6.880000, 1.642200e+000,6.880000, 0.000000e+000,6.880000, 0.000000e+000,
6.890000, 6.162910e+000,6.890000, 1.632813e+000,6.890000, 0.000000e+000,6.890000, 0.000000e+000,
6.900000, 6.171804e+000,6.900000, 1.623425e+000,6.900000, 0.000000e+000,6.900000, 0.000000e+000,
6.910000, 6.180698e+000,6.910000, 1.614038e+000,6.910000, 0.000000e+000,6.910000, 0.000000e+000,
6.920000, 6.189593e+000,6.920000, 1.604650e+000,6.920000, 0.000000e+000,6.920000, 0.000000e+000,
6.930000, 6.198487e+000,6.930000, 1.595263e+000,6.930000, 0.000000e+000,6.930000, 0.000000e+000,
6.940000, 6.207382e+000,6.940000, 1.585875e+000,6.940000, 0.000000e+000,6.940000, 0.000000e+000,
6.950000, 6.216276e+000,6.950000, 1.576488e+000,6.950000, 0.000000e+000,6.950000, 0.000000e+000,
6.960000, 6.225171e+000,6.960000, 1.567100e+000,6.960000, 0.000000e+000,6.960000, 0.000000e+000,
6.970000, 6.234065e+000,6.970000, 1.557713e+000,6.970000, 0.000000e+000,6.970000, 0.000000e+000,
6.980000, 6.242960e+000,6.980000, 1.548325e+000,6.980000, 0.000000e+000,6.980000, 0.000000e+000,
6.990000, 6.251854e+000,6.990000, 1.538938e+000,6.990000, 0.000000e+000,6.990000, 0.000000e+000,
7.000000, 6.260748e+000,7.000000, 1.529550e+000,7.000000, 0.000000e+000,7.000000, 0.000000e+000,
7.010000, 6.269643e+000,7.010000, 1.520163e+000,7.010000, 0.000000e+000,7.010000, 0.000000e+000,
7.020000, 6.278537e+000,7.020000, 1.510776e+000,7.020000, 0.000000e+000,7.020000, 0.000000e+000,
7.030000, 6.287432e+000,7.030000, 1.501388e+000,7.030000, 0.000000e+000,7.030000, 0.000000e+000,
7.040000, 6.296326e+000,7.040000, 1.492001e+000,7.040000, 0.000000e+000,7.040000, 0.000000e+000,
7.050000, 6.305221e+000,7.050000, 1.482613e+000,7.050000, 0.000000e+000,7.050000, 0.000000e+000,
7.060000, 6.314115e+000,7.060000, 1.473226e+000,7.060000, 0.000000e+000,7.060000, 0.000000e+000,
7.070000, 6.323010e+000,7.070000, 1.463838e+000,7.070000, 0.000000e+000,7.070000, 0.000000e+000,
7.080000, 6.331904e+000,7.080000, 1.454451e+000,7.080000, 0.000000e+000,7.080000, 0.000000e+000,
7.090000, 6.340798e+000,7.090000, 1.445063e+000,7.090000, 0.000000e+000,7.090000, 0.000000e+000,
7.100000, 6.349693e+000,7.100000, 1.435676e+000,7.100000, 0.000000e+000,7.100000, 0.000000e+000,
7.110000, 6.358587e+000,7.110000, 1.426288e+000,7.110000, 0.000000e+000,7.110000, 0.000000e+000,
7.120000, 6.367482e+000,7.120000, 1.416901e+000,7.120000, 0.000000e+000,7.120000, 0.000000e+000,
7.130000, 6.376376e+000,7.130000, 1.407513e+000,7.130000, 0.000000e+000,7.130000, 0.000000e+000,
7.140000, 6.385271e+000,7.140000, 1.398126e+000,7.140000, 0.000000e+000,7.140000, 0.000000e+000,
7.150000, 6.394165e+000,7.150000, 1.388738e+000,7.150000, 0.000000e+000,7.150000, 0.000000e+000,
7.160000, 6.403059e+000,7.160000, 1.379351e+000,7.160000, 0.000000e+000,7.160000, 0.000000e+000,
7.170000, 6.411954e+000,7.170000, 1.369963e+000,7.170000, 0.000000e+000,7.170000, 0.000000e+000,
7.180000, 6.420848e+000,7.180000, 1.360576e+000,7.180000, 0.000000e+000,7.180000, 0.000000e+000,
7.190000, 6.429743e+000,7.190000, 1.351188e+000,7.190000, 0.000000e+000,7.190000, 0.000000e+000,
7.200000, 6.438637e+000,7.200000, 1.341801e+000,7.200000, 0.000000e+000,7.200000, 0.000000e+000,
7.210000, 6.447532e+000,7.210000, 1.332414e+000,7.210000, 0.000000e+000,7.210000, 0.000000e+000,
7.220000, 6.456426e+000,7.220000, 1.323026e+000,7.220000, 0.000000e+000,7.220000, 0.000000e+000,
7.230000, 6.465321e+000,7.230000, 1.313639e+000,7.230000, 0.000000e+000,7.230000, 0.000000e+000,
7.240000, 6.474215e+000,7.240000, 1.304251e+000,7.240000, 0.000000e+000,7.240000, 0.000000e+000,
7.250000, 6.483109e+000,7.250000, 1.294864e+000,7.250000, 0.000000e+000,7.250000, 0.000000e+000,
7.260000, 6.492004e+000,7.260000, 1.285476e+000,7.260000, 0.000000e+000,7.260000, 0.000000e+000,
7.270000, 6.500898e+000,7.270000, 1.276089e+000,7.270000, 0.000000e+000,7.270000, 0.000000e+000,
7.280000, 6.509793e+000,7.280000, 1.266701e+000,7.280000, 0.000000e+000,7.280000, 0.000000e+000,
7.290000, 6.518687e+000,7.290000, 1.257314e+000,7.290000, 0.000000e+000,7.290000, 0.000000e+000,
7.300000, 6.527582e+000,7.300000, 1.247926e+000,7.300000, 0.000000e+000,7.300000, 0.000000e+000,
7.310000, 6.536476e+000,7.310000, 1.238539e+000,7.310000, 0.000000e+000,7.310000, 0.000000e+000,
7.320000, 6.545370e+000,7.320000, 1.229151e+000,7.320000, 0.000000e+000,7.320000, 0.000000e+000,
7.330000, 6.554265e+000,7.330000, 1.219764e+000,7.330000, 0.000000e+000,7.330000, 0.000000e+000,
7.340000, 6.563159e+000,7.340000, 1.210376e+000,7.340000, 0.000000e+000,7.340000, 0.000000e+000,
7.350000, 6.572054e+000,7.350000, 1.200989e+000,7.350000, 0.000000e+000,7.350000, 0.000000e+000,
7.360000, 6.580948e+000,7.360000, 1.191601e+000,7.360000, 0.000000e+000,7.360000, 0.000000e+000,
7.370000, 6.589843e+000,7.370000, 1.182214e+000,7.370000, 0.000000e+000,7.370000, 0.000000e+000,
7.380000, 6.598737e+000,7.380000, 1.172826e+000,7.380000, 0.000000e+000,7.380000, 0.000000e+000,
7.390000, 6.607632e+000,7.390000, 1.163439e+000,7.390000, 0.000000e+000,7.390000, 0.000000e+000,
7.400000, 6.616526e+000,7.400000, 1.154052e+000,7.400000, 0.000000e+000,7.400000, 0.000000e+000,
7.410000, 6.625420e+000,7.410000, 1.144664e+000,7.410000, 0.000000e+000,7.410000, 0.000000e+000,
7.420000, 6.634315e+000,7.420000, 1.135277e+000,7.420000, 0.000000e+000,7.420000, 0.000000e+000,
7.430000, 6.643209e+000,7.430000, 1.125889e+000,7.430000, 0.000000e+000,7.430000, 0.000000e+000,
7.440000, 6.652104e+000,7.440000, 1.116502e+000,7.440000, 0.000000e+000,7.440000, 0.000000e+000,
7.450000, 6.660998e+000,7.450000, 1.107114e+000,7.450000, 0.000000e+000,7.450000, 0.000000e+000,
7.460000, 6.669893e+000,7.460000, 1.097727e+000,7.460000, 0.000000e+000,7.460000, 0.000000e+000,
7.470000, 6.678787e+000,7.470000, 1.088339e+000,7.470000, 0.000000e+000,7.470000, 0.000000e+000,
7.480000, 6.687681e+000,7.480000, 1.078952e+000,7.480000, 0.000000e+000,7.480000, 0.000000e+000,
7.490000, 6.696576e+000,7.490000, 1.069564e+000,7.490000, 0.000000e+000,7.490000, 0.000000e+000,
7.500000, 6.705470e+000,7.500000, 1.060177e+000,7.500000, 0.000000e+000,7.500000, 0.000000e+000,
7.510000, 6.714365e+000,7.510000, 1.050789e+000,7.510000, 0.000000e+000,7.510000, 0.000000e+000,
7.520000, 6.723259e+000,7.520000, 1.041402e+000,7.520000, 0.000000e+000,7.520000, 0.000000e+000,
7.530000, 6.732154e+000,7.530000, 1.032014e+000,7.530000, 0.000000e+000,7.530000, 0.000000e+000,
7.540000, 6.741048e+000,7.540000, 1.022627e+000,7.540000, 0.000000e+000,7.540000, 0.000000e+000,
7.550000, 6.749943e+000,7.550000, 1.013239e+000,7.550000, 0.000000e+000,7.550000, 0.000000e+000,
7.560000, 6.758837e+000,7.560000, 1.003852e+000,7.560000, 0.000000e+000,7.560000, 0.000000e+000,
7.570000, 6.767731e+000,7.570000, 9.944645e-001,7.570000, 0.000000e+000,7.570000, 0.000000e+000,
7.580000, 6.776626e+000,7.580000, 9.850770e-001,7.580000, 0.000000e+000,7.580000, 0.000000e+000,
7.590000, 6.785520e+000,7.590000, 9.756896e-001,7.590000, 0.000000e+000,7.590000, 0.000000e+000,
7.600000, 6.794415e+000,7.600000, 9.663021e-001,7.600000, 0.000000e+000,7.600000, 0.000000e+000,
7.610000, 6.803309e+000,7.610000, 9.569146e-001,7.610000, 0.000000e+000,7.610000, 0.000000e+000,
7.620000, 6.812204e+000,7.620000, 9.475271e-001,7.620000, 0.000000e+000,7.620000, 0.000000e+000,
7.630000, 6.821098e+000,7.630000, 9.381397e-001,7.630000, 0.000000e+000,7.630000, 0.000000e+000,
7.640000, 6.829992e+000,7.640000, 9.287522e-001,7.640000, 0.000000e+000,7.640000, 0.000000e+000,
7.650000, 6.838887e+000,7.650000, 9.193647e-001,7.650000, 0.000000e+000,7.650000, 0.000000e+000,
7.660000, 6.847781e+000,7.660000, 9.099772e-001,7.660000, 0.000000e+000,7.660000, 0.000000e+000,
7.670000, 6.856676e+000,7.670000, 9.005898e-001,7.670000, 0.000000e+000,7.670000, 0.000000e+000,
7.680000, 6.865570e+000,7.680000, 8.912023e-001,7.680000, 0.000000e+000,7.680000, 0.000000e+000,
7.690000, 6.874465e+000,7.690000, 8.818148e-001,7.690000, 0.000000e+000,7.690000, 0.000000e+000,
7.700000, 6.883359e+000,7.700000, 8.724273e-001,7.700000, 0.000000e+000,7.700000, 0.000000e+000,
7.710000, 6.892254e+000,7.710000, 8.630399e-001,7.710000, 0.000000e+000,7.710000, 0.000000e+000,
7.720000, 6.901148e+000,7.720000, 8.536524e-001,7.720000, 0.000000e+000,7.720000, 0.000000e+000,
7.730000, 6.910042e+000,7.730000, 8.442649e-001,7.730000, 0.000000e+000,7.730000, 0.000000e+000,
7.740000, 6.918937e+000,7.740000, 8.348775e-001,7.740000, 0.000000e+000,7.740000, 0.000000e+000,
7.750000, 6.927831e+000,7.750000, 8.254900e-001,7.750000, 0.000000e+000,7.750000, 0.000000e+000,
7.760000, 6.936726e+000,7.760000, 8.161025e-001,7.760000, 0.000000e+000,7.760000, 0.000000e+000,
7.770000, 6.945620e+000,7.770000, 8.067150e-001,7.770000, 0.000000e+000,7.770000, 0.000000e+000,
7.780000, 6.954515e+000,7.780000, 7.973276e-001,7.780000, 0.000000e+000,7.780000, 0.000000e+000,
7.790000, 6.963409e+000,7.790000, 7.879401e-001,7.790000, 0.000000e+000,7.790000, 0.000000e+000,
7.800000, 6.972303e+000,7.800000, 7.785526e-001,7.800000, 0.000000e+000,7.800000, 0.000000e+000,
7.810000, 6.981198e+000,7.810000, 7.691651e-001,7.810000, 0.000000e+000,7.810000, 0.000000e+000,
7.820000, 6.990092e+000,7.820000, 7.597777e-001,7.820000, 0.000000e+000,7.820000, 0.000000e+000,
7.830000, 6.998987e+000,7.830000, 7.503902e-001,7.830000, 0.000000e+000,7.830000, 0.000000e+000,
7.840000, 7.007881e+000,7.840000, 7.410027e-001,7.840000, 0.000000e+000,7.840000, 0.000000e+000,
7.850000, 7.016776e+000,7.850000, 7.316153e-001,7.850000, 0.000000e+000,7.850000, 0.000000e+000,
7.860000, 7.025670e+000,7.860000, 7.222278e-001,7.860000, 0.000000e+000,7.860000, 0.000000e+000,
7.870000, 7.034565e+000,7.870000, 7.128403e-001,7.870000, 0.000000e+000,7.870000, 0.000000e+000,
7.880000, 7.043459e+000,7.880000, 7.034528e-001,7.880000, 0.000000e+000,7.880000, 0.000000e+000,
7.890000, 7.052353e+000,7.890000, 6.940654e-001,7.890000, 0.000000e+000,7.890000, 0.000000e+000,
7.900000, 7.061248e+000,7.900000, 6.846779e-001,7.900000, 0.000000e+000,7.900000, 0.000000e+000,
7.910000, 7.070142e+000,7.910000, 6.752904e-001,7.910000, 0.000000e+000,7.910000, 0.000000e+000,
7.920000, 7.079037e+000,7.920000, 6.659029e-001,7.920000, 0.000000e+000,7.920000, 0.000000e+000,
7.930000, 7.087931e+000,7.930000, 6.565155e-001,7.930000, 0.000000e+000,7.930000, 0.000000e+000,
7.940000, 7.096826e+000,7.940000, 6.471280e-001,7.940000, 0.000000e+000,7.940000, 0.000000e+000,
7.950000, 7.105720e+000,7.950000, 6.377405e-001,7.950000, 0.000000e+000,7.950000, 0.000000e+000,
7.960000, 7.114614e+000,7.960000, 6.283530e-001,7.960000, 0.000000e+000,7.960000, 0.000000e+000,
7.970000, 7.123509e+000,7.970000, 6.189656e-001,7.970000, 0.000000e+000,7.970000, 0.000000e+000,
7.980000, 7.132403e+000,7.980000, 6.095781e-001,7.980000, 0.000000e+000,7.980000, 0.000000e+000,
7.990000, 7.141298e+000,7.990000, 6.001906e-001,7.990000, 0.000000e+000,7.990000, 0.000000e+000,
8.000000, 7.150192e+000,8.000000, 5.908032e-001,8.000000, 0.000000e+000,8.000000, 0.000000e+000,
8.010000, 7.159087e+000,8.010000, 5.814157e-001,8.010000, 0.000000e+000,8.010000, 0.000000e+000,
8.020000, 7.167981e+000,8.020000, 5.720282e-001,8.020000, 0.000000e+000,8.020000, 0.000000e+000,
8.030000, 7.176876e+000,8.030000, 5.626407e-001,8.030000, 0.000000e+000,8.030000, 0.000000e+000,
8.040000, 7.185770e+000,8.040000, 5.532533e-001,8.040000, 0.000000e+000,8.040000, 0.000000e+000,
8.050000, 7.194664e+000,8.050000, 5.438658e-001,8.050000, 0.000000e+000,8.050000, 0.000000e+000,
8.060000, 7.203559e+000,8.060000, 5.344783e-001,8.060000, 0.000000e+000,8.060000, 0.000000e+000,
8.070000, 7.212453e+000,8.070000, 5.250908e-001,8.070000, 0.000000e+000,8.070000, 0.000000e+000,
8.080000, 7.221348e+000,8.080000, 5.157034e-001,8.080000, 0.000000e+000,8.080000, 0.000000e+000,
8.090000, 7.230242e+000,8.090000, 5.063159e-001,8.090000, 0.000000e+000,8.090000, 0.000000e+000,
8.100000, 7.239137e+000,8.100000, 4.969284e-001,8.100000, 0.000000e+000,8.100000, 0.000000e+000,
8.110000, 7.248031e+000,8.110000, 4.875410e-001,8.110000, 0.000000e+000,8.110000, 0.000000e+000,
8.120000, 7.256926e+000,8.120000, 4.781535e-001,8.120000, 0.000000e+000,8.120000, 0.000000e+000,
8.130000, 7.265820e+000,8.130000, 4.687660e-001,8.130000, 0.000000e+000,8.130000, 0.000000e+000,
8.140000, 7.274714e+000,8.140000, 4.593785e-001,8.140000, 0.000000e+000,8.140000, 0.000000e+000,
8.150000, 7.283609e+000,8.150000, 4.499911e-001,8.150000, 0.000000e+000,8.150000, 0.000000e+000,
8.160000, 7.292503e+000,8.160000, 4.406036e-001,8.160000, 0.000000e+000,8.160000, 0.000000e+000,
8.170000, 7.301398e+000,8.170000, 4.312161e-001,8.170000, 0.000000e+000,8.170000, 0.000000e+000,
8.180000, 7.310292e+000,8.180000, 4.218286e-001,8.180000, 0.000000e+000,8.180000, 0.000000e+000,
8.190000, 7.319187e+000,8.190000, 4.124412e-001,8.190000, 0.000000e+000,8.190000, 0.000000e+000,
8.200000, 7.328081e+000,8.200000, 4.030537e-001,8.200000, 0.000000e+000,8.200000, 0.000000e+000,
8.210000, 7.336975e+000,8.210000, 3.936662e-001,8.210000, 0.000000e+000,8.210000, 0.000000e+000,
8.220000, 7.345870e+000,8.220000, 3.842787e-001,8.220000, 0.000000e+000,8.220000, 0.000000e+000,
8.230000, 7.354764e+000,8.230000, 3.748913e-001,8.230000, 0.000000e+000,8.230000, 0.000000e+000,
8.240000, 7.363659e+000,8.240000, 3.655038e-001,8.240000, 0.000000e+000,8.240000, 0.000000e+000,
8.250000, 7.372553e+000,8.250000, 3.561163e-001,8.250000, 0.000000e+000,8.250000, 0.000000e+000,
8.260000, 7.381448e+000,8.260000, 3.467289e-001,8.260000, 0.000000e+000,8.260000, 0.000000e+000,
8.270000, 7.390342e+000,8.270000, 3.373414e-001,8.270000, 0.000000e+000,8.270000, 0.000000e+000,
8.280000, 7.399237e+000,8.280000, 3.279539e-001,8.280000, 0.000000e+000,8.280000, 0.000000e+000,
8.290000, 7.408131e+000,8.290000, 3.185664e-001,8.290000, 0.000000e+000,8.290000, 0.000000e+000,
8.300000, 7.417025e+000,8.300000, 3.091790e-001,8.300000, 0.000000e+000,8.300000, 0.000000e+000,
8.310000, 7.425920e+000,8.310000, 2.997915e-001,8.310000, 0.000000e+000,8.310000, 0.000000e+000,
8.320000, 7.434814e+000,8.320000, 2.904040e-001,8.320000, 0.000000e+000,8.320000, 0.000000e+000,
8.330000, 7.443709e+000,8.330000, 2.810165e-001,8.330000, 0.000000e+000,8.330000, 0.000000e+000,
8.340000, 7.452603e+000,8.340000, 2.716291e-001,8.340000, 0.000000e+000,8.340000, 0.000000e+000,
8.350000, 7.461498e+000,8.350000, 2.622416e-001,8.350000, 0.000000e+000,8.350000, 0.000000e+000,
8.360000, 7.470392e+000,8.360000, 2.528541e-001,8.360000, 0.000000e+000,8.360000, 0.000000e+000,
8.370000, 7.479286e+000,8.370000, 2.434667e-001,8.370000, 0.000000e+000,8.370000, 0.000000e+000,
8.380000, 7.488181e+000,8.380000, 2.340792e-001,8.380000, 0.000000e+000,8.380000, 0.000000e+000,
8.390000, 7.497075e+000,8.390000, 2.246917e-001,8.390000, 0.000000e+000,8.390000, 0.000000e+000,
8.400000, 7.505970e+000,8.400000, 2.153042e-001,8.400000, 0.000000e+000,8.400000, 0.000000e+000,
8.410000, 7.514864e+000,8.410000, 2.059168e-001,8.410000, 0.000000e+000,8.410000, 0.000000e+000,
8.420000, 7.523759e+000,8.420000, 1.965293e-001,8.420000, 0.000000e+000,8.420000, 0.000000e+000,
8.430000, 7.534723e+000,8.430000, 1.938798e-001,8.430000, 0.000000e+000,8.430000, 0.000000e+000,
8.440000, 7.545759e+000,8.440000, 1.914599e-001,8.440000, 0.000000e+000,8.440000, 0.000000e+000,
8.450000, 7.556794e+000,8.450000, 1.890399e-001,8.450000, 0.000000e+000,8.450000, 0.000000e+000,
8.460000, 7.567829e+000,8.460000, 1.866200e-001,8.460000, 0.000000e+000,8.460000, 0.000000e+000,
8.470000, 7.578864e+000,8.470000, 1.842000e-001,8.470000, 0.000000e+000,8.470000, 0.000000e+000,
8.480000, 7.589899e+000,8.480000, 1.817801e-001,8.480000, 0.000000e+000,8.480000, 0.000000e+000,
8.490000, 7.600935e+000,8.490000, 1.793602e-001,8.490000, 0.000000e+000,8.490000, 0.000000e+000,
8.500000, 7.611970e+000,8.500000, 1.769402e-001,8.500000, 0.000000e+000,8.500000, 0.000000e+000,
8.510000, 7.623005e+000,8.510000, 1.745203e-001,8.510000, 0.000000e+000,8.510000, 0.000000e+000,
8.520000, 7.634040e+000,8.520000, 1.721004e-001,8.520000, 0.000000e+000,8.520000, 0.000000e+000,
8.530000, 7.645075e+000,8.530000, 1.696804e-001,8.530000, 0.000000e+000,8.530000, 0.000000e+000,
8.540000, 7.656111e+000,8.540000, 1.672605e-001,8.540000, 0.000000e+000,8.540000, 0.000000e+000,
8.550000, 7.667146e+000,8.550000, 1.648406e-001,8.550000, 0.000000e+000,8.550000, 0.000000e+000,
8.560000, 7.678181e+000,8.560000, 1.624206e-001,8.560000, 0.000000e+000,8.560000, 0.000000e+000,
8.570000, 7.689216e+000,8.570000, 1.600007e-001,8.570000, 0.000000e+000,8.570000, 0.000000e+000,
8.580000, 7.700251e+000,8.580000, 1.575807e-001,8.580000, 0.000000e+000,8.580000, 0.000000e+000,
8.590000, 7.711287e+000,8.590000, 1.551608e-001,8.590000, 0.000000e+000,8.590000, 0.000000e+000,
8.600000, 7.722322e+000,8.600000, 1.527409e-001,8.600000, 0.000000e+000,8.600000, 0.000000e+000,
8.610000, 7.732595e+000,8.610000, 1.504968e-001,8.610000, 0.000000e+000,8.610000, 0.000000e+000,
8.620000, 7.741338e+000,8.620000, 1.486061e-001,8.620000, 0.000000e+000,8.620000, 0.000000e+000,
8.630000, 7.750081e+000,8.630000, 1.467153e-001,8.630000, 0.000000e+000,8.630000, 0.000000e+000,
8.640000, 7.758824e+000,8.640000, 1.448246e-001,8.640000, 0.000000e+000,8.640000, 0.000000e+000,
8.650000, 7.767567e+000,8.650000, 1.429338e-001,8.650000, 0.000000e+000,8.650000, 0.000000e+000,
8.660000, 7.776310e+000,8.660000, 1.410431e-001,8.660000, 0.000000e+000,8.660000, 0.000000e+000,
8.670000, 7.785053e+000,8.670000, 1.391523e-001,8.670000, 0.000000e+000,8.670000, 0.000000e+000,
8.680000, 7.793796e+000,8.680000, 1.372616e-001,8.680000, 0.000000e+000,8.680000, 0.000000e+000,
8.690000, 7.802539e+000,8.690000, 1.353708e-001,8.690000, 0.000000e+000,8.690000, 0.000000e+000,
8.700000, 7.811282e+000,8.700000, 1.334801e-001,8.700000, 0.000000e+000,8.700000, 0.000000e+000,
8.710000, 7.820025e+000,8.710000, 1.315893e-001,8.710000, 0.000000e+000,8.710000, 0.000000e+000,
8.720000, 7.828769e+000,8.720000, 1.296986e-001,8.720000, 0.000000e+000,8.720000, 0.000000e+000,
8.730000, 7.837512e+000,8.730000, 1.278078e-001,8.730000, 0.000000e+000,8.730000, 0.000000e+000,
8.740000, 7.846255e+000,8.740000, 1.259171e-001,8.740000, 0.000000e+000,8.740000, 0.000000e+000,
8.750000, 7.854998e+000,8.750000, 1.240263e-001,8.750000, 0.000000e+000,8.750000, 0.000000e+000,
8.760000, 7.863741e+000,8.760000, 1.221356e-001,8.760000, 0.000000e+000,8.760000, 0.000000e+000,
8.770000, 7.872484e+000,8.770000, 1.202448e-001,8.770000, 0.000000e+000,8.770000, 0.000000e+000,
8.780000, 7.881227e+000,8.780000, 1.183541e-001,8.780000, 0.000000e+000,8.780000, 0.000000e+000,
8.790000, 7.889970e+000,8.790000, 1.164634e-001,8.790000, 0.000000e+000,8.790000, 0.000000e+000,
8.800000, 7.898713e+000,8.800000, 1.145726e-001,8.800000, 0.000000e+000,8.800000, 0.000000e+000,
8.810000, 7.907456e+000,8.810000, 1.126819e-001,8.810000, 0.000000e+000,8.810000, 0.000000e+000,
8.820000, 7.914541e+000,8.820000, 1.111811e-001,8.820000, 0.000000e+000,8.820000, 0.000000e+000,
8.830000, 7.921298e+000,8.830000, 1.097578e-001,8.830000, 0.000000e+000,8.830000, 0.000000e+000,
8.840000, 7.928054e+000,8.840000, 1.083346e-001,8.840000, 0.000000e+000,8.840000, 0.000000e+000,
8.850000, 7.934810e+000,8.850000, 1.069113e-001,8.850000, 0.000000e+000,8.850000, 0.000000e+000,
8.860000, 7.941566e+000,8.860000, 1.054881e-001,8.860000, 0.000000e+000,8.860000, 0.000000e+000,
8.870000, 7.948322e+000,8.870000, 1.040648e-001,8.870000, 0.000000e+000,8.870000, 0.000000e+000,
8.880000, 7.955078e+000,8.880000, 1.026416e-001,8.880000, 0.000000e+000,8.880000, 0.000000e+000,
8.890000, 7.961834e+000,8.890000, 1.012183e-001,8.890000, 0.000000e+000,8.890000, 0.000000e+000,
8.900000, 7.968590e+000,8.900000, 9.979506e-002,8.900000, 0.000000e+000,8.900000, 0.000000e+000,
8.910000, 7.975347e+000,8.910000, 9.837181e-002,8.910000, 0.000000e+000,8.910000, 0.000000e+000,
8.920000, 7.982103e+000,8.920000, 9.694856e-002,8.920000, 0.000000e+000,8.920000, 0.000000e+000,
8.930000, 7.988859e+000,8.930000, 9.552531e-002,8.930000, 0.000000e+000,8.930000, 0.000000e+000,
8.940000, 7.995615e+000,8.940000, 9.410206e-002,8.940000, 0.000000e+000,8.940000, 0.000000e+000,
8.950000, 8.002371e+000,8.950000, 9.267881e-002,8.950000, 0.000000e+000,8.950000, 0.000000e+000,
8.960000, 8.009127e+000,8.960000, 9.125556e-002,8.960000, 0.000000e+000,8.960000, 0.000000e+000,
8.970000, 8.015883e+000,8.970000, 8.983231e-002,8.970000, 0.000000e+000,8.970000, 0.000000e+000,
8.980000, 8.022639e+000,8.980000, 8.840906e-002,8.980000, 0.000000e+000,8.980000, 0.000000e+000,
8.990000, 8.029396e+000,8.990000, 8.698580e-002,8.990000, 0.000000e+000,8.990000, 0.000000e+000,
9.000000, 8.036152e+000,9.000000, 8.556255e-002,9.000000, 0.000000e+000,9.000000, 0.000000e+000,
9.010000, 8.042908e+000,9.010000, 8.413930e-002,9.010000, 0.000000e+000,9.010000, 0.000000e+000,
9.020000, 8.049664e+000,9.020000, 8.271605e-002,9.020000, 0.000000e+000,9.020000, 0.000000e+000,
9.030000, 8.056420e+000,9.030000, 8.129280e-002,9.030000, 0.000000e+000,9.030000, 0.000000e+000,
